version https://git-lfs.github.com/spec/v1
oid sha256:015cdd1837e99540779ca993749267b784fd2544d8b823a4811e759501911fa5
size 92
