version https://git-lfs.github.com/spec/v1
oid sha256:66f25d7a36a6f27f736e3757a07c3812d693533aacc1df84e6cc6cc15cdd1ed2
size 88
