version https://git-lfs.github.com/spec/v1
oid sha256:005038564970008333f4aed30aeddbd48523ff1a1d7772930e0d8ac9edfb73ab
size 60
