version https://git-lfs.github.com/spec/v1
oid sha256:b1be18d2286f9216c96852e4c2414d19e830f4a890fa06bc76221810ad8fa145
size 606
