version https://git-lfs.github.com/spec/v1
oid sha256:f857d9d43501409a6d1284ad17c31af72d4ecf0e90dc9a38cee1bb22e6812798
size 305
