version https://git-lfs.github.com/spec/v1
oid sha256:5d14549ecb8d26fa68885d1946212f0d76a4dab4c1be7a38e4b580404b27aea8
size 154
