version https://git-lfs.github.com/spec/v1
oid sha256:f8f7da0825b253bb497fde12793cf3491670befae53d0e6f0aa3487d8a3f53e8
size 137
