version https://git-lfs.github.com/spec/v1
oid sha256:e802959eb4da1ef41eba26694ed9de61e6d367180c5811e879af4ca586f463f2
size 4032
