version https://git-lfs.github.com/spec/v1
oid sha256:1a286c6a4c60d86d3fe5ddaea08f86a608a495002b88c433e8c7dcc7798d0131
size 310
