version https://git-lfs.github.com/spec/v1
oid sha256:a28cc951a7b444f0c122d0ce92f678923daeef6fc57017608e92cff0ec501c9c
size 75
