version https://git-lfs.github.com/spec/v1
oid sha256:80274590e87c7708a37e0ba705b892431cf84d662c767261c7e973abbddffd3d
size 1397
