version https://git-lfs.github.com/spec/v1
oid sha256:0993fb198ce268c6461f41f4bbd03e9852d465f004810eee5ab5da36b44d0ce5
size 223
