version https://git-lfs.github.com/spec/v1
oid sha256:26b60ee6f9f14a5dd0e3c20d55a101fc088ae1ff089ad014c6b3c36158a33b03
size 163
