version https://git-lfs.github.com/spec/v1
oid sha256:52047f680c34772c256753694c5fc367992dcb7eac144466188772c8864240dd
size 78
