version https://git-lfs.github.com/spec/v1
oid sha256:364bee45e702c79c47277bed966fe473e2e72ac1b86c0db99294e035f79fcfe3
size 194
