version https://git-lfs.github.com/spec/v1
oid sha256:354aa88b5c1e43301f4d210ee9190ebea8caa1275e62b503e9067594daab79af
size 93
