version https://git-lfs.github.com/spec/v1
oid sha256:e3d38fd27ebca13e441a9426a854b6f5802e25fb39f79fb8af2b62ff0a357df2
size 49
