,PUMA,AGEP,SEX,MSP,HISP,RAC1P,NOC,NPF,HOUSING_TYPE,OWN_RENT,DENSITY,INDP_CAT,EDU,PINCP_DECILE,DVET,DREM,DPHY,DEYE,DEAR
PUMA,1.6542323066914832e-14,-0.04470234870876165,0.0742109693867645,-0.04282782007458186,0.05554324014820414,0.11172956541723458,0.18351810142719052,0.1925648149293107,-0.22956718023684552,0.2383784701288534,0.1242280586534193,-0.12380918805164433,-0.07020448419451102,0.002389731484871405,0.05424974495544886,-0.214984132634621,-0.19430441217789052,-0.117750942650143,-0.09783695910540022
AGEP,-0.04470234870876165,5.773159728050814e-15,-0.1987032313924878,-0.026420598886927216,-0.07383437873026859,-0.008118250972645846,0.024551173532642023,-0.024680369028266536,0.20664050220299288,-0.0760324636460731,0.02451099776811696,-0.11654404493952171,-0.09543819781112889,-0.1495724683280535,0.050750577852305453,0.02894049481294414,0.022657017231937304,0.02555311456222238,-0.02444426292397789
SEX,0.0742109693867645,-0.1987032313924878,0.0,-0.0108314254065566,0.11742418238300323,0.12614767216553005,0.1536393610021687,0.14658300432264512,-0.10232274859384699,0.0922398121922022,0.08406000206515346,-0.14721062683753178,-0.1855686494470864,-0.12154699955113943,-0.03327246646992463,-0.14310219824427978,-0.088857558058002,0.051959230348881155,0.07195342158401621
MSP,-0.04282782007458186,-0.026420598886927216,-0.0108314254065566,-2.220446049250313e-16,0.3189876532966331,0.2779769104619156,0.06145149678566214,0.13975132672902946,-0.08279165103198402,0.08001645390612554,0.20539400321154927,-0.06221402893951866,-0.11489545359662376,-0.1476638849507426,0.010984059893849943,0.002320661389914158,-0.02647742788902213,0.01984695950413713,0.09438139031072304
HISP,0.05554324014820414,-0.07383437873026859,0.11742418238300323,0.3189876532966331,0.0,0.2517625977103872,0.09378957903387768,0.13391202180553577,-0.21382896205134716,0.23592940302819093,0.12311999795413597,-0.004695576168118578,0.020416984050116604,-0.08010367180363975,-0.044411091599720516,-0.024969550536422726,-0.0037308593521535264,0.0009159940496430152,0.055603804066248125
RAC1P,0.11172956541723458,-0.008118250972645846,0.12614767216553005,0.2779769104619156,0.2517625977103872,-3.3306690738754696e-16,0.08577392111143368,0.13327521860016642,-0.2530347047679603,0.21751218887596319,0.16814426420731882,0.03726620392873548,0.008123280769480337,-0.047439522256119776,-0.04772411040614677,0.03934727816303105,0.06710435333501931,-0.013734603682161969,0.053490477081260965
NOC,0.18351810142719052,0.024551173532642023,0.1536393610021687,0.06145149678566214,0.09378957903387768,0.08577392111143368,0.0,0.02972600345214582,-0.11941222377465976,0.10686855284027547,-0.007360121131611663,0.02293726379967409,0.042868095301008324,-0.011613383752877904,-0.06590000120568361,-0.15071426293869544,-0.03372399916536567,-0.01898833623149452,-0.02162114890161971
NPF,0.1925648149293107,-0.024680369028266536,0.14658300432264512,0.13975132672902946,0.13391202180553577,0.13327521860016642,0.02972600345214582,-1.1102230246251565e-15,-0.19387082396609345,0.2716875558684481,0.0667791220409539,-0.0074554824892057725,0.069767048485322,0.005435968898147903,-0.05404444770155467,-0.11206728048382933,0.007900838289092937,-0.005139312676080043,-0.04610855574763736
HOUSING_TYPE,-0.22956718023684552,0.20664050220299288,-0.10232274859384699,-0.08279165103198402,-0.21382896205134716,-0.2530347047679603,-0.11941222377465976,-0.19387082396609345,-2.220446049250313e-15,-0.09275812553345886,-0.1697592983018091,0.03326307510464593,-0.08661162813655893,0.04704959767617954,0.008681835096155322,0.10858816403560656,-0.047980071225104566,0.027339305911775257,0.0545037755418193
OWN_RENT,0.2383784701288534,-0.0760324636460731,0.0922398121922022,0.08001645390612554,0.23592940302819093,0.21751218887596319,0.10686855284027547,0.2716875558684481,-0.09275812553345886,-2.220446049250313e-16,0.08553649160317034,0.006436088356541185,0.115803661583985,0.02322192826874147,0.020446397365290782,-0.0748107093366096,0.056759008246531566,-0.03068949476539521,-0.014126727975604677
DENSITY,0.1242280586534193,0.02451099776811696,0.08406000206515346,0.20539400321154927,0.12311999795413597,0.16814426420731882,-0.007360121131611663,0.0667791220409539,-0.1697592983018091,0.08553649160317034,-4.440892098500626e-16,0.04382036788982257,0.01836511046044536,-0.033291328302552894,-0.051801105285910705,0.15129813021096092,0.1469072056479342,0.086156031720775,0.08695911483185054
INDP_CAT,-0.12380918805164433,-0.11654404493952171,-0.14721062683753178,-0.06221402893951866,-0.004695576168118578,0.03726620392873548,0.02293726379967409,-0.0074554824892057725,0.03326307510464593,0.006436088356541185,0.04382036788982257,0.0,-0.1132153516070562,-0.14086687009568855,0.01575218491530469,-0.029062990406171774,-0.00891731135435897,0.01338159247296191,0.02552030054893456
EDU,-0.07020448419451102,-0.09543819781112889,-0.1855686494470864,-0.11489545359662376,0.020416984050116604,0.008123280769480337,0.042868095301008324,0.069767048485322,-0.08661162813655893,0.115803661583985,0.01836511046044536,-0.1132153516070562,0.0,-0.12018961963224828,0.0396095544448524,-0.035102538567444774,-0.01321143459355445,-0.029749599395962972,-0.07087487758342209
PINCP_DECILE,0.002389731484871405,-0.1495724683280535,-0.12154699955113943,-0.1476638849507426,-0.08010367180363975,-0.047439522256119776,-0.011613383752877904,0.005435968898147903,0.04704959767617954,0.02322192826874147,-0.033291328302552894,-0.14086687009568855,-0.12018961963224828,-3.3306690738754696e-16,0.06044446796579171,-0.005116807061644357,0.0013746112890238305,-0.059612922066113856,-0.10119532816751799
DVET,0.05424974495544886,0.050750577852305453,-0.03327246646992463,0.010984059893849943,-0.044411091599720516,-0.04772411040614677,-0.06590000120568361,-0.05404444770155467,0.008681835096155322,0.020446397365290782,-0.051801105285910705,0.01575218491530469,0.0396095544448524,0.06044446796579171,0.0,-0.03497766602891235,-0.024706390895547096,-0.32969802965611295,-0.127870350028376
DREM,-0.214984132634621,0.02894049481294414,-0.14310219824427978,0.002320661389914158,-0.024969550536422726,0.03934727816303105,-0.15071426293869544,-0.11206728048382933,0.10858816403560656,-0.0748107093366096,0.15129813021096092,-0.029062990406171774,-0.035102538567444774,-0.005116807061644357,-0.03497766602891235,-7.771561172376096e-16,-0.1813509228187542,0.02235637262686593,-0.024444416061734028
DPHY,-0.19430441217789052,0.022657017231937304,-0.088857558058002,-0.02647742788902213,-0.0037308593521535264,0.06710435333501931,-0.03372399916536567,0.007900838289092937,-0.047980071225104566,0.056759008246531566,0.1469072056479342,-0.00891731135435897,-0.01321143459355445,0.0013746112890238305,-0.024706390895547096,-0.1813509228187542,3.3306690738754696e-16,0.010204079390184258,-0.008658222659945064
DEYE,-0.117750942650143,0.02555311456222238,0.051959230348881155,0.01984695950413713,0.0009159940496430152,-0.013734603682161969,-0.01898833623149452,-0.005139312676080043,0.027339305911775257,-0.03068949476539521,0.086156031720775,0.01338159247296191,-0.029749599395962972,-0.059612922066113856,-0.32969802965611295,0.02235637262686593,0.010204079390184258,-5.551115123125783e-16,-0.07907107488139531
DEAR,-0.09783695910540022,-0.02444426292397789,0.07195342158401621,0.09438139031072304,0.055603804066248125,0.053490477081260965,-0.02162114890161971,-0.04610855574763736,0.0545037755418193,-0.014126727975604677,0.08695911483185054,0.02552030054893456,-0.07087487758342209,-0.10119532816751799,-0.127870350028376,-0.024444416061734028,-0.008658222659945064,-0.07907107488139531,2.220446049250313e-15
