version https://git-lfs.github.com/spec/v1
oid sha256:5853d2c8607117220078ff1619ed992ca6cd9bf642264c46a618eab58a4ac720
size 2557
