version https://git-lfs.github.com/spec/v1
oid sha256:d5a254e6a702b63dc0509b7d11775e55639d360c42fd5e03f4af797d9648f010
size 190
