version https://git-lfs.github.com/spec/v1
oid sha256:4f0c168f1377cab627664fe5c5a5ee384e97f8f35a118b89e98ac319519ae9f4
size 274
