version https://git-lfs.github.com/spec/v1
oid sha256:24f91c3b2a401b82b398f956656255c321a4a8cbc55dc645445f3c3ec4dc8d6d
size 3703
