,DENSITY,DPHY,DREM,PINCP_DECILE,HISP,HOUSING_TYPE,DVET,EDU,MSP,PUMA,DEAR,RAC1P,SEX,INDP_CAT,DEYE,OWN_RENT,AGEP
DENSITY,-8.548717289613705e-15,-0.024664902842265926,-0.025923031050987776,-0.041857880320029454,0.025055708437656005,-0.013584217994798364,0.01365418808839745,-0.05371963038899782,-0.06363392571092831,2.6645352591003757e-15,0.0018703233768058922,0.051863141102292225,-0.05431844149555866,0.007241952173588671,-0.012540962615790303,0.005393453709824875,-0.055919262937945066
DPHY,-0.024664902842265926,-1.1102230246251565e-14,-0.008426131100403023,0.011907802069319628,-0.021116068166657738,0.011651263254161208,-0.030713027785279946,0.0087007566490781,0.006479370255118078,0.02466490284226576,-0.019588105069561296,-0.007074352210291476,-0.02524394948453208,0.0136830047016962,0.017565597084188707,0.024552195690649186,0.004156299394888374
DREM,-0.025923031050987776,-0.008426131100403023,-4.551914400963142e-15,0.022628546325377474,-0.024140369727568955,0.03668121616315049,-0.010405688389020867,0.009119593988765051,-0.0027562496723706476,0.025923031050987633,-0.018892866878762328,-0.001720495200649843,-0.03314669699323952,0.017627890844087113,0.00650057462179451,0.0035292719950547648,0.008172157966594984
PINCP_DECILE,-0.041857880320029454,0.011907802069319628,0.022628546325377474,0.0,0.022747987069516834,0.005196395445834029,-0.041710767912157345,0.01889042987320544,0.05837110990557251,0.041857880320029364,0.008118160115268586,-0.030192365108173108,0.03216721984568793,0.051885007639549174,-0.02768459551508633,0.014349620086525716,0.012117743029976591
HISP,0.025055708437656005,-0.021116068166657738,-0.024140369727568955,0.022747987069516834,-1.887379141862766e-15,-0.02067760307249947,0.0039202914967283176,0.004140865390612425,-0.035432402028847704,-0.02505570843765609,0.002938002627640837,-0.030789946577793964,-0.04415277699468247,0.02363995301852783,0.058872898042740804,-0.045790529860599075,-0.011974278375421338
HOUSING_TYPE,-0.013584217994798364,0.011651263254161208,0.03668121616315049,0.005196395445834029,-0.02067760307249947,1.9984014443252818e-14,0.04762377546743494,-0.013962376314246197,0.05190992487264942,0.013584217994798281,-0.015112256301340388,-0.02280114799144707,0.005425856332055716,-0.0037223233661205814,-0.05466031029384221,-0.03677128851647249,-0.03204894946089399
DVET,0.01365418808839745,-0.030713027785279946,-0.010405688389020867,-0.041710767912157345,0.0039202914967283176,0.04762377546743494,0.0,-0.06193308585138838,0.014286598983049488,-0.01365418808839744,0.09961306993916565,-0.003139027498740947,0.003090014337351926,-0.017141000329018094,0.0275069595063384,-0.04563712155432721,-0.015519786387002077
EDU,-0.05371963038899782,0.0087007566490781,0.009119593988765051,0.01889042987320544,0.004140865390612425,-0.013962376314246197,-0.06193308585138838,-5.551115123125783e-16,0.044621420350250185,0.05371963038899776,-0.0002300171590797137,-0.00824541931652413,-0.008966774669067437,0.03406081211098333,-0.01956022910320219,0.024310023952508118,0.014980308917763807
MSP,-0.06363392571092831,0.006479370255118078,-0.0027562496723706476,0.05837110990557251,-0.035432402028847704,0.05190992487264942,0.014286598983049488,0.044621420350250185,-1.887379141862766e-15,0.06363392571092806,-0.013494397078444544,0.0023462607640669826,-0.030554747917622995,0.06574067221734808,-0.00521763471162201,-0.05997846983688211,0.04353358379009334
PUMA,2.6645352591003757e-15,0.02466490284226576,0.025923031050987633,0.041857880320029364,-0.02505570843765609,0.013584217994798281,-0.01365418808839744,0.05371963038899776,0.06363392571092806,0.0,-0.001870323376805795,-0.05186314110229237,0.05431844149555877,-0.007241952173588771,0.012540962615790373,-0.005393453709824872,0.05591926293794479
DEAR,0.0018703233768058922,-0.019588105069561296,-0.018892866878762328,0.008118160115268586,0.002938002627640837,-0.015112256301340388,0.09961306993916565,-0.0002300171590797137,-0.013494397078444544,-0.001870323376805795,1.3322676295501878e-14,-0.009254158358213754,0.037352813962630085,-0.026581175503029277,-0.04777176402040928,-0.01678753181581713,0.06093975245710287
RAC1P,0.051863141102292225,-0.007074352210291476,-0.001720495200649843,-0.030192365108173108,-0.030789946577793964,-0.02280114799144707,-0.003139027498740947,-0.00824541931652413,0.0023462607640669826,-0.05186314110229237,-0.009254158358213754,1.1102230246251565e-16,-0.009273638389365301,0.01645782463491929,0.0033143705818677177,0.006081121738485073,0.009222922686335691
SEX,-0.05431844149555866,-0.02524394948453208,-0.03314669699323952,0.03216721984568793,-0.04415277699468247,0.005425856332055716,0.003090014337351926,-0.008966774669067437,-0.030554747917622995,0.05431844149555877,0.037352813962630085,-0.009273638389365301,-1.021405182655144e-14,-0.006149825070793868,0.0059942666786069985,-0.03552092393106289,-0.030045000139175257
INDP_CAT,0.007241952173588671,0.0136830047016962,0.017627890844087113,0.051885007639549174,0.02363995301852783,-0.0037223233661205814,-0.017141000329018094,0.03406081211098333,0.06574067221734808,-0.007241952173588771,-0.026581175503029277,0.01645782463491929,-0.006149825070793868,-4.107825191113079e-15,0.004082601773915284,-0.01909720760423956,0.08224525179802267
DEYE,-0.012540962615790303,0.017565597084188707,0.00650057462179451,-0.02768459551508633,0.058872898042740804,-0.05466031029384221,0.0275069595063384,-0.01956022910320219,-0.00521763471162201,0.012540962615790373,-0.04777176402040928,0.0033143705818677177,0.0059942666786069985,0.004082601773915284,4.3298697960381105e-15,0.046822292819572,-0.001983900965128141
OWN_RENT,0.005393453709824875,0.024552195690649186,0.0035292719950547648,0.014349620086525716,-0.045790529860599075,-0.03677128851647249,-0.04563712155432721,0.024310023952508118,-0.05997846983688211,-0.005393453709824872,-0.01678753181581713,0.006081121738485073,-0.03552092393106289,-0.01909720760423956,0.046822292819572,-1.176836406102666e-14,0.06550547893545991
AGEP,-0.055919262937945066,0.004156299394888374,0.008172157966594984,0.012117743029976591,-0.011974278375421338,-0.03204894946089399,-0.015519786387002077,0.014980308917763807,0.04353358379009334,0.05591926293794479,0.06093975245710287,0.009222922686335691,-0.030045000139175257,0.08224525179802267,-0.001983900965128141,0.06550547893545991,-6.661338147750939e-16
