,HISP,PUMA,PINCP_DECILE,MSP,DENSITY,OWN_RENT,DREM,SEX,NPF,HOUSING_TYPE,RAC1P,INDP_CAT,DVET,NOC,EDU,DEYE,DEAR,DPHY,AGEP
HISP,-1.199040866595169e-14,-0.25070619811300765,0.08632650440321185,0.05316730630085403,-0.318505632557167,-0.09562569171662366,0.0269861648593962,-0.018319328740313175,-0.14971785929265616,0.029382955881034845,0.12491057381590387,-0.008237426656327929,0.06558789830536238,-0.08276779831359418,0.16658326768940235,0.027108746258436525,-0.08560647121712711,0.02237229197578918,0.06192725171626103
PUMA,-0.25070619811300765,0.0,0.044628612536427734,0.01227239086565217,0.004696780180483362,0.028568920439125095,0.034868018413334076,0.03944144505060168,-0.060012318677463046,-0.06874667908151978,-0.10276684975941494,-0.0507788025989018,0.04457009138448122,-0.03656883496425144,0.0399932899403182,0.007043753153248601,-0.0011508105571038617,0.050933234225784635,0.0027547172479097937
PINCP_DECILE,0.08632650440321185,0.044628612536427734,0.0,0.06788074566051255,0.1124775689164296,0.03174985835748326,0.02824070319826727,0.01460784660778766,0.06605411216914159,-0.05607550112924141,0.07559830854575939,0.020371353634675016,-0.029044033367298133,0.26687032823361123,-0.06684312639493661,0.01751979686742137,0.040259007811265665,0.02566928224021714,0.04388474803880332
MSP,0.05316730630085403,0.01227239086565217,0.06788074566051255,3.219646771412954e-15,-0.02789687298882933,-0.027045166048307256,0.07548444661950804,0.012737992487614723,0.03601438787103184,-0.039787145071719154,0.02140228910793162,0.04860923347457369,0.03339389873030827,0.29364224724721744,0.041201517673937926,0.03941004742278775,0.007513229873209911,0.06758389325256514,0.06615358450041137
DENSITY,-0.318505632557167,0.004696780180483362,0.1124775689164296,-0.02789687298882933,-3.885780586188048e-15,0.030968436478949535,-0.01785010445630368,-0.016210449412624242,0.007071330141551722,-0.07450130818276554,-0.013840175089713275,-0.016229540870721815,0.011902787154257466,0.03913331024167337,0.03338394467963718,0.032010932121199265,-0.04915485875574576,0.014448927161326668,-0.031427733362991275
OWN_RENT,-0.09562569171662366,0.028568920439125095,0.03174985835748326,-0.027045166048307256,0.030968436478949535,0.0,-0.03446323235137971,-0.07675990816985365,0.12525437043084992,-0.05024033380617354,-0.028108178418518523,-0.024849541901837444,0.01612123735493178,-0.0015651596507608723,0.016089937736740056,0.01992507958547359,0.012919350105144233,-0.0009125407321920048,-0.005762869322099684
DREM,0.0269861648593962,0.034868018413334076,0.02824070319826727,0.07548444661950804,-0.01785010445630368,-0.03446323235137971,3.552713678800501e-15,-0.018915224584884618,-0.035599318402268765,0.023407313985727818,0.012845644986531481,0.0013056093718274986,0.01647762027981966,0.29287761382596034,0.06867709043645093,0.0029767735200237726,-0.025785150355228364,-0.004112300183390594,0.09598724183064683
SEX,-0.018319328740313175,0.03944144505060168,0.01460784660778766,0.012737992487614723,-0.016210449412624242,-0.07675990816985365,-0.018915224584884618,0.0,-0.01921868167306178,0.07818873942022701,-0.003601200122253491,-0.05397313869890415,0.07230418969660803,-0.03150693127365309,-0.05987097665107909,-0.019977201774825582,-0.004140489019713861,0.017369685854610885,-0.088649170479073
NPF,-0.14971785929265616,-0.060012318677463046,0.06605411216914159,0.03601438787103184,0.007071330141551722,0.12525437043084992,-0.035599318402268765,-0.01921868167306178,-7.438494264988549e-15,-0.06439625026257079,-0.09597814264731655,-0.025741946558135054,0.0012128460961561977,-0.030017077031407657,0.06174101124773662,-0.05192152483595512,-0.07516784805736168,-0.06375015466502876,0.09374939643154309
HOUSING_TYPE,0.029382955881034845,-0.06874667908151978,-0.05607550112924141,-0.039787145071719154,-0.07450130818276554,-0.05024033380617354,0.023407313985727818,0.07818873942022701,-0.06439625026257079,-9.2148511043888e-15,-0.015115891062933547,0.021510537715252787,0.0466714664580952,-0.041568314094387326,-0.020735473424276427,-0.01514982361565227,-0.02110473288573019,-0.00524752468470923,0.05311815371037526
RAC1P,0.12491057381590387,-0.10276684975941494,0.07559830854575939,0.02140228910793162,-0.013840175089713275,-0.028108178418518523,0.012845644986531481,-0.003601200122253491,-0.09597814264731655,-0.015115891062933547,-1.354472090042691e-14,-0.002669054899060483,0.030958344245240122,-0.0661473679061962,0.08168061144305794,0.018832326126822913,-0.061363110521532066,0.02099413341914798,0.08463536705092571
INDP_CAT,-0.008237426656327929,-0.0507788025989018,0.020371353634675016,0.04860923347457369,-0.016229540870721815,-0.024849541901837444,0.0013056093718274986,-0.05397313869890415,-0.025741946558135054,0.021510537715252787,-0.002669054899060483,-1.2212453270876722e-15,0.009935977002529014,0.17367312877115493,-0.035053793340306616,-0.03080941183997824,-0.055682240154545266,-0.0019529231675228798,0.06677378935394278
DVET,0.06558789830536238,0.04457009138448122,-0.029044033367298133,0.03339389873030827,0.011902787154257466,0.01612123735493178,0.01647762027981966,0.07230418969660803,0.0012128460961561977,0.0466714664580952,0.030958344245240122,0.009935977002529014,-1.1324274851176597e-14,0.018424761257279383,-0.0031121370726087394,-0.010366925315247376,0.0311989209178749,-0.006117203175151532,-0.0687442747629872
NOC,-0.08276779831359418,-0.03656883496425144,0.26687032823361123,0.29364224724721744,0.03913331024167337,-0.0015651596507608723,0.29287761382596034,-0.03150693127365309,-0.030017077031407657,-0.041568314094387326,-0.0661473679061962,0.17367312877115493,0.018424761257279383,-1.354472090042691e-14,0.2852924226513128,-0.054106492617686616,-0.06446888007324565,0.27177862685928933,0.29411909030044153
EDU,0.16658326768940235,0.0399932899403182,-0.06684312639493661,0.041201517673937926,0.03338394467963718,0.016089937736740056,0.06867709043645093,-0.05987097665107909,0.06174101124773662,-0.020735473424276427,0.08168061144305794,-0.035053793340306616,-0.0031121370726087394,0.2852924226513128,1.3433698597964394e-14,0.009518557024466651,0.01758854615795554,0.07162913571522822,0.07366932223581618
DEYE,0.027108746258436525,0.007043753153248601,0.01751979686742137,0.03941004742278775,0.032010932121199265,0.01992507958547359,0.0029767735200237726,-0.019977201774825582,-0.05192152483595512,-0.01514982361565227,0.018832326126822913,-0.03080941183997824,-0.010366925315247376,-0.054106492617686616,0.009518557024466651,-7.327471962526033e-15,-0.22615161839126202,0.06797577563086973,0.12653836951735464
DEAR,-0.08560647121712711,-0.0011508105571038617,0.040259007811265665,0.007513229873209911,-0.04915485875574576,0.012919350105144233,-0.025785150355228364,-0.004140489019713861,-0.07516784805736168,-0.02110473288573019,-0.061363110521532066,-0.055682240154545266,0.0311989209178749,-0.06446888007324565,0.01758854615795554,-0.22615161839126202,0.0,-0.039861782175937374,0.19623767122913544
DPHY,0.02237229197578918,0.050933234225784635,0.02566928224021714,0.06758389325256514,0.014448927161326668,-0.0009125407321920048,-0.004112300183390594,0.017369685854610885,-0.06375015466502876,-0.00524752468470923,0.02099413341914798,-0.0019529231675228798,-0.006117203175151532,0.27177862685928933,0.07162913571522822,0.06797577563086973,-0.039861782175937374,-4.218847493575595e-15,0.12101207993442151
AGEP,0.06192725171626103,0.0027547172479097937,0.04388474803880332,0.06615358450041137,-0.031427733362991275,-0.005762869322099684,0.09598724183064683,-0.088649170479073,0.09374939643154309,0.05311815371037526,0.08463536705092571,0.06677378935394278,-0.0687442747629872,0.29411909030044153,0.07366932223581618,0.12653836951735464,0.19623767122913544,0.12101207993442151,-1.4432899320127035e-15
