version https://git-lfs.github.com/spec/v1
oid sha256:725219e58e7c2be4115d0bcfb4a3ff860613d7aedf95e5ae293f5af402e9914c
size 191
