version https://git-lfs.github.com/spec/v1
oid sha256:e43f78e83fd8b4879363b45eada1ec6aad00f9667859c196d0d4954c57e3a1fc
size 755
