SEX,MSP,RAC1P,OWN_RENT,PINCP_DECILE,EDU,AGEP,HOUSING_TYPE,DVET,DEYE,target
1,1,1,1,N,N,51,1,N,2,17049
2,4,2,1,9,7,36,1,N,2,13027
2,6,1,2,7,N,0,1,N,2,22699
2,1,2,1,8,2,67,1,N,2,12506
2,6,1,2,1,7,3,1,N,2,17128
1,6,1,1,5,6,19,1,N,2,3644
2,1,1,1,9,N,30,1,N,2,9427
2,1,1,2,9,6,53,1,N,2,8633
1,6,1,1,6,9,33,1,N,2,4453
2,1,1,1,7,7,46,1,N,2,10843
1,6,1,2,6,7,0,1,N,2,19525
1,5,1,2,4,6,22,1,N,2,3624
1,1,1,2,0,7,23,1,1,2,24904
1,6,1,2,0,6,10,1,N,2,17179
1,6,1,2,N,N,54,1,N,2,15210
2,1,1,1,2,7,55,1,N,2,10867
1,3,1,1,0,7,31,3,N,2,8177
2,1,1,2,4,7,23,1,N,2,27252
2,1,1,1,5,8,32,1,N,2,6621
1,6,1,2,N,7,78,1,N,2,15535
2,6,1,1,9,N,49,1,N,2,24939
2,1,1,2,9,7,53,1,N,2,20400
2,6,1,1,9,N,36,1,N,2,20544
2,6,1,1,6,7,34,1,N,2,13757
1,1,1,1,5,12,46,1,N,2,18253
2,1,1,1,0,N,66,1,N,2,13450
1,1,1,2,N,7,36,1,N,2,21303
2,3,1,2,N,7,6,1,N,2,27252
1,6,2,2,5,6,28,1,N,2,26904
2,1,1,2,7,7,11,1,N,2,16246
1,4,2,1,0,4,48,1,N,2,23942
2,1,1,1,9,2,81,1,N,2,8273
2,6,1,1,N,7,79,1,N,2,13982
2,6,8,1,8,7,42,1,N,2,24939
2,6,2,1,9,7,12,1,N,2,13803
1,1,1,1,1,9,51,1,N,2,15880
2,1,1,2,0,7,27,1,N,2,20833
1,6,1,1,N,6,10,3,N,2,13800
1,1,2,1,5,11,19,1,N,2,14866
1,1,1,2,9,7,37,1,N,2,21516
2,1,1,2,4,7,55,1,N,2,26746
2,6,1,1,1,5,59,1,N,2,19583
2,1,1,1,3,6,44,1,N,2,8693
2,6,1,1,8,N,35,1,N,2,3349
2,1,1,2,7,7,55,1,N,2,12798
1,1,1,2,0,8,71,1,N,2,6443
1,1,1,1,6,7,29,1,N,2,16843
1,1,1,2,8,7,22,1,N,2,20499
1,1,2,2,9,9,72,1,N,2,0
2,1,1,1,6,9,51,1,N,2,25779
2,6,1,0,7,5,67,1,N,2,21329
2,5,1,1,6,N,48,1,N,2,21727
2,1,1,1,4,7,58,1,3,2,13993
2,6,1,2,2,4,29,1,N,2,16563
1,6,1,1,9,2,66,1,N,2,24797
1,1,1,1,0,7,89,1,N,2,11707
2,1,1,1,0,7,22,3,N,2,19852
2,6,1,2,9,7,70,1,N,2,27252
1,1,1,1,8,N,42,1,N,2,27252
2,4,1,1,7,11,61,1,N,2,10251
1,1,1,1,4,N,56,1,N,2,24525
1,6,1,2,9,7,21,1,N,2,14941
2,6,1,2,2,6,38,1,N,2,26544
2,1,1,1,4,6,13,3,N,2,21447
1,2,2,1,6,3,59,3,N,2,21098
1,6,1,1,0,7,12,1,N,2,23018
1,6,1,2,6,7,14,1,N,2,18544
1,6,2,2,8,3,17,1,N,2,12136
2,3,1,2,3,3,60,1,N,2,13115
2,6,2,2,2,5,23,1,N,2,16356
1,3,1,1,8,7,34,1,N,2,10753
2,6,1,1,9,9,52,1,N,2,22377
2,6,1,1,5,7,35,1,N,2,21882
1,1,1,1,7,9,83,1,N,2,6171
2,1,2,1,8,7,57,1,N,2,18291
1,5,1,1,N,7,54,2,N,2,25859
1,1,1,1,1,3,51,1,N,2,22117
1,6,2,1,2,3,33,1,N,2,25174
2,1,1,1,N,N,70,1,N,2,17865
2,6,1,1,0,7,16,1,N,2,11849
2,1,1,1,6,N,54,1,N,2,23010
1,1,1,1,3,5,91,1,N,2,6458
1,6,1,0,6,N,53,1,N,2,7569
2,1,1,1,8,3,59,1,N,2,24124
2,6,1,1,5,7,71,1,N,2,21395
1,6,6,1,5,7,0,1,N,2,27252
2,1,1,1,4,N,60,1,N,2,13932
2,1,9,2,9,6,25,1,N,2,22265
1,6,2,2,9,6,64,1,N,2,4323
1,1,1,1,N,7,69,1,N,2,19060
1,1,1,1,2,7,50,1,N,2,6339
2,6,1,1,N,7,18,1,N,2,19260
1,3,1,1,8,6,21,1,N,2,10756
2,6,1,2,2,7,48,1,N,2,24507
1,4,6,2,N,7,57,1,N,2,15575
2,3,1,1,2,7,55,1,N,2,26117
2,6,1,1,N,7,19,1,N,2,24939
1,1,1,1,3,6,54,1,N,2,11566
1,6,2,2,0,9,0,1,N,2,4382
2,1,1,1,8,5,20,1,N,2,17613
1,6,2,1,4,12,51,1,N,2,0
2,1,1,2,5,3,78,1,N,2,11700
2,1,1,1,0,6,35,1,N,2,3350
2,1,2,1,3,N,26,1,N,2,13741
2,1,1,1,9,2,75,1,N,2,14904
1,6,2,1,3,7,12,1,N,2,18532
2,1,1,2,0,8,69,1,N,2,15754
1,1,1,1,8,7,22,1,N,2,21772
1,1,2,1,4,N,90,1,N,2,17243
2,1,1,1,N,7,40,1,N,2,14071
2,1,1,1,4,9,29,1,N,2,10330
2,1,1,2,3,6,28,1,N,2,13374
2,1,1,1,6,9,39,2,N,2,18264
2,6,1,1,0,5,43,1,2,2,6528
1,1,9,1,N,7,83,1,N,2,23052
1,6,1,2,4,2,69,1,N,2,17375
2,1,1,1,7,N,52,1,N,2,15199
2,3,8,2,1,5,21,1,N,2,21370
1,6,1,1,3,9,11,1,N,2,27111
1,1,1,1,7,7,57,1,N,2,12893
2,6,1,1,4,7,52,1,N,2,17263
2,6,1,1,7,7,39,1,N,2,14598
1,1,1,1,4,7,64,1,N,2,27252
2,3,2,2,7,7,10,1,N,2,21836
1,1,1,1,2,12,25,1,N,2,24156
2,1,1,1,6,6,27,1,N,2,20493
2,6,6,2,7,7,58,1,N,2,10890
2,6,9,1,3,6,47,1,N,2,19400
1,1,6,1,8,9,95,1,N,2,12429
2,6,1,2,N,7,22,1,N,2,20336
2,6,1,2,2,7,10,1,N,2,18915
1,1,1,1,6,9,30,1,N,2,24118
1,6,1,2,8,6,37,1,N,2,18006
2,4,1,1,5,2,14,1,N,2,26728
1,1,2,2,3,6,51,3,N,2,14242
2,6,1,1,4,7,23,1,N,2,11857
2,3,1,0,7,2,45,1,N,2,5394
1,1,6,1,9,7,76,1,N,2,18352
1,2,1,1,1,4,44,1,1,2,17781
2,1,2,1,0,7,12,1,N,2,4975
2,1,1,1,4,7,20,1,N,2,18072
1,1,1,1,7,N,45,1,N,2,22672
2,1,2,0,0,7,51,1,N,2,27252
1,1,2,1,6,11,31,1,N,2,21239
2,6,1,1,1,6,50,1,N,2,7921
2,2,1,1,7,3,8,1,N,2,3618
2,1,2,1,0,3,0,1,N,2,26771
2,1,1,1,9,7,56,1,N,2,24939
2,6,2,1,8,N,65,1,N,2,22697
2,6,2,1,7,7,45,1,N,2,10019
2,1,1,1,9,6,95,1,N,2,11743
2,1,1,1,5,7,64,1,N,2,23621
2,6,1,1,7,6,35,1,N,2,21384
2,1,1,1,5,6,1,1,N,2,22947
1,1,1,1,5,2,44,1,N,2,7342
2,6,1,1,2,7,40,1,N,2,10730
1,6,1,2,2,5,40,1,N,2,21127
1,2,6,1,0,6,43,1,N,2,11663
1,1,1,1,6,N,6,1,N,2,19401
1,6,1,1,N,7,1,1,N,2,7830
1,6,1,1,2,8,51,2,N,2,20381
1,4,1,1,9,12,51,1,N,2,14149
2,1,1,1,3,7,49,1,N,2,18234
1,1,1,1,8,7,49,1,N,2,4030
2,1,1,1,N,N,24,1,N,2,19725
2,3,1,1,6,7,23,1,2,2,11577
1,6,1,1,0,12,52,1,N,2,11727
1,1,1,1,1,4,63,1,N,2,22492
2,6,2,2,4,5,95,1,N,2,3560
2,1,1,1,9,N,43,1,N,2,26693
2,1,1,1,7,7,47,1,N,2,16907
2,1,2,2,6,6,33,1,N,2,16843
1,1,6,1,N,7,31,1,N,2,20964
2,1,1,1,8,9,54,1,N,2,20925
1,6,2,2,0,6,51,1,N,2,5243
2,1,1,2,6,7,40,1,N,2,16005
1,1,3,1,9,7,59,1,N,2,18010
2,6,1,2,2,7,12,1,N,2,18109
1,1,1,1,4,N,47,1,N,2,11908
2,6,2,1,7,N,51,3,N,2,20614
1,1,1,1,6,3,0,1,N,2,15526
2,6,1,2,2,7,62,1,N,2,15133
2,6,2,2,5,3,13,1,N,2,22373
2,6,1,1,0,5,58,1,N,2,17443
1,6,8,2,4,5,17,1,N,2,10776
2,4,1,2,3,5,41,1,N,2,24015
2,1,1,2,8,6,22,1,N,2,10348
1,6,1,2,2,6,57,1,N,2,19436
2,6,2,2,6,6,14,1,N,2,9292
1,N,2,1,5,2,7,1,N,2,13408
2,1,1,1,5,6,32,1,N,2,17395
1,6,1,1,1,10,9,1,N,2,3706
2,1,1,1,6,8,64,1,N,2,16712
2,3,1,1,0,4,7,1,N,2,15894
2,1,1,1,8,7,67,1,N,2,6633
1,5,1,2,6,10,12,1,N,2,18104
2,6,1,1,9,3,53,1,N,2,24939
2,1,1,1,5,7,33,1,N,2,19512
2,1,1,1,8,N,2,1,N,2,21521
2,1,1,1,N,6,52,1,N,2,27252
2,6,1,1,3,N,30,1,N,2,13130
2,1,1,1,9,7,25,1,N,2,27252
2,N,1,0,2,7,34,1,N,2,5794
1,4,1,1,N,2,75,1,N,2,15117
2,1,1,1,8,7,3,1,N,2,27252
2,6,1,1,N,7,31,1,N,2,21642
2,1,1,1,N,N,60,1,N,2,16677
2,1,1,1,2,7,40,1,N,2,27252
1,1,1,1,N,7,34,1,N,2,17146
2,1,1,1,N,7,62,1,N,2,2544
2,6,1,1,4,11,45,1,N,2,10863
1,6,1,1,5,7,22,1,N,2,18397
2,6,1,2,9,4,61,1,N,2,12886
1,4,1,1,0,6,72,1,N,2,27252
1,1,1,1,0,9,63,1,N,2,25351
1,1,1,2,6,N,64,1,N,2,13737
1,5,1,1,4,5,0,1,N,2,10839
1,1,1,1,N,7,60,1,N,2,12074
2,1,1,1,9,7,34,1,N,2,19454
1,1,1,1,N,7,49,1,N,2,27175
1,1,1,1,3,7,22,3,N,2,20941
1,1,1,1,0,8,25,1,N,2,27252
2,6,1,2,6,7,27,1,N,2,7205
2,1,1,1,7,2,76,1,N,2,20377
1,4,1,1,4,5,77,1,N,2,18224
1,1,1,2,2,N,31,1,N,2,22973
1,1,1,1,6,7,12,1,N,2,18811
1,6,2,1,7,6,31,2,N,2,9780
2,1,1,1,2,8,23,1,N,2,10695
2,1,1,1,5,N,58,1,N,2,21553
1,1,4,1,9,2,43,1,N,2,17279
1,6,1,2,3,6,68,1,N,2,14432
2,1,1,1,2,2,48,1,N,2,27252
2,1,1,1,N,N,75,1,N,2,19480
1,6,2,1,4,7,55,1,N,2,18456
1,1,5,1,9,N,50,1,N,2,24939
2,6,6,2,3,4,80,1,N,2,20378
2,1,1,1,3,8,48,1,N,2,14290
1,3,1,1,9,7,66,1,N,2,18638
2,1,1,1,6,6,43,1,N,2,0
1,1,1,1,7,7,34,1,N,2,22158
1,1,1,1,9,N,59,1,N,2,18245
1,1,1,2,3,3,73,1,N,2,23610
2,1,1,1,9,N,53,1,N,2,22439
1,N,1,1,9,N,58,1,N,2,20505
1,1,2,1,N,3,39,1,N,2,20939
2,1,1,2,N,7,30,1,N,2,13844
1,1,1,2,N,2,47,1,N,2,27252
2,6,1,2,N,7,31,1,N,2,14417
2,1,1,1,7,2,80,1,N,2,4415
2,1,2,1,8,7,64,1,N,2,15206
2,6,1,1,8,N,78,1,N,2,13719
2,6,1,1,4,6,26,1,N,2,16861
1,4,1,1,8,6,23,1,N,2,22888
2,4,1,1,3,N,42,1,N,2,18891
2,1,1,2,8,N,55,1,N,2,15454
2,1,1,1,9,8,54,1,N,2,7613
2,6,1,1,3,7,2,1,N,2,18465
1,6,2,1,8,7,29,1,N,2,10800
1,1,7,1,2,6,39,1,N,2,8536
1,1,1,2,N,3,58,1,2,2,20727
1,1,1,1,N,7,83,1,N,2,15798
2,6,1,1,2,7,33,1,N,2,17962
2,6,1,1,0,1,85,1,N,2,21375
2,3,2,1,9,7,46,1,N,1,16982
1,6,1,1,4,7,80,1,N,2,27169
2,4,1,1,0,9,11,1,N,2,21202
1,1,1,1,6,2,44,1,N,2,19677
1,4,1,1,N,7,15,1,N,2,27252
1,6,1,1,0,8,16,1,N,2,27252
2,1,1,1,4,9,32,1,N,2,18339
2,1,6,1,4,5,1,1,N,2,27252
2,6,1,1,6,3,24,1,N,2,7940
1,2,1,2,2,12,38,1,N,2,22318
2,1,6,0,0,10,72,1,N,2,21972
1,1,1,1,6,10,49,1,N,2,12118
1,1,1,1,0,7,51,1,N,2,10984
2,4,1,1,N,7,70,1,N,2,0
1,6,3,1,8,10,76,1,N,2,9427
1,4,1,1,8,7,78,1,N,2,26650
2,1,2,1,9,7,47,1,N,2,26163
1,1,1,1,6,N,38,1,N,2,10149
2,6,2,1,N,6,38,1,N,2,20927
1,4,1,1,9,2,68,1,N,2,16909
2,1,1,1,1,4,67,1,N,2,17909
2,1,1,1,9,4,72,1,N,2,22687
1,1,1,1,5,7,31,1,N,2,5872
1,3,1,1,6,1,40,1,N,2,16917
2,1,1,1,0,9,72,1,N,2,24351
2,6,1,0,5,5,37,1,N,2,15221
2,6,9,2,6,5,53,1,N,2,2126
2,1,1,1,3,11,44,1,N,2,22931
1,4,1,2,8,2,51,1,N,2,7791
2,1,2,1,9,N,66,1,N,2,20848
1,1,1,1,4,12,85,1,N,2,14996
1,6,1,2,2,6,13,1,N,2,20205
1,1,1,2,N,3,20,1,N,2,22485
1,1,1,1,4,9,61,1,N,2,25940
2,N,1,1,7,2,79,1,N,2,22562
2,1,1,1,7,9,80,1,5,2,6334
2,6,3,1,8,7,25,1,N,2,24868
2,4,1,2,8,N,36,1,N,2,9604
2,1,1,2,0,5,29,1,N,2,21746
2,1,1,1,4,9,17,1,N,2,26288
2,5,3,2,3,5,22,1,N,2,12938
2,1,1,2,3,7,81,1,N,2,15707
1,4,1,1,4,10,25,1,N,2,27252
1,6,1,2,1,9,63,1,N,2,11248
2,1,1,1,6,5,38,1,N,2,10908
2,6,1,2,4,7,3,1,N,2,18325
2,6,1,2,N,7,22,1,N,2,27252
2,3,1,2,5,7,62,1,N,2,2250
1,6,1,1,6,7,50,1,N,2,9418
2,1,1,2,0,4,1,1,N,2,17133
1,6,2,1,6,6,43,1,N,2,14194
1,6,2,2,4,5,7,1,N,2,27252
2,N,1,1,0,7,56,1,N,2,18559
1,6,1,2,2,7,30,1,N,2,9837
1,1,2,2,8,7,37,1,N,2,1692
2,1,1,1,8,N,42,1,N,2,15480
2,6,9,2,0,4,37,1,N,2,1741
1,6,1,2,2,5,34,1,N,1,27067
2,6,1,2,N,5,54,1,N,2,22032
1,1,1,1,5,N,0,1,N,2,22881
1,6,1,2,3,6,87,1,N,2,15363
1,6,1,2,6,N,30,1,N,2,27252
2,6,1,1,4,9,43,1,N,2,21361
1,1,2,1,9,3,51,1,N,2,6117
2,6,1,1,8,7,46,1,N,2,18216
2,6,2,2,9,7,61,1,N,2,11113
2,6,2,1,2,4,69,1,N,1,14404
1,3,1,1,N,7,65,1,N,2,16042
2,1,1,1,6,7,71,1,N,2,3703
1,6,8,1,8,2,55,1,N,2,13930
2,1,1,1,8,7,12,1,N,2,22275
2,6,3,1,5,7,18,1,N,2,18134
2,1,8,2,5,7,40,1,N,2,12045
1,6,1,2,3,5,54,1,N,2,13516
2,1,1,1,1,5,55,1,N,2,17333
2,1,1,1,3,12,75,1,N,2,17091
1,4,1,1,7,5,55,1,N,2,11445
1,1,2,1,N,3,14,1,N,2,16517
1,1,2,1,8,N,73,1,N,2,21307
1,6,6,2,5,6,42,1,N,2,18360
1,6,2,1,8,7,35,1,N,2,24861
2,1,2,1,4,5,56,1,N,2,17028
1,6,1,2,5,10,14,1,N,2,23516
2,4,1,1,6,7,23,1,N,2,6311
1,N,1,2,0,7,13,1,N,2,13170
1,1,1,1,0,6,45,1,N,2,11911
1,1,1,1,5,5,62,1,N,2,6674
2,1,1,1,9,7,2,1,N,2,16910
2,1,1,1,0,2,56,1,N,2,21543
2,6,1,1,9,7,30,1,N,2,27252
2,6,2,2,2,3,71,1,N,2,7702
1,1,1,1,8,2,70,1,N,2,19401
2,1,1,1,N,N,71,1,N,2,22508
2,1,1,1,2,N,68,1,N,2,25211
2,1,2,1,6,N,37,1,N,2,11783
1,1,1,1,N,N,87,1,N,2,27252
2,1,1,1,5,9,26,1,N,2,27252
2,1,1,2,1,5,53,1,N,2,23258
1,6,1,1,1,5,25,1,N,2,27120
2,6,1,1,9,N,21,1,N,2,12976
2,6,1,2,2,6,0,1,N,2,14187
2,1,1,1,5,11,40,1,N,2,19839
2,6,1,2,4,3,47,1,N,2,16513
2,6,1,1,9,3,58,1,N,2,10384
2,1,1,1,7,N,37,1,N,2,21651
2,1,1,1,7,5,32,1,N,2,8346
2,6,3,2,2,6,19,1,N,2,16966
2,6,1,1,6,6,18,1,N,2,16364
2,1,1,1,0,4,41,1,N,2,25959
2,1,2,1,0,N,22,1,N,2,27252
1,1,1,1,3,6,71,1,N,2,14812
1,1,1,1,3,12,30,1,N,2,9268
2,5,1,1,6,7,50,1,N,1,7763
2,1,1,1,9,N,73,1,N,2,17052
2,1,1,1,N,7,76,1,N,2,27049
2,1,1,2,4,5,42,1,N,2,24939
1,1,1,1,7,9,80,1,N,2,20212
1,6,1,2,2,6,33,1,N,2,23167
2,2,1,1,1,9,57,1,N,2,17474
1,6,1,2,3,4,21,1,N,2,17127
2,1,1,1,7,N,63,1,N,2,13133
2,1,1,1,6,7,18,1,N,2,7319
2,6,1,1,7,5,16,1,N,2,19437
1,1,1,1,7,8,46,1,N,2,15842
1,6,2,1,8,5,2,1,N,2,3453
1,1,1,1,0,N,25,1,N,2,27252
1,6,1,1,5,5,61,1,N,2,16240
2,6,2,2,9,7,44,1,N,2,23899
2,6,1,2,6,6,6,1,N,2,16685
1,1,6,1,N,N,42,1,N,2,27001
1,1,1,1,0,7,20,1,N,2,17448
2,6,1,1,4,4,29,1,N,2,14499
1,1,2,1,6,7,66,1,N,2,19308
1,6,1,1,N,2,48,1,N,1,16123
1,6,2,2,1,4,19,1,N,1,14646
1,1,1,1,9,N,39,1,N,2,27252
2,3,1,1,3,7,48,1,N,2,12727
1,N,2,2,0,3,61,1,N,2,4742
2,1,1,1,3,10,59,1,N,2,27252
2,1,2,1,7,N,49,1,N,2,24783
2,1,1,1,8,N,35,1,N,2,24939
1,1,1,1,8,12,68,1,N,2,3365
1,1,1,2,0,6,42,1,N,2,16454
1,6,1,2,3,7,9,1,N,2,13560
2,6,2,2,6,7,29,1,N,2,17759
1,1,1,1,7,2,93,1,N,2,2477
1,1,1,1,0,7,48,1,N,2,15141
2,4,6,1,3,9,74,1,N,2,6070
1,1,1,1,9,3,56,1,N,2,8873
2,6,1,1,2,7,12,1,N,2,14443
1,6,6,1,4,4,59,1,N,2,14534
2,1,1,1,5,7,48,1,N,2,15917
1,4,1,2,0,7,50,1,N,2,17319
1,1,1,0,9,7,7,1,N,2,17656
2,6,1,1,3,7,15,3,N,2,22799
1,6,1,1,0,N,66,1,N,2,24939
1,1,1,1,7,7,12,1,N,2,20714
1,1,1,1,4,11,42,1,N,2,22262
2,6,2,2,9,7,70,1,N,1,23310
2,6,2,2,6,7,61,1,N,2,2976
2,N,1,1,4,7,23,1,N,2,25224
2,1,1,1,8,3,45,1,N,2,27252
1,6,1,2,9,7,47,1,N,2,25082
1,1,1,1,3,7,13,1,N,2,14298
1,6,3,1,2,9,46,1,N,2,12945
2,1,1,2,N,7,67,1,N,2,17513
1,6,1,2,1,N,0,1,N,2,16843
2,6,1,1,7,5,8,1,N,2,14658
2,1,1,2,6,5,53,1,N,2,15731
1,4,2,2,7,5,27,1,N,2,26046
1,4,1,1,N,3,53,1,N,2,20376
1,1,1,1,6,7,68,1,N,2,14847
2,1,2,1,5,6,12,1,N,2,8290
1,1,1,2,2,4,86,1,N,2,9660
2,1,1,1,N,N,58,1,N,2,13289
1,3,1,1,2,7,53,1,N,2,14207
1,6,1,2,3,6,15,1,N,2,10142
2,1,1,0,3,N,77,1,N,2,19052
2,6,1,2,5,N,59,1,N,2,15305
2,5,9,1,0,11,19,1,N,2,6117
2,1,1,1,1,6,68,1,N,2,22631
2,1,2,1,8,7,40,1,N,2,26559
2,1,1,1,4,7,55,1,N,2,23031
2,1,1,1,2,7,90,1,N,1,12403
1,4,1,1,5,8,50,1,N,2,19550
2,6,1,1,5,5,60,1,N,2,7495
1,1,1,1,1,7,0,1,N,2,13145
1,1,1,1,8,3,44,1,N,2,17296
1,1,1,2,2,5,86,1,N,2,17404
1,6,1,2,9,11,58,1,N,2,10299
2,1,1,1,2,7,62,1,N,1,18124
1,6,2,2,3,10,33,1,N,2,0
1,6,1,1,6,7,72,1,N,2,20600
1,6,1,1,0,N,65,1,N,2,23019
1,6,1,1,4,7,45,1,N,2,14613
2,6,1,1,N,3,70,1,N,2,15182
1,6,1,2,N,7,35,1,N,2,13991
1,6,2,2,3,N,15,1,N,2,3418
2,6,2,1,6,7,24,1,N,1,26040
2,1,2,1,8,7,25,1,N,2,17046
1,1,1,1,5,12,18,1,N,2,22197
1,6,1,2,5,N,47,1,N,2,14838
1,6,1,2,9,7,29,1,N,2,22805
2,1,1,2,6,7,38,1,N,2,22195
2,6,9,1,9,7,81,1,N,2,16554
1,1,1,1,4,5,51,1,N,2,22916
2,1,1,1,7,N,42,1,N,2,18339
2,4,6,0,3,7,59,1,N,2,17239
2,1,1,1,8,7,41,1,N,2,16729
1,1,1,0,9,5,69,1,N,2,18067
1,N,2,2,0,6,64,1,1,2,16839
1,1,1,1,N,3,60,1,N,2,23424
2,6,1,1,0,7,42,1,N,2,27252
2,1,1,0,3,7,52,1,N,2,14504
1,6,2,2,7,5,0,1,N,2,24939
2,4,1,2,4,6,23,1,N,2,27252
1,6,2,2,6,4,0,1,N,2,23696
1,6,1,1,2,7,26,1,N,2,15312
2,1,1,1,N,7,55,1,N,2,24939
1,1,1,1,9,9,60,1,N,2,10917
1,4,1,1,5,5,36,1,N,2,24730
1,6,1,2,4,5,5,1,N,2,3743
1,1,1,1,0,7,35,1,N,2,24840
1,1,8,1,7,6,6,1,N,2,23888
1,6,2,1,N,N,40,1,N,2,21086
1,1,1,2,N,7,21,1,N,2,17512
1,1,1,1,5,8,19,1,N,2,3795
1,6,1,1,N,7,67,1,N,2,27252
1,6,1,1,3,9,77,2,N,2,10389
1,1,6,2,N,7,30,1,N,2,17887
2,1,1,1,1,6,0,1,N,2,25280
1,6,1,0,0,7,45,1,N,2,17573
1,1,1,1,9,6,25,1,N,2,14311
2,6,1,1,5,3,66,1,N,2,10090
2,6,1,2,6,4,23,1,N,2,12917
2,4,1,2,8,7,60,1,N,2,10827
2,6,1,2,2,5,18,1,N,2,22850
2,1,1,2,9,3,70,1,N,2,16810
1,1,1,1,8,2,66,1,N,2,14004
1,1,1,1,9,6,58,1,N,2,3719
2,1,1,2,0,10,64,1,N,2,8693
2,1,1,1,6,N,82,1,N,2,12389
1,1,2,1,6,8,59,1,N,2,24164
2,1,1,1,N,7,21,1,N,2,13377
2,3,5,2,9,9,76,1,N,2,10267
2,1,1,1,N,N,72,1,N,2,27252
2,1,1,1,6,7,46,1,N,2,16912
2,3,2,1,7,N,37,1,N,2,13748
2,6,2,2,5,5,34,1,N,2,27252
1,1,1,1,1,2,45,1,N,2,14393
2,1,1,2,8,7,53,1,N,2,24208
2,1,1,2,9,N,58,1,N,2,19366
1,1,2,1,N,7,11,1,N,2,24939
1,1,1,0,N,3,82,1,N,2,22994
2,1,1,1,9,7,52,1,N,2,18603
2,1,3,2,0,7,79,1,N,2,18659
2,6,1,1,1,N,42,1,N,2,19082
2,1,1,1,2,6,58,1,N,2,15297
2,2,1,1,9,7,74,1,N,2,27252
1,5,1,2,0,7,56,1,N,2,20137
1,1,1,1,7,5,53,1,N,2,15456
2,6,1,1,0,3,53,1,N,1,16701
1,5,1,1,4,5,66,1,N,2,13898
1,1,2,1,2,6,20,1,N,2,13466
1,6,1,2,N,7,3,1,N,2,27252
1,6,1,1,2,6,4,1,N,2,13569
2,6,1,2,3,9,63,1,N,2,21947
2,1,1,1,7,4,71,1,N,2,11581
1,1,1,1,6,9,59,1,N,2,12872
2,1,1,1,N,3,27,1,N,2,23825
1,1,1,1,9,7,64,1,N,2,19296
2,1,1,1,3,N,38,1,N,2,27252
1,4,1,1,N,7,25,1,N,2,21348
1,1,1,1,2,7,55,1,N,2,12900
2,1,2,2,6,6,30,1,N,2,20844
2,1,1,1,4,4,2,1,N,2,23384
2,6,2,1,9,N,53,1,N,2,21809
2,1,1,1,7,3,44,1,N,2,15346
1,4,1,1,1,9,56,1,N,2,9897
1,1,2,1,N,6,1,1,N,2,23767
1,4,7,1,4,8,67,1,N,2,11156
2,6,2,2,2,9,28,1,N,2,11256
2,1,8,1,4,N,22,1,N,2,20939
2,6,9,1,1,5,73,1,N,2,0
2,1,1,1,5,2,76,1,N,2,15458
1,1,1,1,N,N,41,1,N,2,24273
1,1,1,1,9,3,94,1,N,2,8959
2,4,1,1,8,7,59,1,N,2,26661
1,4,1,1,5,7,81,1,N,2,1692
2,6,1,2,0,6,10,1,N,2,13097
1,1,2,2,5,5,22,1,N,2,19219
1,6,1,2,4,7,62,1,N,2,19259
2,6,1,1,2,7,7,1,N,2,18827
2,1,2,1,9,7,89,2,4,2,17842
2,6,4,1,2,6,29,1,N,2,10043
2,1,1,1,5,2,63,1,N,2,21332
2,6,1,2,4,7,21,1,N,2,23206
2,6,1,1,1,6,23,1,N,2,16904
1,1,1,1,9,4,26,1,N,2,24939
1,1,2,1,1,9,0,1,N,2,22636
1,6,2,2,7,7,36,1,N,2,21830
1,1,1,0,2,7,46,1,N,2,20627
2,6,2,1,3,5,46,1,N,2,7276
2,1,1,1,2,7,78,1,N,2,20335
2,6,1,1,3,N,0,1,N,2,21665
2,6,1,1,5,7,41,2,N,2,27252
1,1,1,1,6,9,18,1,N,2,11220
2,2,1,2,6,7,64,1,N,2,24707
2,1,1,1,2,7,81,1,N,2,7587
2,6,1,2,8,9,18,1,N,2,18005
1,6,1,2,9,7,19,1,N,2,20882
2,6,1,2,1,11,49,1,N,2,10106
2,6,1,1,9,9,10,1,N,2,22935
1,4,1,1,8,2,49,1,N,2,25364
1,1,5,2,2,6,23,1,N,2,13352
2,1,1,2,7,N,55,1,N,2,16308
2,2,1,1,5,6,25,1,N,2,20187
2,6,1,1,8,8,6,1,N,2,12959
1,1,2,1,N,7,15,1,N,2,25182
1,1,1,1,7,7,49,1,N,2,21162
2,6,2,2,2,7,7,1,N,2,8292
2,1,2,1,9,6,66,1,N,2,24486
1,1,1,1,6,3,47,1,N,2,14601
1,1,1,1,4,11,49,1,N,2,24623
2,1,1,1,3,10,42,1,N,2,15957
2,6,2,1,8,6,36,1,N,2,18995
1,1,7,1,N,7,10,1,N,2,16946
1,3,1,2,6,N,45,1,N,2,24870
2,1,1,1,N,2,77,1,N,2,12512
2,6,1,1,3,7,62,1,N,2,19568
1,4,1,2,5,6,51,1,N,2,18305
2,1,1,1,1,9,71,1,N,2,21946
2,6,2,2,7,7,17,1,N,2,11252
1,1,1,1,9,4,71,1,N,2,23978
1,1,2,1,9,7,35,1,N,2,24806
1,6,1,2,1,7,20,1,N,2,24939
1,1,8,1,N,7,64,1,N,2,19458
1,6,2,2,4,N,3,1,N,2,15421
1,6,2,2,0,7,50,1,N,2,16148
2,6,1,1,9,7,70,1,N,2,3208
2,1,1,1,8,7,16,1,N,2,7917
2,1,1,1,0,7,66,1,N,2,16981
2,6,1,1,3,7,20,1,N,2,9797
2,1,1,1,8,N,8,1,N,2,16411
1,1,2,2,4,6,95,1,N,2,19093
2,6,1,2,4,5,0,1,N,2,9211
1,1,1,2,7,5,15,1,N,2,13334
1,1,1,1,4,5,37,1,N,2,20161
2,3,1,1,5,N,62,1,N,2,21708
2,6,1,1,8,7,58,1,N,2,10087
1,6,1,2,4,8,43,1,N,2,11599
1,1,1,2,0,4,37,1,N,2,16053
2,1,1,1,8,3,46,1,N,2,12332
2,6,1,1,4,4,28,1,N,2,22165
1,6,2,1,9,7,76,1,N,2,10014
2,6,1,1,3,7,33,1,N,2,26138
1,1,1,2,6,7,32,1,N,2,21574
2,5,1,1,N,N,24,1,N,2,20185
1,6,2,1,5,6,12,1,N,2,16365
2,6,1,2,4,6,23,1,N,2,17896
2,6,1,2,N,7,61,1,N,2,20118
1,6,6,1,0,3,59,1,N,2,15530
2,1,1,1,3,7,63,1,N,2,18685
1,4,1,1,6,2,47,1,N,2,19461
1,1,1,1,7,6,57,1,N,2,25188
1,1,1,1,N,3,93,1,N,2,9427
1,1,1,1,1,6,34,1,N,2,17056
2,4,1,2,N,2,22,1,N,2,16755
1,1,1,2,N,7,53,1,N,2,15798
1,N,1,1,4,10,90,1,N,2,16697
2,6,2,2,6,N,0,1,N,2,25869
1,1,1,1,6,6,68,1,N,2,23081
1,4,2,2,6,5,22,1,N,2,14998
1,4,2,1,0,7,31,1,N,2,19870
1,1,1,1,7,5,27,1,N,2,7175
1,1,1,2,3,9,58,1,N,2,17109
2,6,1,2,5,6,14,1,N,2,18068
1,6,2,2,7,7,17,1,N,2,8020
1,4,1,2,4,6,75,1,N,2,10306
2,1,1,1,6,N,56,1,N,2,27252
1,1,1,1,6,4,39,1,N,2,2979
1,6,1,2,1,12,53,1,N,2,16537
1,6,1,1,0,N,64,1,N,2,2661
2,1,1,0,6,6,61,1,2,2,27252
1,1,2,1,5,7,76,1,N,2,18583
2,5,9,2,7,8,31,3,N,2,16132
2,6,1,1,4,6,32,1,N,2,24939
2,6,1,2,9,N,95,1,N,2,10673
1,1,1,2,9,7,83,1,N,2,16842
1,6,6,1,8,N,78,1,N,2,8310
1,1,6,1,3,8,40,1,N,2,22585
2,1,1,1,6,7,39,1,N,2,4187
1,1,1,1,7,N,28,1,N,2,13892
1,1,2,1,6,5,32,1,N,2,19626
2,1,1,1,7,7,0,1,N,2,27252
1,6,1,1,1,9,45,1,N,2,25183
1,1,1,1,0,N,43,1,N,2,4219
1,6,1,0,2,7,48,1,5,2,11023
1,4,1,1,N,N,37,1,N,2,11867
2,6,2,1,0,4,39,1,N,2,3135
2,2,1,1,2,12,27,1,N,2,25732
2,1,1,1,6,7,26,1,N,2,22962
1,1,8,2,7,7,0,1,N,2,18036
2,6,1,0,9,N,24,1,N,2,26706
2,1,1,1,N,N,80,1,N,2,23879
2,6,1,0,7,5,75,1,N,2,1852
2,6,1,1,9,7,36,1,N,2,27252
2,1,1,1,3,12,73,1,N,2,17815
2,1,1,1,0,11,81,1,N,2,24850
1,1,1,1,8,11,41,1,N,2,23705
2,6,1,1,8,3,60,1,N,2,17170
2,1,1,2,6,N,65,1,N,2,4741
2,1,1,1,7,N,73,1,N,2,8631
2,1,1,1,0,N,75,1,N,2,16153
2,6,1,1,0,3,35,1,N,2,18111
2,6,1,1,5,4,53,1,N,2,15848
1,1,1,1,3,5,17,1,3,2,22856
1,6,1,1,N,7,78,1,N,2,5791
1,1,6,1,0,3,78,1,N,2,17469
2,1,1,1,N,7,51,1,N,2,13428
1,1,1,1,7,7,38,1,N,2,25408
2,1,1,1,N,7,31,1,N,2,12012
2,4,6,1,8,4,81,1,N,2,9420
1,1,1,1,3,8,37,1,N,2,22802
2,1,1,2,1,12,76,1,N,2,19137
1,3,1,2,4,6,19,1,N,2,23078
2,1,1,1,9,2,64,1,N,2,17209
2,6,1,2,4,7,20,1,N,2,12761
1,6,6,1,3,5,0,1,N,2,11192
2,6,1,1,3,6,20,1,N,2,27252
2,6,1,2,N,7,42,1,N,2,18308
1,6,1,2,4,5,78,1,N,2,6230
1,6,1,1,4,7,61,1,N,2,1016
2,6,1,2,6,3,17,1,N,2,16389
1,1,1,1,9,7,60,1,N,2,22281
2,1,1,1,5,11,80,1,N,2,4381
1,6,1,1,0,9,16,1,N,2,16843
2,1,1,1,8,N,86,1,N,2,13121
2,1,1,1,1,7,63,1,N,2,17535
1,6,1,1,N,N,39,1,N,2,14753
1,1,1,1,N,7,66,1,N,2,20388
2,1,1,1,5,12,57,1,N,2,17269
1,2,1,1,N,7,18,1,N,2,24144
2,4,4,1,0,7,3,1,N,2,13578
2,1,1,0,2,N,71,1,N,2,24287
2,3,4,0,3,4,59,1,N,2,15109
1,6,2,1,6,5,65,1,N,2,19285
2,1,1,1,0,11,69,1,N,2,22479
2,6,1,1,5,6,38,1,N,2,13454
2,1,1,2,2,5,28,1,N,2,25466
2,1,1,1,9,7,13,1,N,2,13468
2,1,2,1,9,6,43,1,N,2,7433
1,6,1,1,6,5,31,1,N,2,9271
1,6,1,2,7,7,51,1,N,2,9947
1,1,1,1,3,7,0,1,N,2,22086
2,6,2,2,3,N,24,1,N,2,18835
2,6,1,1,7,N,24,1,N,2,10518
2,1,1,1,9,3,15,1,N,2,24939
2,1,1,1,2,7,35,1,N,2,21332
1,1,1,2,N,N,70,1,N,2,322
2,6,3,1,3,2,50,1,N,2,6667
2,6,1,2,7,7,65,1,N,2,14949
2,6,1,1,9,7,57,1,N,2,18558
2,6,2,2,0,N,0,1,N,2,20077
2,6,1,1,7,9,59,1,N,2,16722
2,1,1,1,5,4,20,1,N,2,5759
2,4,1,1,0,7,13,3,N,2,1692
2,6,1,1,5,N,75,1,N,2,8886
2,1,1,2,6,7,22,1,N,2,20156
2,3,1,1,7,N,59,1,N,2,14952
1,6,2,2,0,3,3,1,N,2,26739
1,6,2,1,5,4,4,1,N,2,19588
2,1,1,1,1,6,57,1,N,2,186
2,1,1,1,2,6,43,1,N,2,27252
1,1,7,1,9,N,52,1,N,2,14201
2,1,8,1,9,7,80,1,N,2,14164
1,1,1,1,N,3,87,1,N,2,21708
2,1,2,2,7,4,72,1,N,2,16552
2,1,1,1,4,9,80,1,N,2,19314
2,1,1,1,9,7,40,1,N,2,16171
2,1,1,1,N,3,47,1,N,2,24958
2,6,1,1,8,7,26,1,N,2,9905
1,1,1,1,N,7,81,1,N,2,10896
1,6,1,1,7,7,30,1,5,2,18434
1,1,1,1,7,N,39,1,N,2,27252
2,1,6,1,3,12,39,1,N,2,10532
2,6,1,2,2,6,22,1,N,2,23772
1,1,1,2,5,5,10,1,N,2,20174
2,1,1,2,N,7,87,1,N,2,23268
2,1,1,1,6,7,13,1,N,2,17012
1,1,1,1,1,5,62,3,N,2,20118
2,6,1,2,7,6,48,1,N,2,19375
2,6,1,2,1,6,44,1,N,2,17965
1,6,8,2,3,5,92,1,N,2,10275
1,6,1,2,5,11,23,3,N,2,11814
1,1,1,1,N,7,58,1,N,2,8573
2,1,1,1,7,N,58,1,N,2,21355
1,1,1,2,6,7,12,1,N,2,21721
1,4,1,1,8,6,53,1,N,2,14583
2,1,1,1,N,7,20,1,N,2,25740
2,6,2,2,2,6,42,1,N,2,14919
2,3,1,1,7,5,71,1,N,2,14977
2,6,1,2,3,5,39,1,4,2,4748
1,1,1,2,7,10,56,1,N,2,24743
2,5,1,1,3,N,0,1,N,2,27252
2,1,2,1,0,N,42,1,N,2,10865
2,1,1,1,2,11,38,1,N,2,16971
2,6,1,1,7,11,63,1,N,2,18519
1,1,2,0,4,1,48,1,N,2,19477
1,6,1,1,5,7,55,1,N,2,13944
2,1,2,2,1,5,24,1,N,2,15480
1,6,1,2,2,6,1,1,N,2,15950
2,6,2,1,N,7,87,1,N,2,14570
2,1,1,1,8,6,77,1,N,2,13991
2,6,4,2,2,7,42,1,N,2,18219
2,1,1,1,7,7,89,1,N,2,16342
2,6,1,1,3,5,31,1,N,2,17629
1,5,1,1,N,7,66,1,N,2,19363
2,1,1,1,N,3,74,1,N,2,17569
2,1,1,1,8,12,65,1,N,2,14453
1,1,1,2,5,11,89,1,N,2,19803
1,1,2,2,6,7,0,1,N,2,22813
2,4,1,1,8,7,53,1,N,2,21619
2,1,1,1,N,N,68,1,N,2,27252
2,1,1,2,3,7,69,1,N,2,3244
2,6,1,2,1,6,46,1,N,2,8592
2,6,2,1,8,7,48,1,N,2,19725
2,1,1,1,8,6,50,1,N,2,18705
1,6,2,0,6,N,47,1,N,2,14515
2,1,1,1,6,5,67,1,N,2,13989
2,6,2,2,N,7,63,1,N,2,14823
2,6,1,1,N,7,33,1,N,2,2703
2,6,2,1,N,7,65,1,N,2,2725
1,1,1,1,1,7,18,1,N,2,1024
2,3,1,1,8,7,64,1,N,2,21162
1,1,1,1,3,7,69,1,N,2,16615
2,1,1,1,9,5,49,1,N,2,19003
2,1,1,1,9,6,45,1,N,2,4914
2,1,2,1,N,7,22,1,N,2,15818
2,1,1,1,N,7,22,1,N,2,16617
2,1,1,1,8,N,76,1,N,2,16983
2,6,2,1,4,6,25,1,N,2,14609
2,4,1,1,8,5,37,1,N,2,7241
1,1,6,2,1,5,63,1,N,2,22237
2,6,5,1,7,9,61,3,N,2,16070
1,1,1,1,2,9,53,1,N,2,22479
2,1,1,1,5,9,83,1,N,2,8493
2,1,1,1,9,7,41,1,N,2,27252
1,1,2,1,3,6,13,1,N,2,7432
2,6,1,1,6,7,20,1,N,2,18527
2,6,1,2,N,7,66,1,N,2,14743
1,1,1,1,6,7,81,1,N,2,2301
2,4,3,1,7,6,78,1,N,2,15925
1,6,2,2,7,12,76,1,N,2,27252
1,1,1,1,0,7,90,1,N,2,11812
1,1,1,2,7,N,61,1,N,2,18007
2,6,2,1,5,5,55,1,N,2,8326
2,1,1,1,5,6,52,1,N,2,22835
2,1,2,1,N,N,72,1,N,2,14853
2,1,1,1,5,N,54,1,N,2,27252
2,1,9,1,4,1,83,2,N,2,16192
2,6,2,1,1,6,66,1,N,2,3521
2,1,2,1,7,9,52,1,N,2,19553
2,1,1,1,N,N,80,1,N,2,11616
2,6,1,1,2,3,15,1,N,2,17945
2,6,2,1,7,9,20,1,3,1,17777
2,6,2,1,7,7,0,1,N,2,17873
1,6,1,2,1,7,63,1,N,2,27252
2,6,2,2,2,7,69,1,N,2,0
2,6,1,1,9,7,0,1,N,2,20311
1,1,1,1,1,N,73,1,N,2,0
2,6,2,1,3,4,29,1,N,2,13425
2,1,1,1,7,6,54,1,N,2,18119
2,3,9,1,3,1,43,1,N,2,21661
2,1,1,2,8,N,18,1,N,2,15135
2,3,6,2,6,7,90,1,N,2,5949
2,6,2,2,0,4,22,1,N,2,17246
2,6,3,1,7,7,20,1,N,2,24939
2,1,1,1,2,2,20,1,N,2,17522
1,6,2,2,4,N,4,1,N,2,3455
2,1,1,1,N,3,42,2,N,2,22518
1,1,3,2,0,7,32,1,N,2,20185
2,4,1,1,1,3,49,1,N,2,21820
1,6,1,2,0,7,59,1,N,2,14558
2,6,1,1,2,6,63,1,N,2,13211
1,1,2,1,7,N,41,1,N,2,10787
1,6,1,1,0,6,19,1,N,2,5890
2,1,1,1,6,7,25,1,N,2,8948
1,6,8,1,0,3,61,1,N,2,12811
1,6,8,0,0,7,4,1,N,2,13762
1,1,1,1,9,7,43,1,N,2,11609
2,1,1,1,0,7,81,1,N,2,25721
1,4,1,1,N,4,24,1,N,2,21634
1,6,1,1,5,9,32,2,5,2,9286
2,1,1,2,6,3,71,1,N,2,14338
2,6,1,1,3,6,4,1,N,1,1405
2,1,1,2,N,7,32,1,N,2,12793
1,3,1,1,0,5,36,1,N,2,23120
1,1,1,1,7,7,45,1,N,2,7881
2,4,1,1,9,3,68,1,N,2,25483
2,1,1,1,7,N,21,1,N,2,24939
1,1,1,1,2,3,82,1,N,2,16969
2,6,2,1,8,4,57,1,N,2,14112
2,1,1,1,0,6,75,1,N,2,22365
1,4,1,1,6,N,38,1,N,2,12361
2,1,1,1,9,7,56,1,N,2,17701
2,6,1,1,9,7,26,1,N,2,12204
2,1,1,1,8,N,69,1,N,2,21908
1,5,1,1,8,N,60,1,N,2,14119
2,1,1,1,3,9,64,1,N,2,7450
1,6,8,2,3,7,61,1,N,2,9441
2,6,1,0,7,3,70,1,N,2,15081
1,1,1,1,8,N,84,1,N,2,15171
2,6,2,2,4,6,25,1,N,2,15522
1,1,1,1,0,N,83,1,N,2,7361
2,6,1,1,8,7,29,1,N,2,18165
1,1,1,1,9,7,7,1,N,2,13047
2,1,1,1,N,7,81,1,N,2,22275
2,6,1,1,9,3,72,2,N,2,13504
2,1,1,1,6,7,23,1,N,2,22713
1,3,2,2,7,7,20,1,N,2,11324
1,6,1,1,2,7,27,1,N,2,11683
2,1,1,1,1,6,28,1,N,2,10288
2,4,1,1,0,7,39,1,N,2,15089
1,6,1,1,9,7,32,1,N,2,21001
1,1,1,1,4,9,50,1,N,2,11074
2,2,2,1,0,7,53,1,N,2,21266
1,1,2,1,0,5,62,1,N,2,10414
1,1,1,0,3,7,41,1,N,2,13417
2,2,6,0,0,8,32,1,N,1,27252
1,5,1,1,3,3,49,1,N,2,2521
2,1,1,2,4,9,48,1,N,2,3949
2,1,1,1,8,N,49,1,N,2,15172
1,6,1,1,7,7,13,1,N,2,22155
1,1,1,2,0,7,77,1,N,2,3248
2,1,1,0,2,12,91,1,N,2,11903
2,1,8,1,4,6,78,1,3,2,10614
2,1,1,1,N,4,79,1,N,2,20015
1,4,1,1,2,7,80,1,N,2,11515
1,6,2,2,2,7,37,1,N,2,14974
2,1,1,1,4,11,48,1,N,2,14187
1,N,1,1,0,5,23,1,N,2,6275
2,2,2,2,8,6,77,1,N,2,13363
1,4,1,1,2,7,35,1,N,1,16843
2,6,2,2,2,N,23,1,N,2,26461
2,4,2,1,5,6,61,1,N,2,22479
2,6,1,1,2,7,13,1,N,2,27252
2,1,1,1,N,N,41,1,N,2,8106
2,1,4,1,5,11,60,1,N,2,3577
2,1,2,2,8,7,25,1,N,2,11541
1,1,1,2,2,7,91,1,N,2,9749
2,1,1,1,N,7,84,1,N,2,15227
2,6,1,1,N,7,37,1,N,2,22994
2,4,4,2,2,6,65,1,N,2,24856
2,4,1,1,N,7,54,1,N,2,20404
2,1,1,1,4,8,33,1,N,2,3744
2,1,1,1,5,12,41,3,N,2,21021
2,1,1,1,6,N,10,1,N,2,11233
1,1,1,1,6,2,17,1,N,2,17297
1,6,1,2,8,7,45,1,N,2,18786
2,6,1,1,N,7,38,1,4,2,26062
2,6,1,2,7,7,18,1,N,2,12576
1,1,1,1,3,N,20,1,N,2,19416
2,6,1,1,5,12,25,1,N,2,5090
1,6,1,2,7,N,69,1,N,2,7641
1,6,1,1,1,7,3,2,N,2,20234
2,1,1,1,0,5,0,1,N,2,23185
2,3,7,1,8,7,73,1,N,2,17777
2,6,1,2,7,5,49,1,N,2,13987
1,6,1,2,0,6,50,3,N,2,16455
1,1,1,1,6,7,70,1,N,2,11314
2,1,2,1,1,5,45,1,N,2,9792
2,6,1,0,2,7,32,1,N,2,14435
2,6,1,1,4,4,26,1,N,2,21950
1,6,1,1,3,7,16,1,N,2,18676
1,6,1,2,3,5,0,1,N,1,9596
2,1,1,1,N,7,9,1,N,2,16843
2,6,2,1,2,7,63,1,N,2,14592
1,1,1,1,7,2,23,1,N,2,23345
2,1,9,1,5,7,42,1,N,2,8546
1,1,1,1,2,7,23,1,N,2,10934
1,1,1,1,6,8,73,1,N,2,24165
1,1,1,2,N,7,48,1,N,2,23952
2,1,2,2,9,2,45,1,N,2,18867
2,1,1,1,8,11,52,1,N,2,27252
2,6,2,1,1,3,9,3,4,2,12722
2,1,1,1,3,9,20,1,N,2,10207
2,1,1,1,9,N,57,1,N,2,21640
2,1,2,1,6,N,25,1,N,2,26028
1,6,1,2,1,5,16,1,N,2,11730
1,1,1,1,8,7,36,1,N,2,20943
2,1,2,2,3,7,32,1,N,2,19519
1,4,1,1,1,7,39,1,N,2,22340
2,1,1,1,7,N,60,1,N,2,21693
1,3,1,1,N,N,75,1,N,2,20712
1,6,2,1,1,9,29,1,N,2,3844
1,6,2,2,N,7,34,1,N,2,24887
2,6,1,1,4,7,55,1,N,2,23448
2,1,1,1,9,2,78,1,N,2,16730
2,3,1,2,2,7,77,1,N,2,14754
1,1,4,2,3,3,35,1,N,2,15782
2,1,1,1,N,7,82,1,5,2,23832
1,6,1,2,9,N,22,1,N,2,18724
2,6,1,0,9,5,44,1,N,2,9868
2,4,1,2,8,7,66,1,N,2,19464
2,3,1,1,9,9,70,1,N,2,11766
2,1,1,2,9,12,65,1,N,2,26041
1,1,1,1,N,7,67,1,N,2,15455
1,6,9,1,0,6,52,1,N,2,12060
1,1,1,2,1,8,31,1,N,2,9480
2,1,1,1,5,N,59,1,N,2,5742
2,1,6,1,8,10,95,1,N,2,14790
2,1,1,1,2,9,27,1,N,2,23839
2,6,2,1,7,11,65,1,N,2,17759
1,6,5,2,6,12,28,1,N,2,12316
2,1,1,1,9,9,65,3,N,1,8191
1,1,2,1,4,7,87,1,N,2,21956
1,1,1,1,8,9,51,1,N,2,19311
2,6,7,0,6,5,38,1,N,2,20301
2,6,2,1,4,7,60,1,N,2,12542
2,4,1,1,3,7,41,1,N,2,9489
2,6,2,1,7,7,12,1,N,2,24939
1,1,2,2,0,6,22,2,N,2,18717
1,1,1,1,5,7,73,1,N,2,7121
2,3,2,1,0,6,58,1,3,2,12413
2,4,1,1,4,6,7,1,N,2,13343
2,1,1,2,8,7,24,1,N,2,7756
1,6,1,2,N,5,77,1,N,2,15670
2,4,7,1,0,7,81,1,N,2,13205
2,1,1,1,7,8,36,1,N,2,14709
2,1,1,1,8,N,53,1,N,2,16705
1,6,1,1,0,8,0,1,N,2,12380
2,6,1,2,0,6,59,1,N,2,24590
2,1,1,1,8,9,28,1,N,2,15990
1,1,2,2,4,2,46,2,N,2,17583
1,1,1,1,3,9,52,1,N,2,13396
1,1,6,1,5,7,32,1,N,2,21993
2,4,6,2,0,9,13,1,N,2,27252
2,1,1,2,6,N,65,1,N,2,19037
2,1,1,1,N,3,45,1,N,2,10075
1,6,1,1,5,N,64,1,N,2,17398
2,1,1,1,N,7,38,1,N,2,12266
2,N,1,1,9,7,80,1,N,2,13690
2,6,1,1,0,N,24,1,N,2,19027
1,6,2,1,2,6,15,1,N,2,22258
2,1,1,1,N,7,59,1,N,2,12684
2,1,3,1,6,3,69,1,N,2,13208
1,3,1,1,0,3,49,3,4,2,23382
2,1,1,1,9,3,43,1,N,2,15249
2,1,1,2,9,7,52,1,N,2,21248
2,6,1,0,5,4,50,1,N,2,13625
1,1,1,1,5,11,77,1,N,2,13890
2,1,1,1,2,5,30,1,N,2,17207
2,6,2,2,8,7,39,1,N,2,16871
1,6,1,1,8,7,51,1,N,2,22154
1,1,1,1,N,3,13,1,N,2,24939
2,1,3,1,3,N,29,1,N,2,5728
1,6,1,2,N,N,21,1,N,2,9374
1,6,1,2,9,7,64,1,N,2,6933
2,1,1,1,5,5,35,1,N,2,17337
2,1,1,1,9,9,58,1,N,2,11246
1,6,1,1,3,6,46,1,N,2,5172
2,1,4,1,6,3,71,1,N,2,8653
2,6,1,2,8,9,33,1,N,2,23741
1,1,1,1,6,N,29,1,N,2,20138
2,6,1,2,6,7,29,1,N,2,22576
1,4,1,1,6,4,6,1,N,2,4051
1,1,3,2,8,4,9,1,N,2,15794
2,6,1,1,N,N,63,1,2,2,27252
2,6,1,1,4,7,95,1,N,2,20717
2,1,1,2,6,9,16,1,N,2,12463
2,4,2,1,6,7,60,1,N,2,19092
1,1,1,2,9,2,69,1,N,2,20352
2,1,1,2,N,7,47,1,4,2,9230
1,6,1,1,4,N,24,1,N,2,20757
2,1,1,2,8,6,55,1,N,2,10384
2,6,2,2,0,6,43,1,N,2,19383
1,1,1,2,3,1,50,1,N,2,19033
2,1,1,1,N,7,60,1,N,2,10315
2,1,1,2,4,7,58,1,N,2,19134
2,1,1,1,N,7,67,1,N,2,21587
2,1,1,1,7,5,61,1,N,2,7252
2,1,1,1,8,7,58,1,N,2,12353
2,1,1,1,0,12,51,2,N,2,13300
2,4,2,2,2,N,24,1,N,2,12045
1,6,1,1,N,N,5,1,N,2,13729
1,6,1,1,4,9,21,1,N,2,15289
1,1,1,1,7,6,47,1,N,2,9346
1,1,1,1,9,9,81,1,N,2,20991
2,1,1,1,8,N,10,1,N,2,15957
2,6,1,2,1,4,19,1,N,2,25814
2,6,2,1,N,7,31,1,N,2,10225
2,1,1,1,0,7,20,1,N,2,24939
1,1,1,1,1,4,32,1,N,2,11680
1,6,2,1,5,8,78,1,N,2,11303
2,6,7,2,6,6,29,1,N,2,17843
2,4,2,1,7,7,55,1,N,2,20011
2,6,1,1,9,7,17,1,N,2,24544
2,1,1,1,7,6,44,1,N,2,20744
1,6,1,2,2,7,61,1,N,2,3631
2,1,1,1,8,6,22,1,N,2,26936
2,6,1,1,5,7,55,1,N,2,9507
1,1,1,1,9,7,51,1,N,2,22425
1,6,7,2,7,7,59,1,N,2,13279
2,1,1,2,2,7,44,1,N,2,5405
1,1,2,1,4,3,30,1,N,2,13070
1,1,1,1,0,7,45,1,3,2,15025
2,1,1,2,4,9,56,1,N,2,16663
1,6,1,1,4,7,12,1,N,2,9881
2,1,1,1,9,N,46,1,N,2,14913
1,1,2,2,N,7,27,1,N,2,26889
2,4,2,2,N,3,56,1,N,2,21959
2,1,1,1,6,7,3,2,N,2,22795
2,6,7,2,N,7,44,1,N,2,20934
2,N,1,0,0,3,14,1,N,2,19116
1,1,2,1,2,8,61,3,N,2,19920
2,1,1,2,9,7,37,1,N,2,15735
2,6,9,2,0,4,21,1,N,2,17122
2,6,1,2,0,4,33,1,N,2,2504
1,6,6,1,1,3,34,1,N,2,22325
2,6,1,1,4,9,52,1,N,2,6767
2,1,2,1,8,N,64,1,N,2,27252
2,4,1,0,0,5,40,1,N,2,15697
2,1,1,1,9,6,30,1,N,2,18075
1,1,1,1,5,3,9,1,1,2,15715
2,4,2,0,4,5,26,1,N,2,24619
1,1,1,1,4,5,46,1,N,2,2196
1,1,2,1,4,5,68,2,N,2,21175
2,6,2,1,2,2,31,1,N,2,16450
2,3,2,1,N,7,23,1,N,2,2995
2,6,6,1,9,7,47,1,N,2,14087
1,6,1,2,3,3,49,1,N,2,3039
2,1,1,1,6,10,68,1,N,2,14097
1,4,1,2,5,N,35,1,N,2,387
1,1,1,2,2,4,39,1,N,2,9640
2,6,1,1,8,N,38,1,N,2,9617
1,1,1,1,0,3,54,1,N,2,27252
2,1,9,1,8,N,36,1,N,2,15380
2,1,1,1,6,7,78,1,N,2,15946
2,6,2,1,7,2,54,1,N,2,9984
1,6,1,2,2,5,15,1,N,2,14137
2,1,1,1,9,N,34,1,N,2,27252
1,6,2,1,4,6,19,1,N,2,5457
1,1,1,1,8,N,86,1,N,2,27252
2,1,1,1,7,7,40,1,N,2,23887
1,6,5,1,8,9,22,3,N,2,27252
1,6,1,1,7,7,20,1,N,2,13508
1,1,1,1,6,7,74,1,N,2,17740
2,1,1,2,2,4,71,1,N,2,6622
2,1,1,1,N,N,68,1,N,2,23843
1,6,2,1,8,6,44,1,N,2,16103
2,1,1,2,8,7,12,1,N,2,21550
2,6,1,1,0,4,32,1,N,2,26043
2,1,1,1,5,N,57,1,N,2,27252
1,1,1,1,N,7,65,1,N,2,24904
2,1,1,1,7,7,61,1,N,2,23670
2,N,2,1,N,7,61,1,N,2,8321
1,1,1,1,6,11,63,1,N,2,24419
1,6,6,0,N,7,36,1,N,2,25077
2,1,1,1,1,4,12,1,N,2,8003
1,6,1,1,N,2,53,1,N,2,15697
2,6,1,1,N,N,25,1,N,2,26786
2,1,1,1,7,7,19,1,N,2,3785
1,1,1,1,7,7,46,1,N,2,19170
2,6,1,2,1,4,54,1,5,2,21357
2,6,1,1,3,7,19,1,N,2,23096
1,1,1,1,4,11,37,1,N,2,24678
2,1,1,1,4,5,24,1,N,2,19891
1,6,1,2,4,7,14,1,N,2,15116
2,1,1,1,8,7,65,1,N,2,16100
2,6,1,2,3,6,68,1,N,2,10324
2,1,1,2,2,5,40,1,N,2,9116
1,1,2,1,9,N,74,1,N,2,20058
2,1,2,1,N,7,34,1,N,2,25363
2,1,4,2,9,N,14,1,N,2,20219
1,6,1,1,7,7,52,1,N,2,20125
2,1,6,1,5,7,53,1,N,2,14545
2,6,1,1,6,N,14,1,N,2,16477
1,1,4,0,1,7,38,1,N,2,24797
2,1,1,1,9,7,88,1,N,2,1703
2,1,1,1,9,N,30,1,N,2,11460
1,5,1,2,8,8,32,1,N,2,14388
2,1,1,1,2,4,71,1,N,2,9947
2,2,1,1,N,7,59,1,N,2,6074
1,1,1,1,8,N,43,1,N,2,7827
2,4,1,1,7,10,48,1,N,2,24028
1,1,1,1,0,9,10,1,N,2,10969
2,6,1,1,0,6,70,1,N,2,8507
1,1,1,1,8,7,22,1,N,2,15220
2,1,2,2,3,7,51,1,N,2,12039
1,1,1,2,6,11,59,1,N,2,19872
1,1,1,1,5,7,61,1,N,2,15929
1,1,1,1,6,2,68,1,N,2,24523
1,1,1,1,9,7,63,1,N,2,17115
2,1,1,1,N,N,80,1,N,2,23204
2,1,1,1,7,N,62,1,N,2,10137
2,6,1,0,3,5,80,1,N,2,3692
1,6,1,2,3,7,8,1,N,2,17268
2,1,1,1,7,4,27,1,N,2,9189
1,6,2,1,3,3,15,1,N,2,22773
2,1,1,1,4,N,37,1,N,2,26894
2,3,2,1,6,5,95,2,N,2,4701
2,1,2,2,9,6,65,1,N,2,20960
1,N,1,2,4,5,17,1,N,2,19666
2,6,2,1,9,N,30,1,N,2,16359
2,6,2,1,4,N,47,1,N,2,1843
1,1,1,1,9,7,52,1,N,2,21452
1,6,1,1,N,7,33,1,N,2,13790
2,6,1,0,6,N,42,1,N,2,17656
1,6,1,1,5,5,44,1,N,2,12744
2,5,1,2,0,4,0,1,N,2,20948
1,6,2,1,N,N,66,1,N,2,14924
2,1,1,2,N,7,34,1,N,2,18832
1,1,1,1,2,6,71,1,N,2,2327
2,1,1,1,7,2,48,1,N,2,15156
1,4,1,1,5,7,0,1,N,2,20710
1,1,1,0,9,7,39,3,N,2,2407
1,1,1,2,1,4,35,1,N,2,15501
1,1,1,1,9,9,18,1,N,2,22448
1,1,1,1,2,2,30,1,N,2,18512
1,3,6,1,2,11,56,1,N,2,17879
1,1,1,1,4,11,76,1,N,2,18840
1,1,8,1,2,6,75,1,N,2,19696
1,4,1,1,5,5,63,1,N,2,11528
2,3,1,1,0,N,14,1,N,2,26445
1,6,2,1,2,N,41,1,N,2,27252
2,1,1,1,5,N,71,1,N,2,10805
1,1,1,1,0,5,41,1,N,2,22000
1,1,1,1,6,7,70,1,N,2,21801
2,6,1,2,6,7,42,1,N,2,11803
2,1,1,1,0,10,27,1,N,2,24623
1,1,2,1,0,10,59,1,N,2,22857
2,6,1,2,0,8,85,1,N,2,17417
2,1,1,1,8,7,78,1,N,2,19592
2,6,1,1,3,4,11,1,N,2,24498
2,1,1,1,N,7,23,1,N,2,13650
2,1,2,1,N,7,85,1,N,2,19057
2,1,9,1,7,12,58,1,N,2,27252
2,5,1,1,1,7,48,3,N,2,20047
1,1,1,2,9,2,14,1,N,2,13975
1,6,1,1,1,8,59,1,N,2,15234
2,1,2,1,9,7,44,1,N,2,14266
2,6,2,1,4,10,51,2,N,2,17793
1,1,1,1,6,9,65,1,N,2,27252
2,1,1,1,4,7,28,1,N,2,25317
1,1,1,0,4,7,21,3,N,2,18370
1,1,1,2,6,7,28,1,N,2,16625
2,6,1,1,6,6,51,1,N,2,13830
2,1,1,0,8,9,67,1,N,2,20398
2,1,1,1,7,7,37,1,N,2,9652
2,1,4,1,2,7,44,1,N,2,24338
2,3,1,1,7,3,62,1,N,2,15197
2,4,1,1,5,12,44,1,N,2,903
2,1,1,1,8,7,32,1,N,2,21564
1,1,1,1,N,N,58,3,N,2,18131
1,1,1,1,8,7,63,1,N,2,20439
1,1,1,2,0,5,81,1,N,2,17608
2,1,1,1,7,7,70,1,N,2,27252
1,1,1,1,6,2,29,1,N,2,20917
1,1,1,1,N,N,32,1,N,2,25001
2,1,1,2,6,7,51,1,N,2,16934
2,6,1,1,8,7,35,1,N,2,21969
2,1,1,1,0,7,36,1,N,2,24939
2,1,2,1,9,5,61,1,N,2,2260
2,1,1,1,2,11,21,1,N,2,15643
2,1,1,1,N,7,71,1,N,2,17892
1,1,2,2,1,4,30,1,N,2,12984
1,1,1,1,1,6,47,1,N,2,15208
2,6,1,2,7,N,24,1,N,2,14281
2,3,4,1,9,5,60,1,N,2,10490
1,1,1,1,0,N,28,1,N,2,9926
1,6,2,2,5,4,0,1,N,2,14695
2,6,1,1,2,8,40,1,N,2,12580
1,1,1,1,8,2,20,1,N,2,13655
1,1,1,1,9,N,69,1,N,2,20942
1,1,1,1,9,7,46,1,N,2,7633
1,6,1,1,2,7,54,1,N,2,22796
1,6,1,1,0,7,90,1,N,2,10176
1,4,1,1,4,4,52,1,N,2,20515
1,4,1,1,8,4,31,1,N,2,14041
1,1,1,1,5,N,50,1,N,2,27252
1,1,1,1,9,9,62,1,N,2,16965
2,1,1,1,8,8,56,1,N,2,9784
1,1,1,1,8,5,89,1,N,2,11338
1,1,1,2,0,N,92,1,N,2,13742
2,6,1,1,7,7,42,1,N,2,17596
1,1,1,2,N,5,31,1,N,2,2331
2,1,1,2,9,N,71,1,N,2,24151
2,1,1,1,N,7,49,1,N,2,17439
2,1,1,1,9,7,71,1,N,2,20753
1,1,1,1,9,7,65,1,N,2,21650
1,6,1,2,6,7,30,1,N,1,25721
2,3,1,2,3,4,39,1,N,2,20962
1,6,1,1,9,7,60,1,N,2,18777
2,1,1,1,N,N,87,1,N,2,13916
1,6,1,1,6,1,0,1,N,2,25515
2,1,1,1,6,N,78,1,N,2,16671
2,5,1,1,8,N,75,1,N,2,24678
1,1,1,2,6,1,43,1,N,2,19417
1,6,1,1,0,1,23,1,N,2,15798
1,1,1,2,2,7,70,1,N,2,27114
2,1,1,2,9,7,43,1,N,2,23947
2,6,9,2,6,9,26,3,N,2,12511
2,1,1,1,8,N,62,1,N,2,25835
2,1,1,1,N,7,57,1,N,2,25168
2,1,1,2,8,7,58,1,N,2,19710
2,1,1,0,9,6,40,1,N,2,12011
2,1,2,1,9,7,74,1,N,2,17111
1,1,1,1,6,7,14,1,N,2,23268
2,1,1,1,2,7,7,1,N,2,22136
1,4,1,1,N,N,48,1,N,2,22141
2,1,1,1,9,11,55,1,N,2,20028
2,6,1,1,N,7,30,1,N,2,12486
2,4,1,1,8,2,16,1,N,2,27252
2,6,1,1,N,4,59,1,N,2,10374
1,1,1,1,7,9,54,1,N,2,21641
2,1,1,1,5,11,79,1,N,2,18809
2,3,1,1,2,7,71,1,6,2,20953
2,4,3,1,2,3,41,1,N,2,14447
1,1,1,1,4,7,62,1,N,2,11964
2,6,1,1,4,6,25,1,N,2,17564
2,1,2,1,2,6,21,1,N,2,25101
2,3,1,1,6,6,68,1,N,2,14923
1,6,9,1,6,12,52,1,N,2,11272
2,6,1,1,8,7,74,1,N,2,15199
1,6,5,1,2,6,67,1,N,2,16097
2,6,2,2,3,7,0,1,N,2,18969
1,4,1,2,6,7,9,1,N,2,9483
2,1,1,1,5,11,57,1,N,2,11294
2,4,1,1,2,3,36,1,N,2,20269
1,1,1,1,8,2,62,1,N,2,17580
2,2,1,2,1,6,72,1,N,1,14941
2,1,1,1,7,6,31,1,N,2,24767
2,1,1,1,9,7,43,1,N,2,23564
1,1,1,2,9,7,71,1,N,2,12050
2,1,1,1,8,N,75,1,N,2,26614
2,1,1,2,6,4,38,1,N,2,1692
1,1,1,1,9,7,57,1,N,2,9380
2,1,2,1,5,6,32,1,N,2,21376
1,6,1,1,9,4,69,1,N,2,18147
2,6,1,2,6,N,32,1,N,2,7648
1,2,2,1,N,7,49,1,N,2,20039
2,6,1,1,6,6,51,1,N,2,11479
1,1,2,2,8,11,78,1,N,2,10464
2,1,1,1,1,10,44,1,N,2,23737
2,1,1,1,6,N,57,1,N,1,17685
1,6,1,2,9,10,49,1,N,2,20953
2,1,1,1,8,2,39,1,N,2,16784
1,1,1,1,9,11,44,1,N,2,24939
2,1,1,1,5,10,53,1,N,2,24083
1,6,1,2,0,3,23,1,N,2,3706
2,6,1,1,3,N,6,1,N,2,24939
2,6,1,1,4,5,8,1,N,2,22216
2,1,1,1,5,N,27,1,N,2,14658
2,6,1,1,0,4,27,1,N,2,21869
1,6,1,2,7,7,17,1,N,2,17881
2,6,1,2,8,7,31,1,N,2,8723
2,6,3,1,6,7,39,1,N,2,9097
1,1,1,1,4,12,61,1,N,2,9589
2,1,1,2,6,7,30,1,N,2,13871
1,1,1,2,4,12,30,1,N,2,1951
2,1,1,2,N,7,81,1,N,2,20278
2,6,1,1,3,11,30,1,N,2,7662
2,5,1,1,8,7,22,1,N,2,21310
1,6,1,2,N,12,42,1,N,2,4898
1,1,1,1,N,7,83,1,N,2,25719
2,1,6,1,2,7,3,1,N,2,27252
2,1,1,1,0,6,78,1,N,2,12434
2,1,8,1,3,10,47,1,N,2,4501
2,6,1,1,0,7,62,1,N,2,24040
2,6,1,2,1,3,37,1,N,2,11397
1,1,1,2,9,7,4,1,N,1,24939
2,6,9,2,7,7,33,1,N,1,15441
1,6,1,1,6,7,30,1,N,2,27252
2,1,1,1,8,N,49,1,N,2,23544
2,6,1,2,8,N,34,1,N,2,17289
1,1,2,1,8,7,16,1,N,2,15553
2,6,1,1,9,1,27,2,N,2,5589
2,1,1,1,6,7,66,1,N,2,14438
2,6,1,1,8,7,35,1,N,2,9168
1,6,2,1,0,12,11,1,N,2,18950
2,1,1,2,5,11,66,1,N,2,18975
2,6,1,1,3,8,88,1,N,2,4237
2,1,1,1,5,5,41,1,N,2,24364
1,5,1,2,6,7,70,1,N,2,15064
1,6,2,2,0,6,22,1,N,2,16718
1,1,1,1,3,7,57,1,N,2,10523
2,1,1,1,N,N,81,1,N,2,17005
2,6,1,2,2,5,30,1,N,2,10764
1,6,6,1,1,9,39,1,N,2,22465
1,1,1,1,8,N,57,1,N,2,27252
2,6,1,2,0,10,21,1,N,2,14835
2,1,1,1,6,7,63,1,N,2,7129
2,1,1,1,9,N,23,1,N,2,23210
1,1,1,1,9,N,61,1,N,2,9427
1,1,1,1,0,3,41,1,N,2,26469
1,6,1,2,0,6,0,1,N,2,14190
2,6,2,1,2,7,69,1,N,2,27252
2,1,1,1,N,3,49,1,N,2,16445
2,6,1,0,5,7,5,1,N,2,12088
1,1,1,1,0,N,37,1,N,2,23040
2,1,1,2,7,12,49,1,N,2,6644
2,6,1,2,3,11,60,3,N,2,24939
1,4,2,0,6,7,52,1,N,2,3968
1,5,8,1,6,7,35,1,N,2,18899
2,6,1,1,N,7,41,1,N,2,20266
1,1,1,1,2,12,43,1,N,2,22158
2,1,1,1,N,N,78,1,N,2,6475
2,6,1,1,5,7,20,1,N,2,16298
1,1,1,2,2,6,60,1,N,2,12539
2,6,3,2,1,6,20,1,N,2,16396
2,1,1,1,1,1,72,1,N,2,10046
1,1,1,1,8,7,64,1,N,2,17790
1,1,6,1,4,5,31,1,N,2,17355
1,1,7,2,0,6,27,1,N,2,9691
1,1,1,1,5,6,13,1,N,2,18668
2,6,1,1,9,7,28,1,N,2,16520
2,6,1,2,3,10,73,1,N,2,12020
1,1,1,1,8,7,32,1,N,2,15567
1,6,2,1,1,7,32,2,N,2,16465
1,6,2,1,9,7,90,1,N,2,7564
2,1,1,1,2,9,46,1,N,2,23397
1,1,1,1,N,7,50,1,N,2,24939
1,6,1,2,0,11,30,1,N,2,13467
2,1,1,1,5,6,25,1,N,2,11849
2,1,5,1,4,9,67,1,N,2,1005
1,1,2,1,0,3,82,1,N,2,7142
2,1,1,1,3,7,52,1,N,2,16565
2,3,2,0,9,N,19,1,N,2,17275
2,1,1,1,1,9,57,1,N,2,19628
2,1,6,2,4,7,43,1,N,2,12266
2,6,1,1,N,7,42,1,N,2,12840
2,6,2,1,2,9,28,1,N,2,14427
2,1,1,1,5,6,31,1,N,2,11579
2,4,1,1,4,12,62,1,N,2,11752
2,1,1,1,7,9,43,1,N,2,8182
1,1,1,1,6,6,74,1,N,2,19274
1,6,1,2,7,7,52,1,N,2,4010
2,4,1,1,N,7,38,1,N,2,16506
1,6,1,1,5,7,8,1,N,2,26093
2,1,1,2,8,9,51,1,N,2,3606
2,6,1,0,7,7,16,1,N,2,23941
2,4,1,1,3,3,67,1,N,2,20244
1,6,1,1,4,6,32,1,N,2,10308
1,6,1,1,3,7,72,1,N,2,6071
1,1,1,1,7,7,29,1,N,2,18006
2,1,1,1,N,7,17,1,N,2,22717
1,1,1,2,9,7,36,1,N,2,15467
2,4,2,2,2,4,22,1,N,2,18728
2,6,2,2,1,6,41,1,N,2,7371
1,1,8,1,0,7,36,1,N,2,4628
1,1,1,2,4,5,34,1,N,2,14957
1,1,1,1,9,7,66,1,N,2,26337
2,6,2,1,1,3,68,2,N,2,6571
1,6,1,1,5,9,53,1,N,2,5339
1,6,3,1,1,7,58,1,N,2,11619
1,6,2,2,N,7,31,1,N,2,17969
1,6,1,1,8,3,41,1,N,2,14567
1,1,1,1,1,5,58,1,N,2,12757
1,1,1,2,0,5,9,1,N,2,17762
2,1,1,1,7,6,70,1,N,2,6449
2,1,1,1,3,N,34,1,N,2,27252
2,4,1,1,7,10,45,1,N,2,16970
1,4,6,1,9,N,23,1,N,2,27252
2,1,2,1,6,9,64,1,N,2,27220
2,1,1,1,8,7,55,1,N,2,5046
1,6,9,1,4,4,49,1,N,2,9619
1,4,9,1,2,5,30,1,N,2,1418
2,6,1,1,7,11,37,1,6,2,20438
2,1,1,1,5,12,52,1,N,2,23113
1,4,1,1,1,7,46,1,N,2,15838
1,6,1,2,0,6,26,1,N,1,18097
1,1,1,1,3,7,17,1,N,2,25948
2,1,1,1,7,N,18,1,N,2,27252
1,4,2,2,4,5,31,1,N,2,12988
1,6,1,2,2,7,34,1,N,2,24106
2,6,1,2,1,9,17,1,N,2,8533
1,1,4,1,5,11,43,1,N,2,9056
1,6,2,1,8,7,52,1,N,2,3711
1,1,1,2,0,6,24,1,N,2,22894
2,1,6,2,6,2,28,1,N,2,12301
2,6,1,2,2,5,67,1,N,2,7464
2,6,1,1,3,6,54,1,N,2,19262
1,1,1,1,4,9,47,1,N,2,22717
1,1,1,1,N,7,33,1,N,2,23023
1,1,2,1,4,7,58,1,N,2,22101
1,1,1,1,6,6,61,1,N,2,17434
2,6,1,1,N,7,18,1,N,2,9135
1,1,1,1,4,5,73,1,N,2,26112
2,1,1,1,N,7,49,1,N,2,9427
2,2,1,1,N,N,81,1,N,2,13364
1,1,1,1,8,7,44,1,N,2,6485
1,6,1,1,6,7,41,1,N,2,18202
2,1,1,1,1,7,31,1,N,2,16245
2,6,2,2,4,6,73,1,N,2,17016
2,6,2,1,5,7,55,1,N,2,19186
1,1,1,1,7,7,36,1,N,2,22968
1,6,9,2,N,9,51,1,N,2,17195
2,1,1,1,N,6,57,1,N,2,10344
2,1,5,1,1,5,44,1,N,2,18574
2,1,1,1,2,3,81,1,N,2,20154
1,1,1,1,N,N,54,1,N,2,19053
2,1,1,1,0,7,71,1,N,2,12643
2,1,1,1,9,7,28,1,N,2,16883
2,1,1,1,6,3,67,1,N,2,17303
2,6,1,1,3,5,14,1,N,2,24516
1,1,1,1,2,5,2,1,N,2,11527
2,1,3,1,7,7,27,1,N,2,17570
1,1,1,1,N,3,43,1,N,2,15025
2,1,1,2,N,N,11,1,N,2,19448
1,6,1,1,6,7,68,1,N,2,18519
1,6,1,1,5,9,35,1,N,2,9743
2,1,1,1,5,N,49,1,N,2,15915
1,1,1,1,7,7,90,1,N,2,17393
2,1,3,2,6,N,89,1,N,2,18213
2,1,1,1,8,3,33,1,N,2,4895
1,3,2,0,4,7,29,1,N,2,18648
1,5,2,1,9,6,24,1,N,2,21369
2,1,1,1,6,7,33,1,N,2,22238
2,6,1,1,4,6,23,1,N,2,10751
1,1,5,2,3,7,43,1,N,2,12087
1,1,2,2,2,4,27,1,N,2,24939
1,6,1,2,8,N,62,1,N,2,17547
1,1,1,1,9,N,48,1,N,2,24392
2,1,1,1,N,N,61,1,N,2,16276
1,6,1,2,6,3,75,1,N,2,6716
2,1,1,1,7,9,44,1,N,2,16528
2,4,1,1,N,7,28,1,N,2,15979
2,6,6,2,3,7,20,3,N,2,14276
2,6,1,1,N,7,28,1,N,2,27228
2,1,2,1,N,7,62,1,N,2,27252
2,6,1,2,8,7,30,1,N,2,24100
1,6,1,2,9,7,37,1,N,2,15081
1,1,1,2,N,N,44,1,N,2,27252
1,6,1,2,7,7,36,1,N,2,18649
2,1,1,1,9,3,0,1,N,2,24939
1,4,1,1,N,2,54,1,N,2,22516
1,1,1,2,1,7,21,1,N,2,14503
2,N,1,1,3,N,48,1,N,2,14061
1,4,2,2,3,6,15,1,N,2,18319
2,1,1,1,N,N,79,1,N,2,20234
2,6,1,1,1,10,18,1,N,2,23911
2,6,6,2,6,5,1,1,N,2,13483
2,4,2,1,N,7,61,1,N,2,5293
2,4,1,1,N,3,73,1,N,2,26503
2,4,2,1,7,11,52,1,N,1,15250
2,4,9,2,8,N,71,1,N,2,5031
1,3,1,1,2,5,14,1,N,2,17080
1,1,1,1,7,6,43,1,N,2,20385
1,6,1,1,N,4,44,1,N,2,9493
2,6,2,1,1,5,38,1,N,2,10102
1,6,1,1,7,6,39,1,N,2,4196
1,1,1,1,9,12,75,1,N,2,16441
2,5,2,1,1,7,58,1,N,2,24254
1,N,1,2,2,6,38,1,N,2,27252
2,6,1,1,8,N,48,1,N,2,23781
2,1,1,1,9,3,56,1,N,2,25315
1,1,1,1,7,7,53,1,N,2,19670
2,6,2,2,1,5,49,1,N,2,5659
2,1,1,1,8,6,52,1,N,2,2709
1,4,1,1,0,8,41,1,N,2,15186
1,4,1,1,7,7,43,1,N,2,24433
2,1,2,1,6,7,41,1,N,2,24939
1,1,1,1,1,8,47,1,N,2,13889
2,1,1,1,0,3,7,1,N,2,6907
2,1,1,1,9,7,48,1,N,2,21037
2,1,1,1,2,N,67,1,N,2,14703
1,5,1,2,2,7,7,1,N,2,8621
2,6,2,1,1,6,20,1,N,2,17775
1,6,1,2,1,4,26,1,N,2,13528
1,1,1,1,N,3,68,1,5,2,20538
2,1,1,1,N,7,71,1,N,2,13255
1,1,1,1,9,2,75,1,N,2,27252
1,1,1,1,8,N,16,1,N,2,22473
1,6,1,1,7,5,42,1,N,2,5530
1,6,2,1,9,6,69,1,N,2,11068
2,1,1,2,7,N,23,1,N,2,19531
2,2,1,1,2,9,74,1,N,2,18013
2,6,8,2,9,2,79,1,N,2,10337
2,4,1,1,6,6,69,1,N,2,20401
2,6,1,2,6,6,33,1,N,2,23348
1,6,1,1,8,6,61,1,N,2,12964
2,6,2,1,3,9,0,1,N,2,26853
2,1,1,1,6,7,61,1,N,2,27252
1,3,2,1,3,4,16,1,N,2,23871
1,1,1,0,6,N,36,1,N,2,21564
1,1,1,2,8,11,21,1,N,2,8181
1,1,2,1,0,7,31,1,N,2,18086
1,3,8,1,3,N,4,1,N,2,21625
2,6,1,1,6,7,27,1,N,2,3348
2,4,1,1,0,9,56,1,N,2,11522
2,N,1,1,0,2,22,1,N,2,19022
1,1,1,1,3,6,65,1,N,2,17066
2,5,1,2,5,7,7,1,N,2,12367
2,6,6,2,4,6,30,1,N,2,17941
2,5,1,2,1,10,24,1,N,2,17858
2,1,1,1,9,9,60,1,N,2,13439
2,1,1,1,8,12,44,1,N,2,27022
2,1,6,1,3,5,80,1,N,2,0
2,1,1,1,9,6,49,1,N,2,16612
1,1,2,1,8,N,53,1,N,2,8956
2,1,2,1,8,7,28,1,N,2,21681
2,1,1,2,4,12,81,1,N,2,10812
2,6,1,2,0,5,2,1,N,2,23237
2,6,1,1,2,1,30,1,N,1,8632
2,6,1,1,N,N,51,1,N,2,15839
2,1,1,2,9,N,30,1,N,2,7039
2,1,1,1,0,7,61,1,N,2,9740
1,1,1,2,9,6,10,1,N,2,23974
2,6,1,1,4,6,2,1,N,2,22761
2,1,1,0,0,1,26,1,N,2,20794
2,1,1,1,5,9,50,1,N,2,16827
2,1,5,1,3,10,26,1,N,2,1619
2,1,1,1,7,8,37,1,N,2,23763
1,1,1,1,N,3,54,1,N,2,15992
1,1,1,2,3,7,26,1,N,2,17028
2,1,2,1,3,5,63,1,N,2,14436
2,6,1,1,0,7,55,1,N,2,20092
2,6,1,1,5,12,22,1,N,2,16476
2,6,1,1,1,5,56,1,N,2,2621
2,N,1,1,7,6,61,1,N,2,19606
1,1,1,2,0,7,74,1,N,2,13685
2,1,1,1,N,3,66,1,N,2,18171
2,6,4,2,N,7,37,1,N,2,19956
2,1,1,0,N,7,49,1,N,2,18039
2,3,1,1,6,5,73,1,N,2,17790
2,6,1,1,N,3,1,1,N,2,21122
2,1,1,1,N,N,70,1,N,2,16846
2,2,1,2,0,11,34,1,N,2,25178
1,6,2,1,7,7,33,1,N,2,2058
2,1,1,1,9,3,58,1,N,2,18504
1,1,1,1,1,6,71,1,N,2,13646
2,6,2,0,6,7,57,1,N,2,11765
2,4,2,2,4,N,76,1,N,2,10627
2,1,9,1,4,7,78,1,N,2,2990
1,6,1,1,6,12,56,1,N,2,20632
1,1,1,1,2,6,42,1,N,2,15615
1,1,1,1,6,7,54,1,N,2,9839
2,1,1,1,7,7,6,1,N,2,8119
1,6,1,1,4,3,16,1,N,2,23886
2,6,1,2,2,N,45,1,N,2,14971
2,1,9,1,6,7,82,1,N,2,17151
1,6,1,1,8,7,67,1,N,2,9976
2,2,1,2,8,7,22,1,N,1,11190
1,6,1,1,4,9,42,1,N,2,10397
2,1,1,2,N,7,95,1,N,2,12113
1,6,2,2,3,7,9,1,N,2,22805
1,1,1,2,8,11,64,1,N,2,13486
1,1,2,1,4,2,53,1,N,2,17517
2,6,1,1,N,7,0,1,N,2,21026
1,1,1,1,0,7,93,1,N,2,16132
1,6,1,1,2,3,19,1,N,2,17953
1,6,8,2,0,5,26,1,N,2,20234
1,1,1,1,8,5,64,1,N,2,14474
1,1,1,1,2,7,53,1,N,2,26949
2,6,9,1,N,7,81,1,N,2,12121
2,6,1,2,8,7,32,1,N,2,19841
2,1,1,1,8,7,46,1,N,2,16259
1,1,1,1,4,3,47,1,N,2,20373
1,6,1,2,4,5,24,1,N,2,14853
2,6,1,1,5,7,28,1,N,2,10231
2,1,1,2,3,N,49,1,N,2,19276
1,6,1,2,8,N,1,1,N,2,27252
2,6,2,2,3,7,60,1,N,2,13729
2,4,1,1,6,11,74,1,N,2,14262
2,1,1,1,6,5,9,2,N,2,18554
1,6,1,2,5,6,19,1,N,2,21495
1,3,1,1,N,7,35,1,N,2,26538
2,6,2,2,7,4,5,1,N,2,27252
2,6,1,1,0,5,90,1,N,2,12278
1,6,1,1,4,5,12,1,N,2,9788
2,1,3,1,5,7,54,1,N,2,14238
2,1,1,1,1,7,24,1,N,2,5190
2,3,1,1,4,5,13,1,N,2,15804
2,6,1,1,5,7,82,1,N,2,1893
2,1,1,1,5,N,95,1,N,2,911
2,6,1,1,N,7,81,1,N,2,6431
1,1,1,1,6,9,53,1,N,1,19737
1,4,2,1,6,11,49,1,N,2,25487
2,6,2,1,6,4,58,1,N,2,16652
2,1,1,1,6,7,32,1,N,2,19245
1,1,1,1,N,7,69,1,N,2,16025
1,1,8,2,3,7,12,1,N,2,7809
2,1,1,1,0,6,15,1,N,2,20516
1,6,1,1,9,2,28,1,N,2,22660
1,1,1,1,7,7,68,1,N,2,20028
2,6,1,2,N,N,53,1,N,2,437
2,N,7,2,4,7,49,1,N,2,22367
2,1,1,1,5,7,57,1,N,2,17807
2,1,1,2,3,N,65,1,N,2,19902
2,6,8,1,0,7,92,1,N,2,15443
2,6,1,1,7,7,46,1,N,2,19071
2,6,2,2,N,7,61,1,N,2,2337
2,6,5,2,4,7,20,1,N,2,11247
2,6,1,2,0,3,0,1,N,2,16588
1,1,1,1,5,5,14,1,N,2,10066
1,1,1,2,7,11,19,1,N,2,17318
1,6,1,1,6,7,21,1,N,2,23216
1,6,2,2,0,6,22,1,N,2,10022
1,6,1,2,4,7,15,1,N,2,20222
2,4,1,2,1,5,60,1,N,2,15800
2,1,1,1,9,N,35,1,N,2,21257
1,1,1,1,N,7,72,1,N,2,17970
1,1,1,1,5,3,50,1,N,2,23298
2,5,6,2,N,6,80,1,N,2,14660
2,1,1,2,2,5,22,1,N,2,18350
1,1,1,1,9,7,10,1,N,2,20154
2,1,1,1,9,12,41,1,N,2,19613
2,6,6,1,2,6,16,1,N,2,17953
2,6,1,0,2,6,31,1,N,2,12683
1,1,5,0,N,3,38,1,N,2,26740
2,6,1,1,9,5,37,1,N,2,16882
2,1,6,1,0,N,50,1,N,2,27252
1,1,1,1,N,3,48,1,N,2,21611
2,6,1,2,0,N,49,1,N,2,23724
2,3,1,2,N,3,68,1,N,2,23131
2,1,1,2,N,7,28,1,N,2,9906
2,3,1,2,9,7,39,1,N,2,23283
2,1,1,1,0,9,17,1,N,2,14316
1,1,1,1,N,7,63,1,N,2,18491
1,1,1,1,9,7,51,1,N,2,10060
2,N,2,1,7,7,56,1,N,2,23544
1,1,6,2,5,9,44,1,N,2,21377
2,1,7,1,9,N,25,1,N,2,11189
1,6,2,1,3,12,34,1,N,2,21033
1,6,1,1,3,5,26,1,N,2,16735
2,6,1,2,3,5,21,1,N,2,7762
1,1,4,2,4,9,31,1,N,2,6611
2,6,1,1,0,9,26,1,N,2,17597
2,6,1,2,2,5,50,1,N,2,10090
1,3,8,1,6,7,11,1,N,2,24116
2,1,1,1,7,N,84,1,N,2,18634
1,1,1,1,8,6,76,1,N,2,14358
1,6,3,1,6,5,31,1,N,2,6289
1,1,1,2,0,8,13,1,N,2,14830
1,6,1,1,9,N,0,1,N,2,24126
2,1,1,1,1,6,24,1,N,2,14947
2,6,1,1,3,6,0,1,N,2,20030
1,4,1,1,7,7,52,1,N,2,25951
2,1,1,2,4,7,45,1,N,2,17236
1,1,1,1,5,5,0,1,N,2,21052
2,6,9,2,5,5,55,1,N,2,14886
2,6,5,1,5,5,2,1,N,2,27252
1,1,1,1,N,N,52,1,N,2,17574
1,6,1,2,3,7,77,1,N,2,11585
1,6,1,2,0,6,11,1,N,2,19422
1,1,1,1,8,3,76,1,N,2,14522
1,6,1,1,2,3,71,1,N,2,2745
2,1,1,1,0,11,59,1,N,2,18480
2,1,1,2,7,7,61,1,N,2,9821
2,4,1,2,2,4,33,1,N,2,18911
2,6,1,0,2,5,16,1,N,2,16005
1,1,1,1,7,N,10,1,N,2,25352
2,1,1,1,6,7,65,1,N,2,18963
1,1,1,1,N,N,49,1,N,2,22602
1,6,1,0,2,7,25,1,N,2,14756
1,1,1,1,9,7,21,1,N,2,14853
2,6,1,1,N,7,32,1,N,2,27252
2,1,1,1,N,6,87,1,N,2,6077
2,1,1,1,9,N,60,1,N,2,17315
2,1,1,1,9,4,41,1,N,2,16627
2,6,9,2,2,N,59,1,N,2,2307
1,1,1,1,6,11,15,1,N,2,18261
1,6,5,1,4,11,44,1,N,2,3950
2,2,1,2,0,6,30,1,N,2,14867
1,6,1,1,8,N,8,1,N,2,27252
2,N,1,1,5,7,69,1,N,2,25399
2,6,1,1,3,11,10,1,N,2,12390
1,6,8,2,N,3,67,1,N,2,23740
2,1,1,1,6,7,54,1,N,2,25415
1,3,1,1,4,3,47,1,N,2,15777
2,6,1,2,6,7,30,1,N,2,17942
1,3,1,1,9,N,35,1,N,2,10406
2,6,1,1,9,11,21,1,N,2,24163
2,1,2,2,5,7,23,1,N,2,10017
2,6,2,1,3,7,30,1,N,2,22775
2,1,1,1,7,10,21,1,N,2,1970
1,6,1,2,0,7,62,1,N,2,18302
2,1,1,1,N,N,43,1,N,2,24360
1,1,1,1,N,3,55,1,N,2,24096
2,6,2,1,0,7,0,1,N,2,21000
1,6,1,1,7,7,24,1,N,2,14532
1,1,1,1,5,2,66,1,N,2,14036
1,6,2,2,4,6,4,1,N,2,6965
1,6,1,2,6,7,37,1,N,2,27252
1,6,1,2,7,7,50,1,N,2,18703
2,6,1,1,3,1,37,1,N,2,15720
1,6,6,1,2,5,52,1,N,2,16652
2,3,2,1,2,4,12,1,N,2,16701
2,1,2,1,N,7,90,1,N,2,23746
2,6,1,1,6,7,49,1,N,2,15210
1,6,1,2,3,6,65,1,N,2,288
2,4,1,1,9,9,74,1,N,2,12431
2,1,1,1,2,4,60,1,N,2,17745
1,1,1,1,1,4,59,1,N,2,19907
1,4,1,1,9,2,79,1,N,2,10072
1,6,1,2,0,7,75,1,N,2,12256
1,1,1,1,2,12,81,1,N,2,18855
1,6,1,2,8,7,79,1,N,2,14001
2,6,1,1,9,7,32,1,N,2,20957
2,1,2,2,0,7,15,1,N,2,27252
1,1,1,1,8,N,82,1,N,2,21823
2,6,1,1,3,6,39,1,N,2,10444
2,4,1,1,6,9,25,1,N,2,5612
2,1,1,1,9,11,71,1,N,2,22857
1,6,1,1,0,5,56,1,N,2,17254
1,1,1,1,4,7,49,1,N,2,23466
1,6,1,1,3,N,63,1,N,2,19756
2,1,8,1,7,7,75,1,4,2,12176
1,1,1,1,2,7,71,1,N,2,23637
2,4,1,1,8,6,68,1,N,2,15447
1,1,1,1,5,7,17,1,N,2,19054
1,6,1,1,N,7,33,1,N,2,17548
2,6,1,1,N,3,15,1,N,2,19984
2,6,6,1,9,6,66,1,N,2,17776
2,6,1,1,N,7,37,1,N,2,13111
2,1,1,2,0,7,41,1,N,2,4407
2,2,1,2,6,7,26,1,N,2,16972
2,1,1,1,2,N,9,1,N,2,18914
2,1,1,1,7,7,75,1,N,2,11417
2,1,1,1,4,11,0,1,N,2,20745
2,4,2,1,6,6,61,1,N,2,12376
2,6,2,2,7,7,7,1,N,2,19577
1,1,1,1,0,2,44,1,N,2,20788
2,1,1,1,N,7,64,1,N,2,20494
2,4,1,1,N,7,80,1,N,2,19478
1,6,1,2,8,7,12,1,N,2,18059
2,6,2,1,7,7,23,1,N,2,15114
1,1,1,1,4,7,79,1,N,2,12552
2,1,1,0,0,7,30,1,N,2,23384
1,1,1,1,8,9,46,1,N,2,3993
1,6,1,2,7,6,0,1,N,2,22022
2,6,2,1,N,7,93,1,N,2,21395
2,6,1,2,9,7,39,1,N,2,21899
2,1,1,1,3,6,72,1,N,2,12859
2,1,1,2,N,7,90,1,N,2,7615
2,3,1,1,1,7,57,1,N,2,14616
1,6,1,1,9,6,19,1,N,2,27252
1,1,1,1,8,7,76,1,N,2,0
1,1,1,1,N,N,12,1,N,2,14865
2,3,4,1,1,12,28,1,N,2,25918
2,6,1,2,6,7,8,1,N,2,16787
1,6,2,2,3,7,41,1,N,2,13349
2,6,1,2,6,5,46,1,N,2,12470
1,6,1,1,4,N,38,3,N,2,24433
2,6,1,2,2,6,21,1,N,2,17126
1,1,1,1,6,11,70,1,N,2,3888
1,6,1,1,5,3,33,1,N,2,27252
1,1,2,0,7,N,70,1,N,2,12724
2,1,2,1,4,N,84,1,N,2,3557
1,1,1,1,8,N,85,1,N,2,18215
1,6,1,2,3,7,91,1,6,2,27097
1,6,1,2,8,5,31,1,N,2,5750
1,6,1,1,N,10,38,1,N,2,27252
1,1,1,1,8,7,25,1,N,2,15392
2,1,1,1,4,12,69,1,N,2,17000
1,1,1,1,2,3,2,1,N,2,21508
2,1,1,1,9,11,45,1,N,2,21226
2,1,1,1,0,7,54,1,N,2,25076
2,1,1,2,7,2,36,1,N,2,22004
2,1,1,1,6,N,34,1,N,2,22657
1,1,1,1,0,7,44,1,N,2,24921
1,1,1,2,2,7,32,1,N,2,12276
2,4,1,1,2,12,72,1,N,2,25974
2,1,1,2,1,7,59,1,N,2,18584
2,1,1,1,0,7,0,1,N,2,3515
2,1,1,2,4,12,25,1,N,2,21151
2,1,1,2,2,7,66,1,N,2,16354
1,1,1,1,N,3,44,1,N,2,16499
1,1,1,1,N,7,11,1,N,2,22980
2,5,1,1,0,4,62,1,N,2,16669
1,1,1,1,7,5,86,1,N,2,22898
2,1,6,1,9,6,70,1,N,2,21066
1,1,1,1,N,7,59,1,N,2,23764
2,1,6,1,7,7,64,1,N,2,12186
2,1,1,2,8,N,37,1,N,2,20667
2,4,1,1,6,3,12,1,N,2,24046
2,1,1,1,7,6,68,1,N,2,12789
1,1,8,1,0,3,62,1,N,2,18335
1,1,1,1,N,7,30,1,N,2,12898
1,1,1,1,3,7,54,1,N,2,15044
2,1,1,1,N,7,70,1,N,2,23907
2,6,1,1,3,2,30,1,N,2,11473
2,1,1,1,8,N,53,1,N,2,16525
2,6,9,2,4,1,67,1,N,2,15411
2,6,1,1,3,7,34,1,N,2,26136
2,6,1,1,6,6,75,1,N,2,13521
1,1,1,1,7,9,51,1,N,2,23270
1,1,1,1,3,7,48,1,N,2,27252
1,1,1,1,9,N,71,1,N,2,17442
2,1,1,1,8,6,73,1,N,2,9427
1,4,1,1,7,6,45,1,N,2,14089
2,1,1,1,9,12,54,1,N,2,18734
1,6,1,1,0,2,21,1,N,2,24939
2,1,8,2,8,12,60,1,N,2,10407
1,1,2,2,4,7,32,1,N,1,12655
1,1,1,1,2,2,28,1,N,2,15485
2,1,1,1,8,12,35,1,N,2,21505
2,6,2,1,3,7,67,1,N,2,23018
2,6,1,2,0,3,1,1,N,2,6193
2,6,1,2,0,N,24,1,N,2,23522
1,1,1,2,N,7,47,1,N,2,3436
2,1,1,1,7,N,42,1,N,2,359
1,6,1,1,5,6,14,1,N,2,15789
1,1,1,1,8,6,0,1,N,2,16792
1,6,1,2,5,6,17,1,N,2,16510
1,1,1,1,6,11,60,1,N,2,22396
1,6,1,1,6,N,49,1,N,2,19868
2,1,1,1,7,9,41,1,N,2,22891
2,6,1,1,9,7,32,1,N,2,12184
1,1,1,1,9,7,34,1,N,2,19615
2,1,9,1,5,12,69,1,N,2,18557
1,1,1,1,N,11,80,1,N,1,19686
2,1,8,2,8,7,26,1,N,2,711
2,1,1,2,1,7,3,1,N,2,24939
2,6,1,2,N,6,40,1,N,2,16775
2,1,1,1,N,4,62,1,N,2,11000
1,1,1,1,9,7,31,1,N,2,17850
2,6,1,1,4,N,39,1,N,2,24518
2,2,1,2,4,5,48,3,N,2,4330
1,1,1,1,5,N,65,1,N,2,17734
1,1,1,2,3,9,45,1,N,2,16008
1,1,2,1,8,7,45,1,N,2,24706
2,1,2,1,N,7,77,1,N,2,21789
2,6,1,1,7,N,59,1,N,2,18110
2,1,1,1,2,4,74,1,4,2,22266
1,1,8,2,0,5,10,1,N,1,10981
2,6,1,1,9,2,53,1,N,2,27252
2,1,1,1,2,5,39,1,N,2,3954
1,1,1,1,2,5,61,1,N,2,291
2,1,1,1,6,11,17,1,N,2,16390
2,6,2,1,4,5,59,1,N,2,13991
1,1,1,2,9,7,71,1,N,2,10415
1,6,3,1,5,6,34,1,N,2,12628
2,1,1,1,8,N,81,1,N,2,17658
2,1,1,1,8,2,56,1,N,2,15786
2,1,1,1,4,2,0,1,N,2,27252
2,4,9,1,2,3,14,1,N,2,23755
2,6,2,1,9,4,83,1,N,2,17964
1,1,1,1,9,10,54,1,N,2,8168
1,4,1,1,0,6,95,1,N,2,16370
2,1,1,1,2,N,39,1,N,2,6482
2,1,1,1,7,N,61,1,N,2,2026
2,6,2,1,2,6,60,3,N,2,3350
2,1,1,1,2,6,73,1,N,2,20472
2,6,1,1,7,4,31,1,N,2,26015
2,6,2,2,8,7,22,1,N,2,2106
2,3,1,1,8,2,71,1,N,2,21601
2,1,1,1,5,7,64,1,N,2,1692
1,1,1,1,0,6,7,1,N,2,27252
1,6,1,2,0,4,33,1,N,2,26115
1,1,1,1,0,7,24,1,N,2,19042
1,6,8,1,5,6,84,1,N,2,7129
2,3,1,1,8,5,21,1,N,2,16508
2,1,2,2,2,N,75,1,N,2,20553
1,6,3,2,N,7,2,1,N,2,24473
2,4,1,1,9,N,64,1,N,2,27252
2,1,2,1,3,N,12,1,N,2,21288
1,4,1,1,9,2,60,1,N,2,16118
1,6,1,1,6,7,8,1,N,2,24939
1,6,1,2,5,5,33,1,N,2,19061
2,6,1,2,2,9,48,1,N,2,473
1,6,3,1,5,7,14,1,N,2,21897
1,1,2,1,9,7,53,1,N,2,20122
1,6,1,1,7,7,24,1,N,2,10308
2,6,1,1,8,7,27,1,N,2,13615
2,1,1,1,3,7,58,1,N,2,20712
1,1,2,1,8,7,51,1,N,2,16118
2,1,2,1,2,N,51,1,N,2,8580
2,1,1,1,6,6,79,1,N,2,12703
2,1,1,1,5,7,43,1,N,2,27252
2,1,1,1,0,11,56,1,N,2,13063
1,1,1,1,1,12,45,1,N,2,23547
2,6,1,1,N,7,50,1,N,2,20710
2,6,3,1,0,3,37,1,N,2,12058
1,1,1,1,9,7,47,1,N,2,25720
2,6,1,1,8,7,50,1,N,2,25166
2,1,3,2,N,7,45,1,N,2,16196
2,6,2,1,7,7,0,1,N,2,20954
2,1,2,1,8,6,2,1,N,2,24171
1,3,6,2,N,7,23,1,N,2,22010
2,1,1,2,1,11,94,1,N,2,1692
1,6,1,2,3,N,6,1,N,2,8105
2,6,1,1,N,N,79,1,N,2,0
2,1,9,1,N,7,54,1,N,2,25421
2,1,1,1,4,6,67,1,N,2,1121
2,5,2,1,N,7,61,1,N,2,7997
2,1,1,1,2,7,32,3,N,2,1575
1,6,1,1,2,7,21,1,N,2,12563
2,1,1,2,0,6,72,1,2,2,7670
1,1,1,2,0,7,21,1,N,2,14268
1,6,1,1,9,7,54,1,N,2,10334
1,1,1,1,9,5,38,1,N,2,20300
2,1,1,1,8,5,81,1,N,2,10850
1,6,2,2,6,6,36,1,N,2,11606
2,1,1,1,8,7,63,1,N,2,27252
2,1,1,1,N,6,44,1,N,2,13752
2,1,1,1,7,5,57,1,N,2,11725
2,6,1,2,7,9,46,1,N,2,12035
2,1,7,1,N,3,47,1,N,2,14931
1,1,9,1,6,10,42,1,N,2,19842
1,1,1,1,N,7,73,1,N,2,20944
1,6,1,2,1,5,6,1,N,2,10502
2,4,1,1,4,7,61,1,N,2,18794
2,3,1,0,8,8,65,1,N,2,0
2,6,5,2,8,7,12,1,N,2,12819
1,1,1,2,8,2,42,1,N,2,11245
2,6,2,1,1,7,25,1,N,2,11484
1,6,1,2,3,12,22,1,N,2,17557
2,2,1,1,8,7,72,1,N,2,11541
2,6,1,2,6,5,19,1,N,2,16129
2,6,2,0,0,5,39,1,N,2,4087
1,6,1,1,9,3,27,1,N,2,20978
2,1,2,1,7,7,45,1,N,2,20563
1,1,1,1,6,N,63,1,N,2,18852
1,1,1,1,9,7,70,1,N,2,21898
1,1,1,1,N,N,25,1,N,2,17958
1,1,1,1,2,5,1,1,N,2,22910
2,4,1,1,6,N,49,1,N,2,20970
2,1,1,2,6,6,25,1,N,2,19397
2,1,1,1,8,N,52,1,N,2,6800
1,1,2,1,2,4,58,1,N,2,1514
1,3,1,1,1,11,31,1,N,2,18202
1,4,1,2,0,5,29,1,N,2,25300
2,1,1,2,N,3,68,1,N,2,9744
2,6,1,1,8,6,27,1,N,2,27252
1,1,1,2,6,7,11,1,N,2,7712
1,1,1,2,1,4,38,1,N,2,24974
2,6,1,1,7,N,30,1,N,2,14882
2,1,1,1,0,7,34,1,N,2,14771
2,1,1,1,8,7,74,1,N,2,15239
1,1,1,1,9,N,41,1,N,2,18768
1,6,2,2,5,7,1,1,N,2,16245
2,1,1,2,4,7,64,1,N,2,25491
2,6,1,1,8,7,48,1,N,2,7985
1,3,1,1,N,N,75,1,N,2,13447
2,6,2,1,2,9,50,1,N,2,21218
2,1,1,1,N,N,72,1,N,2,14083
2,1,1,1,0,7,71,1,N,2,10407
1,1,1,1,4,7,63,1,N,2,20232
2,1,1,1,2,5,23,1,N,2,7032
2,1,2,1,9,2,43,1,N,2,23829
1,1,1,1,N,6,34,1,N,2,21108
2,4,1,1,8,11,45,1,N,2,15954
2,1,1,1,2,7,48,1,N,2,24578
2,6,8,1,3,7,91,1,N,2,13864
2,4,2,2,4,7,58,1,N,2,11981
2,6,8,1,3,7,35,1,N,2,20624
1,1,1,2,N,N,63,1,N,2,15930
2,1,1,1,9,N,93,1,N,2,14445
2,4,2,2,8,6,89,1,N,2,11776
2,1,1,1,N,7,83,1,N,2,14380
1,6,1,1,4,7,10,1,N,2,14907
2,4,1,2,9,7,5,1,N,2,16764
2,1,1,1,9,7,50,1,N,2,24939
1,1,2,1,N,3,47,2,N,2,13121
2,1,1,1,9,11,62,1,N,2,5208
1,6,2,1,9,7,65,1,N,2,12495
2,1,1,1,N,7,39,1,N,2,1528
1,1,1,2,9,N,39,1,N,2,17885
2,4,1,1,6,N,72,1,N,2,21535
2,6,1,1,8,7,52,1,N,2,18149
2,1,1,1,0,N,58,1,N,2,24901
1,1,1,2,9,7,10,1,N,2,24939
2,1,2,1,9,3,56,1,N,2,23549
2,6,1,1,6,8,53,1,N,2,25135
2,6,1,1,2,N,32,3,N,2,24531
2,1,1,1,8,11,61,1,N,2,26589
1,1,1,1,6,6,71,1,N,2,15890
2,2,1,1,7,4,8,1,N,2,1676
2,N,2,1,8,7,32,1,N,2,19020
1,3,1,1,9,7,51,1,N,2,21019
2,1,5,1,9,7,27,1,N,2,27252
1,1,1,1,9,3,76,1,N,2,15169
2,6,1,1,6,6,12,1,N,2,11149
2,N,1,2,6,2,63,1,N,2,23014
1,1,1,1,9,2,64,1,N,2,13247
2,1,1,1,8,N,7,1,N,2,18684
1,6,1,1,9,N,52,1,N,2,11059
2,1,1,1,8,N,50,1,N,2,27252
2,1,2,1,8,7,77,1,N,2,5431
2,6,2,2,7,5,46,1,N,2,18737
2,5,1,1,9,7,35,1,N,2,19025
1,6,1,2,0,6,0,1,N,2,27252
2,1,1,2,5,7,37,1,N,2,17079
2,1,1,1,5,3,71,1,N,2,15273
2,1,1,0,8,N,51,1,N,2,20356
1,1,8,1,6,8,76,1,N,2,7761
2,1,1,1,7,7,18,1,N,2,20295
2,6,1,1,4,7,38,2,N,2,24939
2,3,1,1,1,5,56,1,N,2,9221
1,1,2,1,5,7,80,1,N,2,9673
2,6,1,2,4,5,17,3,N,2,14203
1,6,7,1,2,5,64,1,N,2,24311
2,6,1,1,N,7,40,1,N,2,17375
2,6,1,1,9,7,38,1,N,2,27252
1,6,1,1,9,7,14,1,N,2,15999
2,1,1,1,2,7,33,1,N,2,12663
1,6,1,2,0,3,0,1,N,2,17593
2,1,1,1,5,N,81,1,N,2,18573
2,1,1,1,9,12,72,1,N,2,4975
2,1,1,1,N,2,82,1,N,2,6405
1,1,1,1,4,5,38,1,N,2,21115
1,1,1,1,5,N,43,1,N,2,15254
2,6,1,1,5,N,66,1,N,2,27252
1,1,1,1,9,N,54,1,N,2,19327
2,6,1,0,3,9,41,1,N,2,21026
2,1,1,1,6,7,38,1,N,2,397
1,6,1,2,6,5,19,1,N,2,20700
2,1,1,1,N,7,79,1,N,2,16006
2,1,1,1,2,4,44,1,N,2,16331
2,1,1,1,6,4,23,1,N,2,2307
1,1,2,1,3,7,60,1,N,2,23283
2,1,1,1,2,6,66,1,N,2,18348
1,6,1,1,6,9,6,1,N,2,22178
2,5,1,2,5,6,33,1,N,2,17213
1,1,1,1,8,N,0,1,N,2,16212
1,1,1,1,9,N,76,1,N,2,17716
2,3,1,1,9,6,25,1,N,2,25971
2,6,1,1,7,7,34,1,N,2,8683
2,6,1,1,N,7,77,1,N,2,11024
1,1,1,1,3,7,66,1,N,2,18261
1,6,1,1,N,N,9,1,N,2,10105
2,1,1,1,0,8,83,1,N,2,7951
2,1,1,2,0,7,66,1,N,2,19834
2,1,1,1,8,7,79,1,N,2,17206
1,1,1,1,0,7,62,1,N,2,4395
1,6,1,2,4,7,31,1,N,2,18813
2,1,1,1,7,2,64,1,N,2,21273
1,1,2,1,8,6,58,1,1,2,25490
2,6,1,2,5,7,53,1,N,2,24939
1,1,1,1,8,7,57,1,N,2,22979
2,1,1,1,N,7,80,2,N,2,10309
1,6,1,2,2,2,0,1,N,2,16495
2,1,1,1,N,7,67,1,N,2,22754
1,1,1,1,9,11,87,1,N,2,7534
1,4,1,1,9,7,60,1,N,2,15032
2,4,1,2,9,5,19,1,N,2,3208
2,6,1,0,8,N,43,1,N,2,19999
1,1,3,2,3,7,42,1,N,2,9653
2,1,2,2,N,7,73,1,N,2,3440
1,1,1,1,4,N,7,1,N,2,9489
1,1,1,1,4,5,29,1,N,2,26780
2,6,2,2,N,7,20,1,N,2,27009
2,1,1,1,8,5,45,1,N,2,15992
2,6,1,2,8,6,40,1,N,2,8904
2,2,1,1,7,7,63,1,N,2,14263
2,5,1,1,9,9,85,1,N,2,21154
1,6,1,1,0,8,0,1,2,2,17137
1,1,1,1,3,7,27,1,N,2,9128
1,1,1,2,8,7,0,1,N,2,27252
2,N,1,2,2,4,0,1,N,2,18037
1,6,6,1,2,7,39,1,N,2,15541
1,1,2,1,9,12,31,1,N,2,13291
2,4,1,1,7,7,63,1,N,2,9873
1,1,1,1,9,12,90,1,N,2,15823
2,6,1,2,9,N,34,1,N,2,21245
1,6,1,1,6,10,40,1,N,2,17919
2,1,2,1,6,9,90,1,N,2,490
2,1,1,1,N,7,74,1,N,2,24409
1,6,1,1,9,7,21,1,N,2,16355
2,1,1,2,4,7,27,1,N,2,14684
2,1,1,1,8,7,32,1,N,2,26598
2,6,1,1,1,7,45,1,N,2,18187
1,1,1,1,8,3,17,1,N,2,22178
2,1,1,1,6,7,27,1,N,2,14064
2,1,1,1,9,N,69,1,N,2,13733
2,1,2,2,8,7,29,1,N,2,16357
1,6,2,2,7,11,15,1,N,2,19291
2,1,1,1,3,2,75,1,N,2,16626
2,1,1,1,6,3,95,1,N,2,16308
1,6,2,2,3,7,8,1,N,2,24939
1,5,1,1,N,N,49,1,N,2,13835
1,1,1,1,8,6,74,1,N,2,9125
2,6,1,1,2,5,51,1,N,2,20074
2,1,1,1,0,10,46,1,N,2,14536
1,1,1,2,7,7,3,1,N,2,21528
2,1,1,1,6,9,77,2,N,2,18843
2,1,2,1,0,7,58,1,N,2,13827
2,1,2,2,8,12,47,1,N,2,9669
2,4,1,1,4,9,30,1,N,2,6940
1,6,1,2,4,3,95,1,N,2,18134
2,6,1,1,0,6,35,1,N,2,21552
2,6,1,1,3,7,3,1,N,2,19701
2,1,1,1,N,7,57,1,N,2,18888
2,1,1,1,9,N,13,1,N,2,24452
2,6,1,1,3,7,27,1,N,2,21718
1,1,3,1,8,7,72,1,N,2,15881
2,1,1,2,9,N,72,1,N,2,12662
2,6,2,1,5,7,42,1,N,2,7546
1,1,2,1,4,N,39,1,N,2,24131
2,6,1,2,1,10,47,1,N,2,18973
2,5,8,1,9,N,72,1,N,2,2621
1,1,1,1,N,2,77,1,N,2,21589
1,1,2,0,2,7,78,1,N,2,9817
2,1,1,1,3,4,55,1,N,2,23097
1,4,1,1,N,7,53,1,N,2,24462
2,6,1,1,9,7,17,1,N,2,15804
1,1,1,2,0,6,87,1,N,2,17912
2,6,2,0,0,4,12,2,N,2,24059
1,6,2,1,N,6,93,1,N,2,25177
2,6,1,0,9,7,61,1,N,2,18655
1,1,1,1,6,5,70,1,N,2,27252
1,1,1,1,9,N,58,1,N,2,27252
2,1,1,1,7,7,38,1,N,2,18823
2,6,1,1,4,6,59,1,N,2,25252
2,1,1,2,1,3,1,1,N,2,21371
2,3,1,0,1,6,27,1,N,1,6862
2,6,1,1,3,4,30,1,N,2,20785
1,1,1,1,2,10,69,1,N,2,6006
2,1,1,1,7,N,31,1,N,2,11598
2,6,1,2,0,1,41,3,N,2,15959
2,1,1,1,9,7,20,1,N,2,23550
1,5,1,1,6,3,3,1,N,2,16592
2,1,1,1,9,9,42,1,N,2,13168
1,1,2,2,0,5,66,1,N,2,11460
1,1,1,1,8,7,0,1,N,2,20391
1,1,1,1,0,4,13,1,N,2,8236
1,1,9,2,7,N,64,3,N,2,14195
1,6,1,1,7,7,14,1,N,2,27252
1,N,1,1,7,11,75,1,N,2,22166
2,N,1,1,4,9,5,1,N,2,18356
2,6,2,2,0,7,1,1,N,2,23331
2,4,1,1,9,7,36,1,N,2,23378
2,1,1,1,9,7,30,1,N,2,27252
1,5,1,1,1,7,1,1,N,2,22467
2,6,1,1,5,6,35,1,N,2,592
2,6,6,2,6,N,45,1,N,2,16188
1,1,1,2,7,7,90,1,N,2,20796
2,6,2,1,5,5,41,1,N,2,15527
2,1,1,1,9,12,36,1,N,2,23479
2,1,2,1,9,7,34,1,N,2,26245
2,3,2,2,8,N,76,1,N,2,24094
2,1,7,1,0,7,56,1,N,2,14604
2,6,2,2,5,12,27,1,N,2,4453
2,1,1,1,N,N,72,1,N,2,20960
1,1,3,1,4,5,62,1,N,2,13747
1,6,1,2,6,4,76,1,N,2,18792
1,1,1,1,3,7,53,1,N,2,15763
1,1,1,1,7,5,1,1,N,2,22695
2,4,2,2,2,7,15,1,N,2,21206
2,6,1,2,5,7,50,1,N,2,13587
2,1,1,1,4,5,63,1,N,2,8060
1,6,1,2,5,7,59,1,N,2,11221
2,1,2,2,1,7,60,1,N,2,23434
1,6,9,2,0,4,9,1,N,2,3670
2,4,1,1,6,7,48,1,N,2,22744
1,1,6,1,8,7,70,3,N,2,12655
2,6,6,1,0,3,12,1,N,2,16843
1,1,9,1,9,N,84,1,N,2,9604
2,6,2,0,5,5,24,1,N,2,18687
2,1,1,1,9,N,30,1,N,2,17780
2,2,9,2,2,7,1,1,N,2,25032
2,4,1,1,0,5,45,1,N,2,21289
1,1,1,1,N,6,8,1,N,2,18795
2,1,2,1,N,7,43,1,N,2,7449
2,1,1,1,5,7,25,1,N,2,27252
1,1,1,2,0,7,40,1,N,2,16218
2,1,1,1,7,9,19,1,N,2,20978
2,1,1,1,N,N,50,1,N,2,21043
2,1,3,2,2,7,52,1,N,2,10081
1,6,1,2,2,3,61,1,N,2,0
2,1,1,1,N,7,81,1,N,2,9626
2,1,2,2,2,2,80,1,N,2,12105
2,1,1,2,0,5,40,1,N,2,16360
2,4,1,1,7,N,25,1,N,2,17874
1,1,1,1,N,4,13,1,N,2,21646
2,1,1,1,N,7,29,1,N,2,27252
2,2,1,2,9,7,42,1,N,2,27252
2,1,1,1,0,5,26,1,N,2,17577
1,6,1,1,5,7,61,1,N,2,22171
1,3,2,1,9,7,20,1,N,2,9466
2,1,6,1,7,3,54,1,N,2,22846
1,1,1,1,8,9,45,1,N,2,22007
2,6,1,1,9,7,3,1,N,2,23766
1,6,1,2,9,7,13,1,N,2,26696
2,1,1,1,0,3,64,1,N,2,18207
2,4,2,1,N,7,95,1,N,2,23871
1,1,1,1,9,3,28,1,N,2,5796
1,6,9,2,4,6,48,1,N,2,4718
1,6,1,2,0,7,26,1,N,2,8831
1,6,1,1,9,7,53,1,N,2,27252
1,1,2,2,3,7,3,1,N,2,27252
2,6,3,1,1,11,43,1,N,2,8210
1,1,1,1,1,1,37,1,N,2,19476
2,1,1,1,8,7,15,1,N,2,15694
2,6,1,1,6,N,30,1,N,2,23527
2,1,1,1,N,7,87,1,N,2,18084
2,6,1,1,4,7,54,1,N,2,332
2,1,2,1,6,6,68,1,N,2,13345
2,1,3,1,5,N,9,1,N,2,24032
1,1,1,1,6,7,49,1,N,2,24555
1,1,1,1,2,5,77,1,3,2,9609
2,1,1,1,N,7,39,1,N,2,27252
1,N,6,1,9,11,48,1,N,2,8970
2,1,1,2,2,6,13,1,N,1,12269
1,1,2,1,1,N,44,1,N,2,17211
1,6,2,2,N,7,38,1,N,1,18144
2,6,1,1,N,7,49,1,N,2,19000
2,1,1,0,N,N,61,1,N,2,4706
1,6,2,2,1,4,22,2,N,2,21477
1,1,1,1,8,7,34,1,N,2,9868
2,6,1,2,0,7,45,1,N,2,15504
1,5,2,2,3,6,9,1,N,2,5831
1,4,3,2,0,7,16,1,N,2,14307
2,1,1,2,2,6,64,1,N,2,27252
2,1,1,1,1,9,68,1,N,2,5723
2,1,1,2,4,6,11,1,N,2,9109
2,6,3,2,8,6,38,1,N,2,15458
1,1,1,1,N,N,72,1,N,2,15664
1,2,1,1,6,9,56,1,N,2,23941
2,1,1,1,4,3,95,1,N,2,22207
1,1,1,1,N,N,59,1,N,2,6351
1,4,1,0,4,7,27,1,N,2,27252
1,3,1,1,2,7,0,1,N,2,24702
1,6,1,2,9,N,13,1,N,2,27252
2,1,7,1,6,7,43,3,N,2,23358
1,1,1,1,9,N,69,1,N,2,23371
1,1,2,1,9,7,44,1,N,2,19283
1,1,1,1,N,7,40,1,N,2,18527
2,1,4,1,3,5,50,1,N,2,24493
1,6,1,1,6,7,0,1,N,2,27252
2,6,2,2,0,7,0,1,N,2,22757
2,1,1,1,4,7,54,1,N,2,19740
1,1,2,1,8,3,43,1,N,2,0
1,1,1,1,6,N,40,1,N,2,26245
2,6,1,2,5,7,33,1,N,2,19248
1,6,4,1,6,N,93,1,N,2,14964
2,1,1,2,N,7,13,1,N,2,19627
1,1,1,2,0,4,9,1,N,2,24787
2,1,1,2,2,7,95,1,N,2,14394
2,1,1,1,3,8,30,1,N,2,4621
2,1,1,1,4,9,72,1,N,2,3149
2,1,1,1,3,7,39,1,N,2,24939
2,6,1,2,7,7,71,1,N,2,14930
1,1,1,1,4,5,31,1,N,2,12740
1,1,1,1,0,6,63,1,N,2,7288
1,4,1,2,5,6,38,1,N,2,21606
1,1,1,1,9,6,51,1,N,2,27252
1,1,1,2,N,7,43,1,N,2,14929
1,1,1,2,5,7,3,1,N,2,20774
2,1,1,2,7,8,86,1,3,2,19528
1,1,1,1,9,4,30,1,N,2,27252
1,6,2,2,8,9,29,1,N,2,10654
1,1,1,1,N,N,73,1,N,2,10391
2,1,2,1,N,6,66,1,N,2,19202
2,1,1,1,8,7,81,1,N,2,4111
1,1,1,1,5,6,45,1,N,2,25282
1,1,1,1,2,2,82,1,N,2,13738
2,6,5,2,0,2,50,1,N,2,10446
1,1,1,1,8,7,62,1,N,2,1896
2,1,8,1,5,4,72,1,N,2,20365
1,1,8,2,7,4,21,1,N,2,10755
2,1,1,1,1,1,54,1,N,2,19561
1,6,1,2,3,N,35,1,N,2,24112
2,1,1,1,1,9,66,1,N,2,7097
2,1,1,1,N,3,54,1,N,2,19283
1,1,1,1,8,3,43,1,N,2,19522
2,1,1,1,3,3,72,1,N,2,16580
2,1,1,1,8,3,81,1,N,2,23723
1,1,1,1,9,N,61,1,N,2,25483
1,1,1,0,0,3,51,1,N,1,15176
1,6,1,1,2,7,54,1,N,2,10227
2,6,1,1,8,7,53,1,N,2,25752
2,6,1,1,7,6,6,1,N,2,12406
2,1,1,1,1,10,35,3,N,2,22831
1,6,2,1,9,9,46,1,N,2,16107
2,1,1,1,N,3,33,1,N,2,8115
1,1,1,1,4,3,81,1,N,2,10064
1,4,1,2,8,12,18,1,N,2,23604
1,6,1,2,9,7,56,1,N,2,26558
1,1,3,1,1,6,59,2,N,2,23534
2,6,3,2,6,7,26,1,N,2,19824
1,1,2,1,9,N,79,1,N,2,12286
2,6,8,1,7,5,38,1,N,2,12878
2,6,1,1,5,N,10,1,N,2,27252
1,5,1,1,7,9,26,1,N,2,11974
1,1,1,1,5,7,60,1,N,2,14729
1,6,1,2,0,1,0,1,N,2,15742
2,3,1,1,3,2,62,1,N,2,16106
2,1,1,1,9,N,44,1,N,2,21386
2,6,1,1,5,N,73,1,N,2,25978
2,6,2,1,N,7,37,1,N,2,18724
2,1,1,1,5,N,63,1,N,2,19230
1,1,1,1,3,9,59,1,N,2,20601
2,1,1,2,8,3,22,1,N,2,3610
1,1,1,1,1,1,48,1,N,2,14611
2,1,1,1,8,4,2,1,N,2,27252
1,6,1,2,8,6,38,1,N,2,14297
1,1,1,2,0,N,29,1,N,2,18131
2,1,1,1,9,2,22,1,N,2,16672
1,1,1,1,3,9,63,1,N,2,22568
1,1,9,1,N,3,52,1,N,2,2097
2,1,1,1,N,7,59,1,N,2,16173
1,1,2,1,3,7,44,1,N,2,15098
1,6,6,1,3,6,48,1,N,2,7595
1,6,9,2,5,6,71,1,N,2,7986
2,N,1,2,1,3,36,2,N,2,23839
2,6,2,2,0,7,16,1,N,2,20184
2,6,1,1,6,7,61,1,N,2,7233
1,5,2,2,7,1,63,1,N,2,0
1,6,1,2,0,5,4,1,N,2,21449
1,1,6,1,N,7,53,1,N,2,16855
2,2,1,2,0,12,14,1,N,2,15884
2,6,1,2,9,5,93,1,N,2,19661
1,1,1,1,N,7,70,1,N,2,18420
2,1,1,2,8,7,61,1,N,2,506
1,1,1,1,5,8,39,1,N,2,20707
2,1,1,1,7,N,72,1,N,2,27252
1,1,1,1,9,2,37,1,N,2,18064
2,1,1,2,7,N,73,1,N,2,23563
2,1,2,2,1,10,50,1,N,2,0
2,1,1,1,9,3,82,1,N,2,14599
1,1,1,1,N,7,93,1,N,2,21311
1,6,1,2,N,9,33,1,N,2,22818
1,1,1,1,N,7,31,1,N,2,0
1,6,2,1,2,9,32,1,N,2,16761
2,1,1,1,N,N,76,1,N,2,9777
2,6,1,2,1,7,0,1,N,2,17526
1,1,1,1,7,N,43,1,N,2,8320
2,1,1,1,N,7,15,1,N,2,15885
2,6,1,1,7,9,14,1,N,2,12757
1,3,1,1,9,7,55,1,N,2,24939
1,3,1,1,7,9,71,1,N,2,7374
2,6,1,1,0,4,25,1,N,2,21721
2,3,9,1,7,N,71,1,N,2,9288
1,1,1,1,7,7,31,1,N,2,16516
1,6,2,2,7,6,8,1,N,2,7765
2,6,1,1,3,6,59,1,N,2,0
1,6,8,1,3,7,23,1,N,2,20084
1,6,1,1,4,7,10,1,N,2,21446
1,1,8,2,0,3,19,1,N,2,23926
2,6,1,2,5,7,21,1,N,2,10997
1,3,6,1,5,6,95,1,N,2,14610
1,6,1,1,5,7,50,1,N,2,12011
2,1,4,1,9,6,64,1,N,2,6975
2,6,3,1,0,N,35,1,N,2,6698
1,4,1,2,7,6,40,1,N,1,12623
1,6,1,1,7,7,58,1,N,2,18436
1,1,1,1,9,12,40,1,N,2,10291
1,1,1,1,N,7,29,1,N,2,26995
2,1,1,1,5,6,58,1,N,2,10040
2,1,1,1,5,3,54,1,N,2,13562
2,6,6,2,7,6,44,1,5,2,7540
2,4,1,1,0,N,43,1,N,2,23142
1,6,1,1,8,6,26,1,N,2,24492
2,3,1,1,7,N,11,1,N,2,19309
1,6,3,2,5,7,16,1,N,2,25252
2,4,1,0,7,2,51,1,N,2,14197
1,3,1,1,9,10,77,1,N,2,10218
2,1,3,1,0,9,57,1,N,2,6088
1,1,2,1,8,9,29,1,N,2,27252
2,6,1,2,9,7,53,1,N,2,8968
1,3,1,1,7,4,18,1,6,2,22520
1,1,1,1,6,7,31,1,N,2,13337
2,1,1,2,9,7,58,1,N,2,27252
1,1,1,2,6,7,48,1,N,2,20896
2,6,1,1,0,7,53,1,N,2,13293
2,6,8,1,7,7,56,1,N,2,23600
2,1,1,1,6,6,53,1,N,2,18766
2,6,1,2,4,7,15,1,N,2,24939
1,4,1,2,0,8,24,1,N,2,7339
2,1,2,1,9,9,58,1,N,2,18911
2,6,1,1,2,N,15,1,N,2,20082
2,6,1,1,2,3,12,1,N,1,6900
2,1,1,1,5,7,21,1,N,2,17051
1,1,1,1,9,7,5,1,N,2,27093
2,6,1,1,3,7,0,1,N,2,22301
1,3,1,2,6,11,54,1,N,2,2606
1,6,1,0,5,9,38,1,N,2,23035
2,6,1,2,1,4,47,3,N,2,5789
2,1,3,1,7,6,66,1,N,2,25023
1,6,1,1,0,2,10,1,N,2,27252
1,6,1,1,5,N,83,1,N,2,10021
1,1,1,1,2,5,51,1,N,2,16698
2,6,1,1,5,6,12,1,N,2,27252
1,6,1,1,6,7,47,1,N,2,4796
2,1,1,1,9,N,49,1,N,2,9462
1,1,1,1,4,5,47,1,N,2,21168
2,1,1,1,3,8,51,1,N,2,17845
2,1,1,1,8,7,90,1,N,2,12678
2,1,4,1,8,2,57,1,N,2,10420
2,6,1,2,7,6,29,1,N,2,11697
2,1,1,1,N,7,48,1,N,2,24939
1,6,2,1,4,7,17,1,N,2,2567
2,6,1,2,8,6,8,1,N,2,13494
2,4,2,1,2,10,19,1,N,2,17544
2,6,2,1,7,7,25,1,N,2,19796
2,1,3,2,0,12,63,1,N,2,16390
1,1,1,1,6,7,0,1,N,2,22635
2,6,1,2,4,7,80,1,4,2,19721
1,1,1,2,N,4,20,1,N,2,22140
1,1,1,2,7,8,54,1,N,2,8590
2,6,2,2,9,6,13,1,N,2,23323
2,6,7,2,0,1,33,1,N,2,19862
2,1,1,1,7,7,57,1,N,2,22305
2,1,1,1,1,8,60,1,N,2,11986
2,1,9,1,8,N,72,1,N,2,22955
2,1,1,1,5,6,31,1,N,2,21713
2,1,1,2,N,12,74,1,N,2,18378
2,1,1,1,9,N,21,1,N,2,10818
2,6,1,2,5,11,16,1,N,2,20306
1,1,1,1,2,8,64,1,N,2,18594
1,1,1,1,8,7,1,1,N,2,26495
1,1,1,1,N,N,82,1,N,2,11089
2,1,1,1,3,N,39,1,N,2,9126
1,6,2,2,9,2,10,1,N,2,17882
1,1,1,1,1,8,0,1,N,2,19140
1,1,6,2,4,3,42,1,N,2,10767
2,6,1,2,N,7,24,1,N,2,27042
1,1,1,1,3,7,45,1,N,2,24418
2,6,1,1,3,6,0,1,N,2,24939
2,6,1,1,8,6,73,1,N,2,17722
2,4,2,0,3,7,26,1,N,2,16030
2,1,2,1,7,7,61,1,N,2,13345
1,1,5,1,3,10,63,1,N,2,20860
1,1,1,1,5,N,32,1,N,2,7252
2,1,9,1,3,2,67,1,N,2,16963
2,1,1,1,0,6,24,1,N,2,14726
1,6,1,1,2,6,12,1,N,2,24939
2,N,1,2,7,N,49,1,N,2,4948
1,1,1,1,9,7,24,1,N,2,22139
1,6,1,1,4,6,19,1,N,2,20367
1,6,1,2,0,4,12,1,N,2,12636
2,6,9,1,6,2,60,1,N,2,12667
2,1,1,1,8,12,73,1,N,2,22410
1,1,1,2,0,7,61,1,N,2,5392
2,2,3,1,4,N,10,1,N,2,10042
2,1,1,1,N,7,58,1,N,2,23380
2,6,1,1,6,6,11,1,N,2,6611
1,1,1,1,6,N,69,1,N,2,4128
1,1,1,1,9,12,11,1,N,2,13218
2,1,1,1,N,N,27,1,N,2,25508
2,6,2,1,N,7,70,1,N,2,7438
2,4,1,1,9,3,0,1,N,2,17497
1,1,1,1,1,2,44,1,N,2,21989
1,1,1,1,0,11,0,1,N,2,14878
2,1,1,1,9,3,81,1,N,2,13545
2,6,1,1,8,6,37,1,N,2,13461
2,1,1,1,4,6,40,1,N,2,7029
2,1,1,1,7,6,69,2,N,2,9235
1,6,1,2,2,4,69,1,N,2,17008
2,2,2,1,0,11,63,1,N,2,4045
2,1,1,1,6,11,44,1,N,2,13389
2,6,1,1,8,7,38,1,N,2,26602
2,1,1,1,N,2,69,1,N,2,15523
2,6,7,0,9,8,30,3,N,2,12882
2,6,1,2,8,N,44,1,N,2,15358
1,1,2,2,6,7,32,1,N,2,27035
1,6,1,1,0,7,43,1,N,2,19300
1,6,2,1,5,N,88,1,N,2,2595
2,1,1,1,0,N,77,1,N,2,15461
1,1,1,1,N,7,63,1,N,2,19956
2,6,1,1,6,6,51,1,N,2,1639
2,6,1,2,3,4,7,3,N,2,18673
1,1,1,2,N,4,57,1,N,2,17151
2,1,1,1,9,N,43,1,N,2,20783
2,6,8,1,5,N,72,1,N,2,10287
2,1,1,2,6,9,79,1,5,2,21079
1,1,1,1,7,10,5,1,N,2,16826
1,6,1,1,7,6,40,1,N,2,8951
1,1,1,1,N,7,0,1,N,2,2809
1,1,1,1,N,6,69,1,N,2,19397
2,1,1,2,3,12,61,1,N,2,1753
2,1,1,1,4,11,37,1,N,2,15851
1,1,1,2,5,6,19,1,N,2,15103
2,1,1,1,6,11,15,1,N,2,22663
1,1,2,0,4,11,28,1,N,2,12749
1,4,1,1,9,7,56,1,N,2,17992
1,3,2,2,9,6,61,1,N,2,22013
2,6,8,1,4,5,13,1,N,2,22473
2,1,8,1,7,N,52,1,N,2,16120
1,1,2,1,8,7,71,1,N,2,15416
1,1,1,1,6,7,49,1,N,2,10742
2,6,5,2,2,6,10,1,N,2,21061
2,1,1,2,0,2,0,1,N,2,11218
2,6,1,2,8,7,53,1,N,2,12347
1,6,1,1,0,5,50,1,N,2,16305
1,4,1,1,4,4,74,1,2,2,27252
1,1,1,1,N,N,61,1,N,2,22045
2,6,1,2,9,N,25,1,N,2,11782
2,1,1,1,7,7,38,1,N,2,19770
2,1,1,1,7,7,65,1,N,2,12361
2,1,1,1,9,N,39,1,N,2,22850
2,1,2,1,2,5,53,1,N,2,17188
2,6,2,1,N,N,29,1,N,2,15922
2,1,1,2,5,N,54,1,N,2,13896
2,6,1,2,3,5,44,1,N,2,15165
1,6,6,2,2,N,6,1,N,2,24939
2,1,1,1,9,7,32,1,N,2,22307
2,1,1,1,2,1,71,1,N,2,0
1,3,1,1,1,7,32,1,N,2,8628
1,1,1,1,9,N,85,1,N,2,21514
1,1,1,2,8,N,39,1,N,2,9879
2,1,3,1,0,9,22,1,N,2,4556
1,5,1,2,1,10,0,1,N,2,13977
2,1,1,1,6,7,60,1,N,2,18010
1,1,1,1,6,N,64,1,N,2,20563
1,6,1,1,5,6,35,1,N,2,26843
2,1,3,0,5,N,10,1,N,2,6202
1,6,6,1,1,5,20,1,N,2,20159
1,1,1,1,9,11,49,1,N,2,14769
2,3,1,2,8,5,14,1,N,2,23533
1,6,1,2,3,5,14,1,N,2,19664
2,6,1,1,1,2,67,1,N,2,2762
2,1,1,1,6,12,64,1,N,2,21499
1,4,1,2,5,4,0,1,N,2,25635
1,6,1,2,7,6,0,1,N,2,25472
2,6,1,2,4,7,42,1,N,2,18105
2,6,1,1,N,7,37,1,N,2,24939
2,1,1,1,0,7,51,1,N,2,16052
2,1,1,1,0,9,66,1,N,2,19542
2,6,2,1,0,2,56,1,N,2,21747
1,6,1,2,7,7,39,1,N,2,20396
2,6,1,1,N,7,37,1,N,1,20023
1,6,1,2,3,7,36,1,N,2,9516
2,6,1,1,4,9,0,1,N,2,23283
1,1,1,1,6,7,87,1,N,2,11657
1,1,1,1,5,10,27,1,N,2,24998
1,5,2,0,9,N,16,1,N,2,11251
2,6,1,2,9,6,30,1,N,2,18698
1,1,1,1,4,6,68,1,N,2,27252
2,6,1,2,N,7,28,1,N,2,15395
1,1,1,1,0,6,60,1,N,2,25407
1,6,1,1,8,6,55,1,N,2,15461
1,6,9,1,9,7,70,1,N,2,17182
2,4,1,2,1,4,72,1,N,2,15867
1,2,1,2,8,6,69,1,N,2,22474
2,3,1,1,7,7,72,1,N,2,23784
2,1,1,2,0,6,35,1,N,2,2905
2,1,1,1,N,4,43,1,N,2,16333
2,1,1,1,5,6,40,1,N,2,15587
2,1,1,1,8,9,86,1,N,2,21147
1,6,2,1,7,7,27,1,N,2,3423
2,1,1,1,6,1,35,1,N,2,19733
2,1,8,1,8,2,85,1,N,1,14468
2,6,2,1,8,7,46,1,N,2,20089
1,1,1,1,7,9,46,1,N,1,18177
2,6,2,2,2,6,60,1,N,2,15722
2,1,1,2,2,6,79,1,N,2,16936
1,6,6,2,1,5,70,1,N,2,11630
2,1,1,1,1,11,59,1,N,2,16137
2,6,7,1,0,7,22,1,N,2,10072
1,6,1,1,N,N,31,1,N,2,12036
2,1,6,1,N,N,30,1,N,2,23952
1,1,3,1,2,10,70,1,N,2,20895
2,1,1,2,9,6,41,1,N,2,23672
2,1,1,1,8,N,37,1,N,2,24888
1,6,1,1,9,7,16,1,N,2,13929
1,1,1,1,8,N,62,1,N,2,18294
2,6,1,2,3,6,11,1,N,2,27252
2,1,2,1,8,7,26,1,N,2,8265
1,6,1,1,3,7,21,1,N,2,18159
2,6,1,1,N,7,67,1,N,2,17861
1,1,1,1,0,7,69,1,N,2,9156
2,6,1,2,5,8,0,1,N,2,8402
2,1,2,2,8,7,27,1,N,2,11486
2,1,1,1,N,7,69,1,N,2,16385
2,4,1,1,N,7,62,1,N,2,3099
2,1,6,2,2,7,19,1,N,2,16805
1,6,1,2,7,7,60,1,N,2,9441
2,4,1,1,N,7,72,1,N,2,13511
1,6,1,2,0,7,36,1,N,2,2653
2,6,2,1,3,7,72,1,N,2,8478
2,6,1,1,2,1,31,1,N,2,16739
1,6,1,0,1,5,1,1,N,2,17142
2,1,1,1,0,12,35,1,N,2,24025
1,1,1,1,N,2,41,1,N,2,16969
1,1,1,1,4,10,77,1,N,2,13163
1,1,1,1,N,3,52,1,N,2,22704
2,1,1,2,0,6,60,3,N,2,10962
2,6,8,1,9,7,37,1,N,2,12861
2,1,2,1,6,3,70,1,N,2,23356
1,1,1,1,6,5,0,1,N,2,8544
2,3,1,1,9,6,50,1,N,2,21219
2,3,1,1,3,7,32,1,N,2,19586
2,3,1,1,8,N,39,1,N,2,17750
2,1,1,2,5,8,56,1,N,2,8224
1,4,1,1,8,7,62,1,N,1,24464
2,1,1,2,9,6,33,1,N,2,12778
1,4,1,1,5,N,56,1,N,2,6039
1,6,1,2,3,7,32,1,N,2,3338
1,6,1,2,N,7,23,1,N,2,16667
2,6,1,1,2,7,17,1,N,2,14699
1,3,2,1,9,3,26,1,N,2,20067
1,1,1,1,8,12,49,1,N,2,23788
2,1,1,2,6,10,57,1,N,2,22353
2,1,1,2,9,7,44,1,N,2,10109
2,6,6,0,3,7,46,1,N,2,19214
2,1,1,1,6,7,57,1,N,2,26586
1,4,1,1,7,7,75,1,N,2,9547
1,6,1,2,0,7,86,1,N,2,17646
2,6,2,2,3,10,23,1,N,2,17913
2,6,1,1,6,7,13,1,N,2,19668
2,1,1,1,5,N,51,1,N,2,18410
2,1,1,1,0,8,75,1,N,2,5603
2,5,1,1,8,7,48,1,N,2,8747
2,6,2,2,1,3,25,1,N,2,13571
2,1,1,1,9,11,47,1,N,2,17189
1,1,1,1,6,7,59,1,N,2,17242
1,1,1,1,7,11,57,1,N,2,27252
2,6,1,1,N,N,66,1,N,2,19673
1,1,1,1,3,N,73,1,N,2,17152
2,6,1,1,5,N,43,1,N,2,13058
1,1,1,1,N,11,70,1,N,2,14733
1,1,1,1,8,7,35,1,N,2,14706
2,1,2,1,4,9,35,1,N,2,19512
1,1,2,1,2,4,59,1,N,2,14323
1,1,1,2,0,N,81,1,N,2,26181
2,1,1,1,7,10,93,1,N,2,2054
2,1,1,1,0,7,57,1,N,2,21438
2,6,1,1,2,7,26,1,N,2,17061
2,1,1,1,N,7,63,1,N,2,23269
2,1,1,1,6,7,43,1,N,2,9697
2,2,1,1,0,7,55,1,N,2,24658
2,4,2,1,N,7,80,1,N,2,18382
1,6,1,1,3,6,22,1,N,2,15556
1,6,1,0,8,11,94,1,N,2,16272
2,1,1,1,N,N,85,1,N,2,16540
2,1,1,2,0,3,46,1,N,2,18293
1,1,1,1,3,7,44,1,N,2,15777
2,1,1,1,0,7,25,1,N,2,27252
2,1,2,1,9,6,43,1,N,2,21028
2,6,1,2,4,7,39,1,N,2,11692
1,1,1,2,6,5,17,1,N,2,9422
1,1,1,1,8,7,62,1,N,2,27021
1,6,2,2,N,7,60,1,N,2,12009
2,6,1,2,6,6,49,1,N,2,12888
1,1,1,2,9,N,66,1,N,2,16843
2,1,1,1,N,N,65,1,N,2,23902
1,6,2,1,2,6,76,1,N,2,19014
2,6,1,1,4,4,42,1,N,2,10807
2,1,1,1,9,6,68,1,N,2,24354
2,1,1,2,8,7,22,1,N,2,14583
2,1,1,1,N,3,38,1,N,2,22781
2,6,1,2,6,7,12,1,N,2,20872
1,1,2,2,6,7,28,1,N,2,5908
2,1,1,0,5,6,80,1,N,2,21627
2,1,1,1,5,11,19,1,N,2,17898
1,3,1,1,9,N,29,1,N,2,12247
1,1,1,1,6,10,50,1,N,2,12498
2,6,1,2,7,5,37,1,N,2,11655
1,4,1,1,0,6,47,1,N,2,22050
2,1,3,1,9,N,24,1,N,2,12762
2,1,1,1,8,N,76,1,N,2,9214
2,6,1,1,9,N,41,1,N,2,16303
1,1,1,2,5,N,84,1,3,2,9993
1,1,1,1,9,N,76,1,N,2,14555
1,1,1,1,8,N,24,1,N,2,25324
2,1,1,1,2,5,23,1,N,2,9754
1,6,2,1,N,6,95,1,N,2,10667
1,1,1,1,3,7,2,1,N,2,11021
1,6,1,1,N,N,76,1,N,2,15825
2,6,2,1,1,6,5,1,N,2,18869
1,6,2,1,8,7,27,1,N,2,21861
1,6,2,1,4,7,49,1,N,2,21650
1,3,2,1,7,7,54,1,N,2,21672
2,6,2,1,0,9,82,1,N,2,14410
1,1,1,1,4,7,71,1,N,2,21327
1,6,1,2,6,N,14,1,N,2,17336
2,6,1,1,5,7,19,1,N,2,17976
1,6,1,1,5,4,49,1,N,2,21859
1,1,1,1,7,7,26,1,N,2,11632
1,6,1,1,2,6,18,1,N,2,23449
1,1,1,1,N,7,78,1,N,2,24939
1,3,1,1,9,2,47,1,N,2,18508
1,4,1,1,0,4,75,1,5,2,12581
1,1,1,1,N,N,63,1,N,2,22438
2,6,1,2,2,4,31,1,N,2,15803
1,6,1,2,0,N,45,1,N,2,26017
2,1,1,1,4,N,43,1,N,2,14794
1,6,1,1,7,7,46,1,N,2,20377
1,6,2,1,9,11,17,1,N,2,22523
1,1,1,1,9,7,29,1,N,2,9219
2,1,1,1,5,10,83,1,N,2,19952
2,1,1,0,4,6,68,1,N,2,13151
2,1,1,1,N,7,59,1,N,2,24970
2,6,1,0,N,7,67,1,N,2,5806
2,1,1,1,9,10,71,1,N,2,16911
1,1,1,1,N,7,54,1,N,2,16843
2,6,2,1,4,3,54,1,N,2,12387
2,N,2,2,1,5,27,1,N,2,22123
1,1,1,1,7,3,24,1,N,2,10600
1,6,1,1,6,7,31,1,N,2,20991
2,1,1,2,7,7,53,1,N,2,15814
2,1,1,2,0,7,48,1,N,2,22800
1,1,2,1,7,4,70,1,N,2,21575
1,1,1,1,4,8,35,2,N,2,27252
1,1,1,1,9,N,26,1,N,2,22116
1,6,1,1,4,7,0,1,N,1,23303
1,6,1,1,0,5,75,1,N,2,10209
1,1,1,1,2,9,56,1,N,2,10469
2,1,2,2,9,6,24,1,N,2,11045
2,1,1,1,9,7,55,1,N,2,14802
2,1,2,1,N,7,46,1,N,2,21692
2,6,2,0,3,7,54,1,N,2,17029
2,6,2,1,9,6,19,1,N,2,1480
1,1,1,1,0,5,28,1,N,2,10278
2,6,2,1,0,7,5,1,N,2,22876
1,1,1,2,5,7,61,1,N,2,19217
2,1,1,1,8,6,38,3,N,2,22800
1,6,1,2,3,10,0,1,4,2,18421
1,6,1,1,7,7,79,1,N,2,3167
1,6,1,2,8,11,60,1,N,2,19537
2,4,2,2,7,7,58,1,N,2,8392
2,2,1,2,5,6,71,1,N,2,26866
2,1,1,1,8,9,45,1,N,2,0
2,1,1,1,7,N,82,1,N,2,19206
1,3,3,0,1,5,27,1,N,2,8334
2,1,1,1,2,2,58,1,N,2,18971
1,1,1,1,8,12,43,1,N,2,14021
1,1,1,1,9,5,77,1,N,2,18074
1,5,1,1,5,N,18,1,N,2,27252
2,1,1,1,N,N,55,1,N,2,27252
2,1,1,1,N,N,61,1,N,2,12723
2,3,2,1,7,2,53,1,N,2,15310
2,6,1,2,5,7,13,1,N,2,19122
1,6,2,2,0,2,12,1,N,2,12064
2,1,1,2,4,7,93,1,N,1,1692
2,1,1,1,0,N,53,1,N,2,23311
2,6,1,1,1,6,56,2,N,2,1692
1,6,1,2,N,7,56,1,N,2,27252
1,2,2,2,2,6,25,1,N,2,19078
2,1,2,0,7,8,32,1,N,2,23149
2,1,1,1,2,7,32,1,N,2,22730
1,6,1,1,7,7,24,1,N,2,18414
2,6,1,1,6,7,53,1,N,2,20955
1,1,7,1,6,5,17,1,N,2,5925
1,6,1,2,6,12,32,1,N,2,15905
1,1,3,1,6,7,83,1,N,2,23571
2,1,2,1,N,N,30,1,N,2,27252
1,N,1,1,8,8,27,2,N,2,10726
2,1,1,2,7,9,60,1,N,2,4606
2,6,3,2,2,7,8,1,N,2,24939
1,1,2,2,N,N,76,1,N,2,16026
1,3,1,1,9,7,93,1,N,2,5235
2,6,1,2,5,6,0,1,N,2,12518
2,6,2,2,0,7,20,1,N,2,21669
1,1,1,1,1,8,53,1,N,2,14593
1,6,1,1,6,7,73,1,N,2,13986
2,1,1,1,9,7,50,1,N,2,7148
1,4,1,1,5,3,20,1,N,2,21888
1,1,1,1,3,5,61,1,5,2,19228
2,6,1,1,8,7,15,1,N,2,27252
2,4,1,2,0,4,11,2,N,2,24939
2,1,1,1,9,N,71,1,N,2,2832
2,1,1,2,4,12,90,1,N,2,10185
2,6,1,2,9,5,34,3,N,2,17165
1,1,1,0,9,9,53,1,N,2,18215
2,1,1,1,0,1,10,3,N,2,27252
2,1,2,1,N,7,78,1,N,2,6533
2,1,1,1,8,6,66,1,N,2,15456
1,1,1,0,2,12,65,1,N,2,22119
1,1,1,1,N,7,60,1,N,2,23344
1,1,1,1,3,N,53,1,N,2,18703
1,4,1,2,2,6,14,1,N,2,24939
1,4,2,1,N,3,32,1,N,2,20744
1,1,1,1,7,10,68,1,N,2,20582
2,1,1,1,8,6,29,1,N,2,21642
2,4,2,1,3,N,25,1,N,2,21232
1,6,4,1,4,6,13,1,N,2,11480
1,6,7,1,0,8,8,1,N,2,14972
1,6,1,2,2,9,21,1,N,2,903
2,1,1,1,N,7,21,1,N,2,18130
2,1,1,1,7,N,18,1,N,2,18695
2,6,1,1,1,7,2,1,N,2,13433
1,6,1,1,2,4,69,1,N,2,21179
2,6,7,2,9,5,70,1,N,2,27252
1,2,1,2,2,7,13,1,N,2,1939
2,6,2,2,1,2,21,3,N,2,14528
2,1,1,1,N,7,10,1,N,2,20627
2,4,1,1,N,6,17,1,N,2,24508
1,1,1,2,0,2,30,1,N,2,19731
1,6,2,2,0,5,16,1,N,2,10523
1,6,1,2,3,4,35,1,N,2,9779
1,6,1,1,0,7,27,1,N,2,12073
2,4,3,1,0,N,41,1,N,2,23652
2,5,1,2,N,3,25,1,N,2,19535
2,3,1,1,8,7,18,1,N,2,24949
2,1,1,1,9,N,87,1,N,2,1979
2,3,3,1,8,4,0,1,N,2,3825
2,1,1,2,N,N,25,1,N,2,13247
2,6,1,2,6,5,20,1,N,2,27252
2,1,1,1,3,7,26,1,N,2,20841
1,6,2,1,4,7,51,1,N,2,20342
1,1,1,1,9,11,75,1,N,2,16954
1,6,1,1,N,3,37,1,N,2,16538
2,6,1,2,3,N,8,1,N,2,20679
1,6,2,2,N,N,26,1,N,2,12477
2,1,1,2,3,6,57,1,N,2,8179
2,1,1,1,6,N,80,1,N,2,3579
2,6,1,1,1,N,47,1,N,2,24019
1,1,1,1,N,7,62,1,N,2,27252
1,1,1,1,N,7,30,1,N,2,21433
2,6,2,2,1,5,2,1,N,2,12815
1,4,2,1,8,N,83,1,5,2,20079
1,1,1,1,9,11,71,1,N,2,25913
1,1,1,1,7,2,58,1,N,2,20174
2,6,1,0,7,3,14,1,N,2,12681
2,3,1,1,3,N,56,1,N,2,263
1,1,1,1,1,5,58,1,N,2,18842
2,3,6,1,8,6,53,1,N,2,2846
2,4,3,1,8,N,93,1,N,2,5136
2,3,1,2,8,8,51,1,N,2,14310
2,6,1,0,7,7,33,1,N,2,4927
1,6,1,1,1,N,0,1,N,2,12752
2,1,1,1,2,3,50,1,N,2,17785
1,5,1,1,9,5,28,1,N,2,6164
1,6,1,1,9,8,62,1,N,2,11147
1,2,1,1,9,N,49,1,N,2,4018
2,1,1,1,N,7,80,1,N,2,20240
1,6,2,2,7,7,15,1,N,2,21209
2,6,1,1,0,4,26,1,N,2,18712
2,1,1,2,4,N,64,1,N,2,3014
2,6,1,1,0,N,42,1,N,2,20674
1,1,1,1,8,12,71,1,N,2,19656
2,1,7,1,1,6,66,1,N,2,11141
2,6,2,1,7,7,55,1,N,2,15441
2,1,2,1,2,N,47,1,N,2,25620
2,1,1,2,9,4,4,1,N,2,9271
1,1,1,2,8,5,68,1,N,2,5573
2,1,1,1,0,7,34,1,N,2,9647
2,1,1,1,5,6,41,1,N,2,11536
2,4,1,2,9,7,39,1,N,2,24939
2,6,1,1,9,7,74,1,N,2,1431
2,1,1,1,N,3,35,1,N,2,27252
2,1,2,1,0,9,63,1,N,2,17948
2,1,1,1,4,7,80,1,N,2,17607
2,N,1,1,5,7,45,1,N,2,17436
1,1,1,1,7,7,50,1,N,2,17951
2,1,1,1,9,7,43,1,N,2,11115
1,1,1,1,4,9,28,1,N,2,15064
1,1,1,1,8,6,14,1,N,2,20459
2,1,2,2,6,7,62,1,N,2,13894
1,6,1,2,1,5,0,1,N,2,926
1,1,2,1,7,5,7,1,N,2,23214
1,1,1,1,N,7,4,1,N,2,24593
2,1,1,1,4,7,69,1,N,2,21960
2,6,6,2,8,7,48,1,N,2,19048
2,6,4,2,5,4,24,1,N,2,6200
1,1,1,1,3,5,40,1,N,2,17167
2,6,1,2,6,9,40,1,N,2,19859
2,6,1,2,4,5,61,1,N,2,23383
2,1,5,2,1,6,10,1,N,2,19647
1,6,9,2,4,5,37,1,N,2,19351
2,1,1,1,5,9,41,1,N,2,20689
2,1,1,1,0,2,61,1,N,2,22161
2,6,1,2,4,7,23,1,N,2,24745
2,6,1,2,6,7,90,1,N,2,15782
1,1,8,1,7,6,17,1,N,2,20167
2,1,1,1,8,7,39,1,N,2,12807
2,1,1,1,N,7,72,1,N,2,26198
2,1,1,1,4,7,71,1,N,2,27252
2,5,1,2,9,2,57,1,N,2,5386
1,6,2,2,2,7,50,1,N,2,24956
2,1,1,1,6,N,76,1,N,2,12538
2,6,6,1,3,10,63,1,N,2,14021
2,6,2,2,6,3,38,1,N,2,21323
2,6,1,2,0,5,32,1,N,2,13740
1,1,1,1,4,6,46,1,N,2,15883
2,6,6,1,4,4,20,1,N,2,15738
2,1,4,1,1,N,50,1,N,2,20775
2,6,1,1,N,3,39,1,N,2,18647
2,6,1,2,2,7,0,1,N,2,27252
2,1,1,2,8,5,86,1,N,2,2043
1,1,1,1,9,N,79,1,N,2,16932
2,3,1,2,0,7,42,1,N,2,20391
2,6,1,2,6,4,55,1,N,2,6260
2,6,1,2,9,7,46,1,N,2,27252
2,1,1,1,N,7,81,1,N,2,18392
2,6,1,2,N,7,5,1,N,2,11945
2,4,1,2,9,7,68,1,N,2,10008
2,6,1,2,9,N,53,1,N,2,10211
2,1,1,2,8,6,68,1,N,2,6712
1,1,1,1,7,6,19,1,N,2,27252
2,1,1,1,9,5,78,1,N,2,27252
1,6,1,1,6,6,47,1,N,2,26082
2,1,1,1,6,11,61,1,N,2,16454
1,1,2,1,0,12,63,1,N,2,0
1,6,1,1,8,7,77,1,N,2,18677
2,6,7,1,9,8,49,1,N,2,18975
2,1,1,1,9,N,25,1,N,2,19074
2,4,6,1,7,8,20,1,N,2,13265
2,6,1,1,6,5,1,1,N,2,13256
2,1,2,1,4,12,22,1,N,2,14325
1,1,1,1,6,7,60,1,N,2,20229
1,4,1,1,8,10,1,1,N,2,17856
2,2,1,2,7,5,29,1,N,2,9131
2,1,1,1,N,7,70,1,N,2,8745
1,4,2,1,7,7,75,1,N,2,1141
1,1,2,1,9,6,95,1,N,2,10010
2,1,1,1,9,N,62,1,N,2,16651
1,1,1,1,1,6,3,1,N,2,21777
1,6,2,1,4,5,29,2,N,2,3894
2,1,1,1,2,N,59,1,N,2,21327
1,6,1,2,7,7,4,1,N,2,13848
1,6,1,2,4,7,16,1,N,2,20035
2,4,1,1,9,N,75,1,N,2,16041
2,6,2,1,7,7,14,1,N,2,19280
2,1,1,2,9,4,28,1,N,2,15651
2,6,1,1,5,7,35,1,N,2,27252
2,6,2,2,0,9,25,1,N,2,3779
2,1,1,1,N,N,54,1,N,2,9394
1,3,1,1,3,6,63,1,N,2,17765
2,1,3,1,0,2,60,1,N,2,11818
2,6,1,1,N,7,89,1,N,2,7548
2,1,1,1,2,3,47,1,N,2,12986
2,1,2,1,3,5,5,1,N,2,27233
2,6,1,1,9,N,34,3,N,2,7247
2,1,1,1,3,3,34,1,N,2,14846
2,1,1,2,2,8,36,1,N,2,10683
2,1,1,1,9,7,22,1,N,2,21631
1,1,2,1,6,3,30,1,N,2,18898
2,6,4,1,4,3,23,1,N,2,27252
1,1,1,2,9,7,48,1,N,2,8736
2,1,1,1,6,6,4,1,N,2,4809
1,1,1,1,N,N,32,1,N,2,11694
1,6,1,1,3,4,24,1,N,2,24561
2,N,1,1,N,7,19,1,N,2,24738
1,6,2,1,9,11,58,1,N,2,12673
2,1,1,1,5,7,60,1,N,2,13692
2,6,1,1,2,5,41,1,N,2,3481
2,1,1,1,7,4,37,1,N,2,8737
2,1,2,1,7,4,38,1,N,2,7148
1,6,1,1,8,N,65,1,N,2,0
1,1,1,1,7,7,54,1,N,2,16946
2,4,1,1,N,7,10,1,N,2,18611
2,1,1,2,8,7,30,1,N,2,6010
1,1,1,1,5,5,34,1,N,2,16247
1,6,1,1,9,N,39,1,N,2,20031
2,1,1,2,1,9,0,1,N,2,23147
2,6,1,2,N,N,35,1,N,2,11425
2,1,2,1,4,7,22,1,N,2,12736
1,1,1,1,3,7,22,1,N,2,8132
1,6,1,1,2,7,45,1,N,2,24202
2,6,1,2,N,7,22,1,N,2,21970
2,1,1,1,3,7,36,1,N,2,12544
1,1,1,1,2,8,60,1,N,2,6608
1,1,1,1,8,2,0,1,N,2,19232
2,1,1,1,5,7,87,1,N,2,21974
2,1,1,1,N,5,33,1,N,2,24939
1,6,1,1,6,N,0,1,N,2,18482
2,3,1,2,4,5,42,3,N,2,5410
2,1,1,1,9,7,39,1,N,2,22117
1,1,1,2,N,N,63,1,N,2,9338
2,6,1,1,3,7,55,1,N,2,13441
1,1,1,1,9,N,88,1,N,2,24721
1,1,1,1,9,N,82,1,N,2,0
1,4,1,1,2,6,55,1,N,2,2034
1,6,1,0,7,7,48,1,3,2,21043
1,1,1,1,7,7,61,1,6,2,14525
1,1,8,2,8,7,55,1,N,2,3803
1,6,1,2,1,5,69,1,N,2,19020
2,1,2,1,8,9,49,1,N,2,20784
2,1,1,2,7,N,10,1,N,2,7131
2,1,1,1,N,7,46,1,N,2,13820
1,6,1,1,2,4,23,1,N,2,7313
1,1,1,2,6,7,38,1,N,2,24088
2,6,1,2,7,6,67,1,N,2,17802
2,1,1,1,5,3,63,1,N,2,6729
2,1,1,2,9,N,44,3,N,2,15994
1,6,1,2,7,12,48,1,N,2,16843
2,1,1,1,8,3,33,1,N,2,12872
1,6,2,2,N,7,25,1,N,2,16683
2,4,1,1,9,7,95,1,N,2,18935
2,6,5,2,2,5,46,1,N,2,5909
1,4,1,2,1,5,47,1,5,2,21140
1,6,1,1,7,7,29,1,N,2,2898
1,1,7,1,4,11,21,1,N,2,4161
2,1,1,1,N,7,13,1,N,2,19288
1,4,1,1,4,9,72,1,N,2,9657
1,6,1,2,2,6,36,1,N,2,17858
1,1,1,1,5,N,28,1,N,2,8542
2,4,1,2,7,7,24,1,N,2,17911
1,6,1,2,2,7,9,1,N,2,21844
1,6,1,1,4,6,59,1,N,2,17709
1,6,6,0,0,N,65,2,N,2,13393
2,1,3,1,0,7,48,1,N,2,22684
2,1,1,1,5,N,6,1,N,2,17492
1,4,1,1,3,6,3,1,N,2,18364
2,6,1,1,0,5,17,1,N,2,5126
2,1,1,1,1,11,64,1,N,2,13584
2,4,2,1,9,6,40,1,N,2,0
1,1,1,1,8,N,61,1,N,2,27252
2,1,1,2,7,N,11,1,N,2,25530
1,4,1,1,9,6,34,1,N,2,16816
2,6,1,1,1,5,18,1,N,2,12356
1,6,1,2,8,7,78,1,N,2,10838
1,1,1,1,3,10,78,1,N,2,20078
2,1,1,1,9,7,31,1,N,2,20653
2,1,1,1,3,N,63,1,N,2,27252
1,6,1,1,8,6,80,1,N,2,18953
2,1,1,1,4,N,68,1,N,2,13770
2,6,1,2,4,N,42,1,N,2,17094
2,6,1,1,9,6,26,1,N,2,13968
2,6,1,2,0,5,43,1,N,2,21421
2,1,2,1,N,2,32,1,N,2,8789
2,1,1,1,0,N,41,3,N,2,21221
2,6,1,2,0,5,55,1,N,2,10515
2,6,2,2,N,7,57,1,N,2,16280
2,1,1,2,9,6,71,1,N,2,20368
2,6,1,1,3,7,27,3,N,2,17370
2,6,1,2,9,7,17,1,N,2,15488
2,1,1,2,9,8,44,1,N,2,2630
2,1,1,1,3,7,24,1,N,2,17949
1,1,1,1,7,9,26,1,3,2,12463
1,1,2,1,4,7,42,1,N,2,20076
1,6,1,1,1,4,8,1,N,2,20536
1,1,1,1,6,7,42,1,N,2,10040
2,1,1,2,3,N,67,1,N,2,27252
1,4,1,1,5,9,67,1,N,2,25101
2,1,2,1,4,7,42,1,N,2,20669
1,3,1,1,1,12,49,1,N,2,23355
2,6,7,1,7,9,23,1,N,2,6561
1,3,1,2,N,N,50,1,N,2,14038
2,1,1,2,1,6,19,1,N,2,12327
1,6,1,1,1,N,6,1,N,2,17059
2,3,1,1,N,3,39,1,N,2,15459
2,1,1,2,4,4,70,1,N,2,16029
1,6,1,2,4,5,23,1,N,2,20363
2,1,6,0,9,6,51,1,N,2,9974
2,1,1,1,4,N,18,1,N,2,24238
2,1,2,2,8,9,84,1,N,2,8000
2,1,2,2,N,7,74,1,N,2,17988
2,6,2,2,4,2,33,1,N,2,1992
1,6,4,1,7,7,21,1,N,2,27252
2,1,1,1,6,N,58,1,N,2,15597
2,6,2,2,9,6,30,1,N,2,23273
1,1,1,1,7,N,46,1,N,2,16617
2,6,1,2,2,7,50,1,2,2,0
2,6,1,2,3,2,53,1,N,2,20651
1,1,2,1,9,7,0,1,N,2,20681
1,6,2,1,9,7,24,1,N,2,17995
2,2,2,1,N,12,77,1,N,2,13902
2,1,8,2,8,7,57,1,N,2,6035
2,1,1,1,4,5,73,1,N,2,27252
2,6,1,2,N,3,34,1,N,2,15896
2,6,1,1,N,7,43,1,N,2,3185
2,6,9,2,3,7,24,1,N,2,19579
2,1,1,1,9,N,34,1,N,2,23605
1,1,9,1,N,9,51,1,N,2,25208
2,6,2,2,3,11,21,1,N,2,21458
2,6,2,1,0,N,7,1,N,2,19366
1,1,1,1,8,6,9,1,N,2,5263
2,1,1,1,6,4,71,1,N,2,17362
2,6,1,1,N,7,63,1,N,2,24558
1,1,2,0,5,7,32,1,N,2,4322
2,2,2,1,0,12,52,1,N,2,8462
2,1,1,1,N,N,43,1,N,2,3927
2,6,1,2,2,7,13,1,N,2,20046
2,6,1,1,0,N,0,1,N,2,16843
1,1,1,0,3,7,18,1,N,2,23662
1,1,1,1,N,N,25,1,N,2,27252
2,6,2,1,1,5,17,1,N,2,15266
2,6,1,1,4,N,3,1,N,2,21526
1,1,1,1,0,5,86,1,N,2,8390
1,1,1,1,3,3,55,1,N,2,16077
2,6,2,1,3,7,26,1,N,2,14612
1,1,1,1,N,2,76,1,N,2,14723
1,6,1,1,4,5,26,1,N,2,11308
2,5,1,1,8,5,42,1,N,2,15888
1,1,1,1,N,6,71,1,N,2,18079
1,6,2,2,2,11,38,1,N,2,0
1,6,1,0,8,7,22,1,N,2,24939
2,4,2,1,N,7,44,1,N,2,23719
2,6,1,1,9,7,39,1,N,2,24386
2,6,1,2,8,7,25,1,N,2,22883
2,1,1,1,4,6,69,1,N,2,12458
1,6,1,2,6,6,13,1,N,2,22071
2,6,2,2,1,4,9,1,N,2,9321
1,6,1,1,9,7,52,1,N,2,15943
2,1,1,2,7,9,17,1,N,2,26076
2,1,2,1,9,7,34,1,N,2,13332
1,1,1,1,6,5,37,1,N,2,13251
1,1,1,1,9,4,46,1,N,2,7159
2,6,1,1,4,4,34,1,N,2,12188
1,6,2,2,5,N,3,1,N,2,24963
1,6,1,2,4,3,24,1,N,2,11955
1,6,1,2,5,11,16,1,N,2,18521
1,1,2,2,7,11,21,1,N,2,8155
2,2,9,1,9,6,29,1,N,2,15847
2,6,2,1,9,7,58,1,N,2,27252
1,6,1,1,8,7,0,1,N,2,27252
2,1,1,1,3,N,22,1,N,2,16936
2,2,1,1,5,4,40,1,N,2,20025
1,6,2,2,1,5,44,1,N,2,22287
2,6,2,2,0,N,46,1,N,2,11352
1,6,1,2,8,7,75,1,N,2,11275
1,6,1,0,7,7,4,1,N,2,21406
1,1,1,1,8,3,74,1,N,2,25022
1,1,1,1,4,3,18,1,N,2,17433
1,1,1,2,8,7,51,1,N,2,14773
2,1,1,2,9,N,44,1,N,2,22422
1,1,1,1,7,7,56,1,N,2,13383
2,1,1,1,N,7,19,1,N,2,18698
1,6,2,1,0,7,19,1,N,2,12520
2,6,2,1,9,7,38,1,N,2,18487
2,1,1,1,4,7,63,1,N,2,17444
1,6,2,2,8,6,42,1,N,2,26423
2,1,1,1,7,N,56,1,N,2,24287
1,1,1,1,0,10,50,1,N,2,21362
1,1,1,1,8,4,56,1,N,2,27252
2,1,1,1,N,7,19,1,N,2,14470
2,6,2,2,1,7,0,1,N,2,20860
2,1,1,2,7,7,27,1,N,2,17765
1,4,2,1,7,4,49,1,N,2,10599
2,6,1,1,1,6,2,1,N,2,791
1,1,1,1,6,9,36,1,N,2,27252
2,6,1,1,5,4,27,1,N,2,24939
2,6,1,1,6,9,0,1,N,2,11885
2,1,1,1,9,N,84,1,N,2,21635
2,6,6,1,1,11,43,1,N,2,14836
2,6,1,1,8,7,0,1,N,2,27252
1,1,1,1,5,7,37,1,N,2,12911
2,6,5,2,1,10,50,1,N,2,19795
1,1,1,2,N,3,64,1,N,2,21232
2,6,1,1,5,6,35,1,N,2,19138
2,6,1,1,5,9,17,1,N,2,20343
1,6,2,1,8,8,16,1,N,2,20702
2,1,2,1,5,N,45,1,N,2,20612
1,1,1,1,5,4,29,1,N,2,2294
2,1,1,1,9,N,29,1,N,2,23836
1,1,1,1,4,7,60,1,N,2,18997
2,1,1,0,8,N,52,1,N,2,14578
2,6,1,1,0,6,74,1,N,2,18869
2,6,2,2,8,7,26,1,N,2,15441
1,6,1,2,7,7,38,1,N,2,13390
2,4,1,2,8,5,20,1,N,2,22851
1,6,1,1,7,6,80,1,N,2,19696
1,3,2,1,2,12,63,1,N,2,17369
2,1,1,1,9,7,66,3,N,2,4690
1,1,1,1,0,7,35,1,N,2,14680
2,6,1,1,2,7,5,1,N,2,18922
2,6,2,2,0,4,35,1,N,2,15325
2,1,1,1,3,7,25,1,N,2,21298
2,1,1,1,0,4,37,1,N,2,20137
2,6,1,1,9,7,95,1,N,2,12685
2,1,1,1,9,7,88,1,N,2,17237
2,1,1,1,8,7,9,1,N,2,4608
2,1,1,1,6,7,5,1,N,2,26256
2,6,5,2,4,5,23,1,N,2,7547
2,6,1,1,N,N,76,1,N,2,1962
1,6,1,1,8,7,12,1,N,2,25326
2,6,1,1,4,N,16,1,N,2,14130
1,3,1,1,9,6,36,1,N,2,16997
2,1,1,1,5,7,20,1,N,2,21639
1,6,1,2,7,7,48,1,N,2,2973
2,1,1,1,N,4,71,1,N,2,14905
1,6,2,2,2,7,52,1,N,2,10675
1,1,1,1,8,12,47,1,N,2,22152
2,5,1,1,3,7,60,1,N,2,21788
2,1,1,2,3,7,8,1,N,2,11859
2,4,1,1,6,9,56,1,N,2,21633
2,6,1,1,3,7,25,1,N,2,24358
2,1,1,1,9,3,87,1,N,2,11487
1,1,1,2,9,7,25,1,N,2,18766
1,6,1,2,5,N,62,1,N,2,18075
1,1,1,1,3,11,34,1,N,2,5966
1,1,9,1,5,N,60,1,N,2,14441
1,6,1,0,7,7,58,1,N,2,0
1,6,1,1,6,9,36,1,N,2,17137
2,1,1,1,3,N,62,1,N,2,25673
1,1,1,1,8,9,71,1,N,2,20090
2,1,4,1,9,7,27,1,N,2,21769
1,1,3,1,9,7,92,1,N,2,16333
2,1,1,1,5,1,10,1,N,2,25446
2,6,1,2,4,7,38,2,N,2,20212
2,1,1,1,4,7,66,1,N,2,22326
2,1,1,1,3,12,43,1,N,2,24939
2,6,1,1,N,7,88,1,N,2,12427
2,1,1,1,0,6,31,1,N,2,11069
2,1,2,2,0,8,35,1,N,2,16686
2,1,1,1,7,N,55,1,N,2,2778
2,1,1,2,8,6,52,1,N,2,16150
2,1,1,1,9,7,61,1,N,2,9081
2,6,1,0,0,7,0,1,N,2,17573
2,1,6,1,4,11,24,1,N,2,24939
2,6,1,1,8,7,53,1,N,2,9399
2,4,1,1,6,N,37,1,N,2,27252
1,1,3,2,1,3,22,1,N,2,17886
1,1,1,1,7,6,44,3,N,2,2295
1,1,1,2,N,7,36,1,N,2,26857
2,1,1,1,9,N,59,1,N,2,25841
1,1,6,1,9,12,65,1,N,2,20894
1,1,1,2,4,N,28,1,N,2,25633
2,1,1,1,N,7,60,1,N,2,10175
1,1,1,1,4,7,52,1,N,2,22332
1,1,1,2,2,3,50,1,N,2,24090
2,6,1,2,2,6,21,1,N,2,14333
2,1,4,1,2,6,18,1,N,2,14387
2,6,6,2,N,6,45,1,5,2,21272
2,1,1,1,6,N,17,1,N,2,17536
2,5,1,1,4,7,58,1,N,2,15087
2,6,3,1,N,7,24,1,N,2,22273
2,4,1,1,2,12,7,1,N,2,15600
1,6,2,1,2,5,58,1,N,2,8568
2,1,1,1,8,7,22,1,N,2,27252
2,1,1,1,N,N,59,1,N,2,27252
2,1,1,1,6,N,95,1,N,2,3635
1,1,2,1,9,7,46,1,N,2,6905
2,6,1,1,2,7,68,1,N,2,14776
1,6,1,1,3,7,20,1,N,2,16592
1,4,1,1,0,8,63,1,N,2,5854
1,1,1,1,2,7,17,1,N,2,23838
1,6,1,1,0,4,41,1,N,2,21132
2,6,1,1,6,4,56,3,N,2,9314
2,N,2,2,8,12,93,1,N,2,16524
2,1,2,1,9,N,67,1,N,2,18302
1,1,2,0,0,N,8,1,N,2,7053
1,3,1,2,6,11,40,1,N,1,9797
2,4,1,1,N,7,61,1,N,2,17132
1,6,1,1,9,5,6,1,N,2,13555
2,1,1,1,0,N,91,1,N,2,17381
2,1,1,2,7,5,51,1,N,2,17290
1,1,6,1,0,6,51,1,N,2,22788
2,1,1,1,7,3,45,1,N,2,19589
2,6,1,2,2,7,32,1,N,2,16621
2,1,1,1,3,9,45,1,N,2,20031
2,1,1,1,3,5,35,1,N,2,7827
2,N,6,1,1,7,62,1,N,2,12944
2,1,1,1,8,7,24,1,N,2,24739
2,6,7,1,3,5,84,1,N,2,11736
2,2,1,1,0,3,33,1,N,2,17529
2,1,3,1,4,6,50,1,N,2,17499
2,1,1,1,9,7,48,1,N,2,15309
2,1,1,2,7,1,54,1,N,2,10924
2,6,1,1,4,8,48,1,N,2,20189
2,1,1,2,7,9,51,1,N,2,11194
2,6,1,2,0,7,85,1,N,2,6746
1,1,1,1,6,12,71,1,N,2,20893
2,3,2,1,N,N,67,1,N,2,27252
1,1,2,0,3,7,13,1,N,2,6421
2,6,9,2,6,6,11,1,N,2,0
1,2,1,1,7,7,40,1,N,2,23050
2,1,1,1,4,8,44,1,N,2,20077
1,1,1,1,3,10,47,1,N,2,21640
2,6,2,1,0,6,60,1,N,2,3628
1,1,1,1,8,6,51,1,N,2,19044
1,1,1,1,9,N,12,1,N,2,23050
1,6,9,0,0,3,15,1,N,2,11809
2,6,1,2,5,5,42,1,N,2,13440
2,1,1,1,N,7,61,1,N,2,27252
2,6,1,1,5,7,10,1,N,2,16731
2,4,1,0,1,4,69,1,N,2,27252
1,6,1,1,3,7,49,1,N,2,22566
1,3,1,2,8,7,78,1,N,2,16888
2,6,1,2,9,7,44,1,N,2,20094
2,5,1,2,3,5,12,1,N,2,20232
1,6,6,1,6,2,58,1,N,2,417
1,1,1,1,7,5,78,1,N,2,4377
1,1,1,1,0,7,93,1,N,1,9198
2,1,2,1,3,7,52,1,N,2,14866
2,3,3,0,1,5,44,1,N,2,7988
1,1,1,1,0,8,0,1,N,2,15453
2,1,1,1,4,7,38,1,N,2,21418
2,1,1,2,7,7,81,1,N,2,15974
1,6,1,1,2,7,29,1,N,2,13593
2,1,1,2,0,1,74,3,N,2,9398
2,4,1,1,N,N,38,1,N,2,13867
1,1,2,1,1,8,62,1,N,2,16191
2,1,4,1,9,3,47,1,N,2,20524
1,1,6,1,0,5,7,1,N,2,18253
1,4,1,1,N,7,4,1,N,2,27252
2,1,1,2,7,7,79,1,N,2,10873
2,3,1,2,3,N,48,1,N,2,13566
2,4,1,1,6,4,22,1,N,2,0
2,6,1,1,9,7,80,1,N,2,19948
1,6,2,1,N,7,58,1,N,2,10925
2,6,1,1,7,7,5,1,N,2,19697
2,1,1,2,9,5,25,1,N,2,5171
1,6,1,2,2,N,73,1,N,2,18899
2,1,3,1,7,7,6,1,N,2,24798
2,1,1,1,8,3,51,1,N,2,24542
2,6,2,2,0,7,31,1,N,2,20747
2,6,1,2,N,7,29,1,N,2,11835
2,6,1,2,6,5,22,1,N,2,12412
2,1,1,1,0,7,28,1,N,2,27252
1,1,1,1,N,3,68,1,N,2,18386
1,6,5,2,3,3,59,3,N,2,20894
2,1,6,1,2,4,66,1,N,2,3550
2,6,6,1,3,6,52,1,N,2,13238
2,1,1,1,6,N,36,1,N,2,19262
2,5,1,2,4,6,19,1,N,2,14052
2,2,1,2,5,7,72,1,N,2,17353
2,1,5,2,9,7,51,1,N,2,18116
2,1,1,1,N,3,62,1,N,2,19547
2,6,1,2,1,6,36,1,N,2,13836
2,6,1,1,5,12,63,1,N,2,23974
1,4,1,2,0,11,70,1,N,2,20432
1,6,1,1,N,2,68,1,N,2,25785
1,1,1,1,6,N,0,1,N,2,24939
2,6,1,2,1,7,23,1,N,2,24822
2,1,1,2,N,N,59,1,N,2,20048
1,1,2,1,7,7,68,1,N,2,2933
1,6,1,1,0,7,18,1,N,2,17656
2,6,1,2,1,9,44,1,N,2,8627
1,1,2,1,0,4,35,1,N,2,16186
1,1,2,1,4,5,23,1,N,2,14241
1,3,1,1,7,9,63,3,N,2,5165
2,6,6,1,2,4,24,1,N,2,17771
1,6,1,2,1,7,1,1,N,2,17809
2,4,1,1,0,5,24,1,N,2,22056
2,6,2,2,8,5,38,1,N,2,17988
2,1,2,1,4,2,18,1,N,2,12605
2,6,9,1,9,N,0,1,N,2,24939
1,6,9,2,1,11,43,1,N,2,22238
2,6,1,1,9,N,36,1,N,2,24589
2,1,1,1,0,6,49,1,N,2,27252
1,1,5,2,0,7,54,1,N,2,13099
2,1,1,1,9,7,56,1,N,2,7808
1,1,1,1,0,7,1,1,N,2,26049
1,1,1,1,6,6,81,1,N,2,5284
1,6,2,2,2,9,17,1,N,2,16054
2,1,2,0,9,7,66,1,N,2,6391
2,6,1,2,3,5,67,1,N,2,5559
1,1,1,1,9,7,58,1,N,2,26262
2,1,1,1,N,N,59,1,N,2,8201
2,1,1,1,5,2,49,1,N,2,18106
1,1,1,1,2,N,39,1,N,2,11463
2,4,1,1,0,2,15,1,4,2,22609
2,6,2,1,7,N,73,1,N,2,13778
1,6,5,2,6,5,15,1,N,1,15474
2,6,1,1,N,N,28,1,N,2,27252
1,6,2,0,4,3,38,1,N,2,9158
2,1,1,1,7,N,59,1,N,2,14862
1,1,1,1,6,7,6,1,N,2,20446
2,6,3,2,1,1,27,1,N,2,20036
1,1,1,1,3,7,25,1,N,2,22311
1,6,6,1,1,9,15,1,N,2,25110
2,1,1,1,1,3,48,1,N,2,20717
1,1,4,1,0,5,33,1,N,2,8771
1,1,1,1,3,2,66,1,N,2,22426
2,6,1,1,8,N,95,1,N,2,0
1,6,2,2,3,5,0,1,N,2,19263
2,6,1,2,8,7,25,1,N,2,14853
1,6,1,2,9,5,17,1,N,2,14999
2,6,1,1,1,1,14,1,N,2,12492
1,1,1,1,0,1,76,1,N,2,4426
2,1,1,1,3,9,56,1,N,2,17698
1,1,1,1,3,4,56,1,N,2,21275
2,1,9,1,8,11,67,1,N,2,1669
2,1,1,1,N,7,74,1,4,2,13891
2,4,2,2,1,7,61,1,N,2,11098
1,1,1,1,2,9,64,1,N,2,6341
1,1,4,2,5,6,49,1,N,2,0
2,6,1,1,7,7,27,1,N,2,20149
1,1,1,1,7,7,58,1,N,2,13565
1,1,1,1,5,9,65,1,N,2,20128
2,6,1,2,0,7,60,1,N,2,11865
1,1,1,1,8,N,64,1,N,2,14144
2,6,1,1,0,7,31,1,N,2,17465
2,6,1,2,0,9,3,1,N,2,22250
1,2,1,1,1,9,85,1,N,2,13648
2,1,1,1,7,N,66,1,N,2,16673
2,4,2,2,1,9,10,1,N,2,22308
2,4,1,1,7,7,47,1,N,2,0
1,1,2,1,N,3,74,1,N,2,24949
1,6,2,1,6,8,0,1,N,2,10779
2,1,9,1,0,2,0,1,N,2,7331
2,6,2,2,7,N,38,1,N,2,26713
2,1,1,1,6,6,54,1,N,2,19299
1,6,1,2,3,6,41,1,N,2,13838
2,1,6,1,9,3,59,1,N,2,19653
1,6,2,1,8,5,4,1,N,1,4610
2,1,1,1,6,N,27,1,N,2,17624
2,6,1,1,7,7,39,1,N,2,22296
2,5,1,2,2,7,66,1,N,2,4288
2,4,1,1,7,7,53,1,N,2,22664
1,1,1,1,N,7,59,1,N,2,22294
2,1,1,1,N,7,43,1,N,2,27252
2,6,1,1,5,6,28,1,N,2,14859
1,6,1,2,2,7,24,1,N,2,21800
2,6,1,1,8,7,57,1,N,2,14193
2,6,1,0,7,7,31,1,N,2,17024
2,6,1,1,2,7,45,1,N,2,15005
1,6,2,1,2,2,37,1,N,2,6388
1,1,1,0,4,5,56,1,N,2,16145
2,1,2,1,0,7,23,1,N,2,13504
2,1,1,1,N,N,60,1,N,2,23638
1,1,2,2,9,N,10,1,N,2,23745
2,6,1,1,5,12,33,1,N,2,2958
1,6,1,1,5,N,47,1,N,2,3839
1,1,1,1,3,7,39,1,N,2,2025
2,1,1,1,2,N,22,1,N,2,12926
2,6,1,2,4,4,45,1,N,2,0
1,1,1,1,9,N,27,1,N,2,15785
2,6,1,2,9,N,77,1,N,2,11355
1,1,1,1,5,1,42,1,N,2,24753
2,1,1,1,N,N,62,1,N,2,17507
1,1,1,1,7,5,43,1,N,2,20580
1,1,1,1,4,7,45,1,N,2,24939
2,1,1,1,2,5,63,1,N,2,5597
2,6,3,2,5,N,53,1,N,2,4138
2,6,1,1,8,4,15,1,N,2,16573
2,1,1,1,8,6,31,1,N,2,27252
1,6,1,1,2,7,78,1,N,2,17085
2,1,1,1,5,7,59,1,N,2,13812
2,1,6,2,7,4,51,1,N,2,21517
2,4,1,1,N,7,72,1,N,2,16583
1,6,1,2,6,6,10,1,N,2,17071
2,4,1,1,N,3,33,1,N,2,16701
2,1,1,1,N,7,22,1,N,2,23957
1,1,1,1,9,10,81,1,N,2,14611
2,1,1,1,8,N,36,1,N,2,21368
2,1,1,2,N,5,51,1,N,2,23610
2,1,1,1,N,7,55,1,N,2,17184
1,4,6,2,5,6,79,1,N,2,11481
2,1,1,2,9,N,48,1,N,2,21342
2,6,1,2,6,7,18,1,N,2,6882
1,4,1,2,9,7,58,1,N,2,6943
2,6,2,2,0,2,43,1,N,2,13208
2,1,1,1,7,9,51,1,N,2,17118
1,6,1,1,0,8,0,1,N,2,1695
1,1,1,1,4,5,6,1,N,2,10677
1,1,1,1,7,7,29,1,N,2,8370
1,6,3,0,8,6,26,1,N,2,11095
1,1,1,1,6,7,8,1,N,2,25542
1,3,1,2,7,7,6,1,N,2,16776
2,1,1,1,N,7,64,1,N,2,18526
2,4,1,1,N,7,86,1,N,2,10538
2,1,6,2,0,7,73,1,N,2,11792
2,1,1,2,8,7,53,1,N,2,15459
1,1,1,1,N,2,47,1,N,2,14397
2,6,1,1,5,6,16,1,N,2,6745
1,1,1,2,0,7,62,1,N,2,20244
1,6,1,1,9,7,26,1,N,2,17641
2,1,2,1,5,9,70,1,1,2,6290
1,6,2,2,2,N,53,1,N,2,8170
1,1,1,1,7,2,51,1,N,2,27252
1,6,1,1,8,7,52,1,N,2,12822
1,6,1,2,3,6,82,1,N,2,8265
2,1,1,1,2,9,63,1,N,2,13751
2,1,2,1,0,4,58,1,N,2,7923
1,6,1,2,2,6,15,1,N,2,13143
2,1,1,1,6,3,66,1,N,2,15251
2,1,1,1,9,N,59,1,N,2,17903
1,6,4,1,6,N,64,1,4,2,23571
1,6,1,2,9,11,58,1,N,2,0
1,1,1,2,8,7,10,1,N,2,20140
2,6,1,2,7,7,0,1,N,2,27105
1,1,1,1,5,7,40,1,N,2,19412
2,1,1,1,8,6,71,1,N,2,17556
2,1,2,1,3,12,62,1,N,2,15575
2,6,1,2,N,7,7,1,N,2,16441
2,1,1,1,2,6,31,1,N,2,10397
2,1,1,1,9,7,49,1,N,2,10722
1,1,1,1,4,7,23,1,N,2,24939
2,6,1,1,8,N,46,1,N,2,18488
2,1,6,2,5,7,0,1,N,2,17976
1,6,2,1,3,N,26,1,N,2,19902
1,1,1,1,6,3,43,1,4,2,16097
2,1,1,1,7,5,64,1,N,2,3444
1,1,1,0,7,9,36,1,N,2,11314
2,1,4,2,0,5,62,1,N,2,15103
2,6,1,1,4,7,35,1,N,2,12198
1,6,1,1,8,9,42,1,N,2,26819
1,1,1,1,3,7,45,1,N,2,6583
1,1,1,1,7,6,53,1,N,2,1311
2,6,1,1,1,5,0,1,N,2,8483
1,1,6,1,4,1,27,1,N,2,15277
2,1,1,1,3,9,52,1,N,2,20879
2,6,1,0,8,6,27,1,N,2,21346
1,6,1,2,5,5,43,2,N,2,12783
1,6,2,1,4,5,10,1,N,2,21087
2,6,1,2,6,7,46,1,N,2,27252
2,1,8,2,8,6,85,1,N,2,17181
1,1,4,1,4,6,61,1,N,2,13728
2,6,1,1,3,6,17,3,N,2,10211
2,1,1,1,9,7,54,1,N,2,16842
2,1,1,1,9,N,69,1,N,2,17433
1,1,1,1,5,7,16,1,N,2,17647
1,1,1,2,5,N,49,1,N,2,12144
1,3,1,1,7,6,57,1,N,2,22901
2,1,1,1,5,N,31,1,N,2,25673
2,6,1,2,3,10,58,1,N,2,18246
2,1,1,1,5,7,61,1,N,2,19575
2,4,1,2,5,7,34,1,N,2,13806
2,3,1,2,6,7,24,1,N,2,11754
1,1,1,1,N,7,44,1,N,2,19279
2,1,1,1,2,10,45,1,N,2,18578
2,1,1,1,6,7,49,2,N,2,3321
2,1,1,1,9,N,31,1,N,2,20330
2,6,1,2,3,9,38,1,N,2,11471
1,1,6,1,5,12,5,1,N,2,14116
1,1,1,1,0,7,19,1,N,2,20277
1,6,1,2,0,6,7,1,N,2,13033
1,6,1,1,3,8,51,1,N,2,6472
2,1,1,1,9,7,73,1,N,2,4838
1,4,1,0,2,8,0,1,N,2,18583
1,1,1,1,5,4,65,1,N,2,15998
2,1,1,1,9,7,76,1,N,2,18539
1,1,1,1,6,3,44,1,N,2,13595
1,1,1,1,9,7,11,1,N,2,20102
1,1,1,1,N,6,64,1,N,2,12131
2,6,2,1,0,7,9,1,N,2,19311
2,6,1,1,8,7,0,1,N,2,21162
2,6,1,1,1,7,49,1,N,2,19352
2,3,1,1,7,7,73,1,N,2,11094
2,6,2,2,9,7,38,1,N,2,12194
1,1,1,0,3,2,0,1,N,2,17763
1,1,1,1,N,3,46,1,N,2,21886
2,3,1,2,N,N,51,1,N,2,22001
1,1,1,1,N,6,67,1,N,2,10982
2,1,1,2,9,7,49,1,N,2,12737
2,1,1,1,5,7,1,1,N,2,11136
2,1,1,2,2,7,56,1,N,2,14749
2,1,1,1,7,6,24,1,N,2,18616
1,1,2,1,7,7,47,1,N,2,15556
2,4,1,1,2,9,24,1,N,2,7795
2,6,1,1,6,11,35,1,N,2,22460
2,1,1,1,5,N,42,1,N,2,23951
2,6,4,2,6,7,38,1,N,2,9169
2,1,1,1,0,4,45,1,N,2,16881
2,2,1,1,5,9,55,1,N,2,16855
1,1,8,1,2,7,95,1,N,2,12459
2,1,1,1,4,12,16,1,1,2,27157
1,1,1,1,N,7,35,1,N,2,13845
1,1,1,1,N,7,59,1,N,2,10611
2,1,2,1,3,6,55,1,N,2,22588
2,6,6,1,0,7,33,1,N,2,5497
2,6,1,1,8,7,31,1,N,2,15903
2,6,1,2,8,7,20,1,N,2,19889
2,6,1,1,8,7,49,1,N,2,23291
2,6,2,1,7,12,72,1,N,2,23243
2,6,1,1,5,7,27,1,N,2,12826
2,1,1,1,6,5,79,1,N,2,16837
1,1,1,1,5,7,41,1,N,2,10112
2,2,2,2,0,4,25,1,N,2,642
2,2,1,2,4,7,61,1,N,2,1669
2,6,1,1,N,3,18,1,N,1,21228
2,1,1,1,1,N,55,1,N,2,20368
1,6,2,1,5,6,20,1,N,2,4990
1,1,1,1,9,7,47,1,N,2,18854
1,6,1,1,6,6,45,1,N,2,14788
2,1,7,1,9,5,71,1,N,2,10878
2,5,1,1,1,3,32,1,N,2,4358
2,6,1,0,6,5,30,1,N,2,11485
2,1,1,1,8,6,45,1,N,2,14546
2,1,1,1,5,7,45,1,N,2,18758
2,1,1,1,5,9,68,1,N,2,4917
2,6,1,1,3,N,38,1,N,2,27252
1,6,2,2,7,7,74,1,N,2,700
2,1,1,1,N,N,6,1,N,2,27252
2,4,1,2,2,7,93,1,1,1,7801
2,1,1,1,N,7,53,1,N,2,23755
2,1,1,2,8,6,81,1,N,2,12953
2,6,2,2,4,7,81,1,N,2,11827
1,6,1,2,9,6,67,1,N,2,5759
2,4,1,2,N,7,65,1,N,2,18860
2,6,1,2,6,7,19,1,N,2,16770
2,1,1,1,5,11,67,1,N,2,7413
1,2,8,2,2,7,6,1,N,2,15906
1,1,6,2,3,4,66,1,N,2,13488
1,6,5,2,3,6,56,1,N,2,19038
1,6,1,2,2,9,32,1,N,2,10180
2,1,1,1,7,2,53,1,N,2,3405
1,4,1,2,6,6,29,1,N,2,18941
1,6,1,1,8,7,48,1,N,2,13473
1,1,1,2,4,7,41,1,N,2,25840
2,1,1,1,7,5,47,1,N,2,22326
2,1,1,2,4,5,55,1,N,2,2081
2,1,1,2,6,5,10,1,N,2,21528
1,6,9,1,0,7,28,1,N,1,14304
1,1,1,1,N,7,52,1,N,2,24773
2,6,1,1,8,N,47,1,N,2,24364
1,1,1,1,9,N,61,1,N,2,8918
2,6,1,1,4,12,51,1,N,2,12049
2,1,8,1,4,7,80,1,N,2,12884
1,1,1,2,9,6,83,1,N,2,8005
1,6,1,1,5,9,52,1,N,2,10559
1,6,1,2,7,4,38,1,N,2,14261
2,1,2,1,1,4,35,1,N,2,18583
2,1,1,1,6,5,19,1,N,2,21511
1,1,1,1,2,N,9,1,N,2,18495
2,1,1,1,0,7,19,3,N,2,23337
1,6,9,2,0,7,8,1,N,2,16815
1,1,1,1,6,7,52,1,N,2,20526
2,1,1,2,N,3,53,1,N,2,14521
2,6,1,2,6,5,32,1,N,2,6242
2,1,1,1,N,3,36,1,N,2,24939
1,1,2,1,7,4,14,1,N,2,22126
2,6,1,2,6,N,52,1,N,2,19043
1,1,2,1,9,7,58,1,N,2,17048
1,1,1,1,N,3,58,1,N,2,14576
2,6,1,1,6,6,7,1,N,2,3098
1,3,1,1,5,7,55,1,N,2,14209
2,1,1,1,9,7,40,1,N,2,20947
2,6,1,0,1,5,29,1,N,2,17781
1,1,1,1,8,7,49,1,N,2,24939
2,1,1,2,3,8,25,1,N,2,14961
1,N,1,1,N,7,72,1,N,2,23830
2,1,1,1,N,7,35,1,N,2,18819
1,6,1,1,1,5,13,1,N,2,10877
2,3,2,2,5,9,71,1,N,2,17364
2,6,1,1,7,N,36,1,N,2,12924
2,3,1,2,3,6,14,1,N,2,24905
2,1,1,1,6,1,93,1,N,2,10984
1,6,1,2,0,7,45,1,N,2,23749
1,1,1,1,N,N,47,1,N,2,27252
1,6,1,2,5,5,74,1,N,2,22379
2,4,1,2,7,5,67,1,N,2,13918
1,6,2,1,1,6,21,1,N,2,10800
1,6,1,1,5,N,56,1,N,2,14601
2,1,1,1,2,N,76,1,N,2,3151
2,1,1,1,4,N,46,1,N,2,22533
1,1,1,1,8,11,33,1,N,2,19344
2,4,1,1,3,9,21,1,N,2,23032
1,6,1,1,8,5,3,1,N,2,3653
2,6,1,2,1,6,29,1,N,2,14279
2,6,1,1,7,10,72,1,N,2,18422
1,1,2,1,4,5,8,1,N,2,15001
2,1,6,1,0,7,51,1,N,2,19125
2,6,1,1,3,7,35,1,N,2,22185
1,6,1,1,7,6,38,1,N,2,5867
2,6,1,2,0,8,22,1,N,2,4228
1,6,1,1,6,N,60,1,N,2,9136
1,6,2,1,3,7,54,1,N,2,14677
2,6,1,1,0,N,48,1,N,2,22985
1,1,1,1,8,3,70,1,N,2,24779
2,1,1,2,1,10,36,1,N,2,14534
2,1,1,1,5,3,73,1,N,2,18733
2,1,1,2,3,7,59,1,N,2,22985
2,1,2,2,3,5,28,3,N,2,22841
1,4,1,2,9,7,26,1,N,2,18574
2,1,1,1,5,7,1,1,N,2,18591
1,1,1,1,N,7,63,1,N,2,20523
2,1,1,1,8,3,43,1,N,2,23313
1,6,1,1,0,3,63,1,N,2,22620
1,1,1,1,7,10,70,1,N,2,12613
2,1,6,1,3,N,65,1,N,2,13068
1,1,1,1,1,5,49,1,N,2,13237
2,1,1,1,3,10,52,1,N,2,14796
2,6,1,2,6,7,4,1,N,2,18217
2,6,1,1,N,7,81,1,N,2,27252
2,1,1,1,7,N,49,1,N,2,19571
2,1,1,1,6,4,61,1,N,2,15334
1,1,1,1,N,7,54,1,N,2,12651
1,1,1,1,5,N,30,1,N,2,22828
2,1,1,1,8,9,74,1,N,2,19026
2,1,2,2,2,7,69,1,N,2,23519
2,4,1,1,5,6,66,1,N,2,11540
1,1,1,1,7,6,48,1,N,2,25006
1,6,1,2,3,7,0,1,N,2,17853
1,3,1,1,3,7,56,1,N,2,13867
1,4,1,2,0,7,29,1,N,2,9514
1,6,1,1,5,6,10,3,N,2,23756
2,3,1,1,3,11,35,1,N,2,17710
1,1,1,1,9,N,51,1,N,2,17384
2,4,1,1,5,N,71,1,N,2,5916
1,6,1,0,9,5,62,1,N,2,13429
1,6,1,1,4,9,50,1,N,2,19979
1,1,1,1,9,7,77,1,N,2,15035
2,1,1,1,6,7,61,1,N,2,18408
2,1,5,2,N,N,58,1,N,2,22817
1,6,9,2,2,7,35,1,N,2,9427
2,1,2,1,1,7,11,1,N,2,15568
1,1,1,1,3,7,3,1,N,2,25824
2,1,1,1,7,N,55,1,N,2,18719
1,1,3,2,9,3,40,1,N,2,10468
2,1,1,1,3,3,24,1,N,2,7225
2,1,1,0,4,N,19,1,N,2,16342
2,1,1,1,9,7,24,1,N,2,23617
2,6,1,1,N,7,42,1,N,2,13952
1,4,1,1,N,N,68,1,N,2,22031
2,1,1,1,1,9,56,1,N,2,20863
2,6,8,1,1,7,10,1,N,2,24259
1,6,1,0,0,7,33,1,N,2,20974
2,6,1,2,2,4,0,1,N,2,9469
1,1,1,1,6,5,59,1,N,2,9319
1,6,2,2,4,7,41,1,N,2,14514
2,6,8,1,8,7,38,3,N,2,8341
2,3,1,1,5,N,46,1,N,2,17323
1,6,1,1,6,7,79,1,N,2,12403
2,6,2,2,5,6,42,1,N,2,2652
2,1,1,1,1,6,83,1,N,2,6126
2,1,2,2,6,5,0,1,N,2,22272
1,1,1,1,0,7,87,1,N,2,0
2,6,1,2,4,7,73,1,5,2,27252
1,6,2,1,1,5,14,1,N,2,14542
2,1,1,1,9,11,17,1,N,2,27252
1,1,1,1,8,N,39,1,N,2,24823
1,1,1,1,2,7,32,1,N,2,18436
2,1,1,1,3,10,50,1,N,2,27252
1,6,1,2,5,6,11,1,N,2,24714
1,1,1,2,0,12,69,1,N,2,14348
1,1,2,1,7,7,79,1,N,2,17452
2,6,1,1,6,N,51,1,N,2,6460
1,1,1,1,N,2,81,1,N,2,17216
2,1,1,1,3,7,75,1,N,2,20729
2,6,1,1,4,6,32,1,N,2,27252
2,6,9,1,9,7,9,1,4,2,27252
2,1,1,1,0,9,93,1,N,2,0
1,1,1,2,N,N,0,1,4,2,18909
1,1,1,2,6,8,29,1,N,2,14990
2,1,3,1,9,7,38,1,N,2,17680
1,1,9,1,8,N,35,1,N,2,26151
2,1,1,1,N,3,93,1,N,2,1862
2,6,1,2,2,11,62,1,N,2,18716
2,1,2,1,9,N,48,1,N,2,24733
1,6,1,2,2,5,0,1,N,2,12430
2,6,2,2,3,2,37,1,N,2,15964
2,6,1,1,N,N,10,1,N,2,15541
2,1,1,1,N,7,87,2,N,2,4746
2,6,1,2,9,6,74,1,N,2,17282
2,6,1,2,3,7,50,1,N,2,19386
1,1,1,1,4,7,59,1,N,2,16743
1,1,1,1,7,7,54,1,N,2,23256
1,4,1,1,N,7,77,1,N,2,15182
2,1,1,2,7,N,27,1,N,2,13649
1,6,6,0,N,2,15,1,N,2,12822
2,4,1,1,5,4,57,1,N,1,6572
2,1,1,2,7,7,39,1,N,2,15520
1,6,2,2,9,7,23,1,N,2,20718
2,1,1,2,4,12,57,1,N,2,1692
2,6,3,2,0,9,28,1,N,2,17287
2,1,1,2,9,7,13,1,N,2,12233
2,1,1,1,2,N,66,1,N,2,11966
2,6,1,2,9,7,39,1,N,2,7870
1,1,1,1,1,12,46,1,N,2,23434
2,1,1,1,8,11,32,1,N,2,26462
1,1,1,1,N,7,67,1,N,2,12866
2,4,6,1,1,7,50,1,N,2,2101
1,1,1,0,9,2,48,1,N,2,6637
2,6,1,1,4,5,16,1,N,2,12003
1,1,1,1,4,10,33,1,N,2,13530
2,6,2,2,9,7,93,1,N,2,5907
2,6,1,1,6,7,68,1,N,2,18645
1,6,1,2,1,9,1,1,N,2,25660
1,6,1,2,3,4,16,1,N,2,26259
1,1,1,1,7,9,79,1,N,2,0
2,1,2,1,8,N,55,2,N,2,18269
1,1,2,2,6,10,37,1,N,2,7499
1,6,2,2,3,4,25,1,N,2,10537
1,6,2,2,6,7,39,1,N,2,20777
2,2,1,1,4,11,55,1,N,2,22975
2,1,1,1,0,7,57,1,N,2,19377
2,6,1,2,1,4,0,1,N,2,22562
2,3,1,1,5,12,40,1,N,2,14347
1,6,1,1,4,10,19,1,N,2,3635
1,1,6,1,8,5,61,1,N,2,13590
2,1,1,1,4,11,8,1,N,2,18897
1,6,1,1,5,7,32,1,N,2,14914
2,6,1,1,0,9,3,1,N,2,27252
2,1,2,1,7,N,77,1,N,2,14898
1,1,1,1,7,7,58,1,N,2,20107
1,6,2,2,7,4,3,1,N,2,19215
2,6,1,1,3,10,51,1,N,2,23650
2,1,1,1,7,N,39,1,N,2,22602
1,6,1,1,3,10,49,1,N,2,7721
1,3,2,2,1,10,75,1,N,2,25466
2,1,9,1,8,9,73,1,N,2,13951
2,6,1,1,9,N,7,1,N,2,15712
2,1,2,0,8,N,76,1,N,2,13438
1,6,1,2,3,N,71,1,N,2,19760
1,6,1,2,9,7,46,1,N,2,19789
2,1,1,1,4,7,77,1,N,2,6557
1,6,1,2,8,7,23,1,N,2,7546
1,4,1,1,1,7,62,1,N,2,18919
2,1,1,1,0,11,48,1,N,2,25012
1,6,1,1,4,5,7,1,N,2,8333
2,1,1,2,5,6,43,1,N,2,11739
2,6,1,1,7,7,49,1,N,2,23301
1,1,1,2,1,4,56,1,N,2,23924
2,5,1,1,3,4,53,1,3,2,8657
2,1,1,2,5,N,29,1,N,2,24974
2,6,1,1,4,8,63,1,N,2,3735
1,1,1,1,3,7,63,1,N,2,12108
1,1,2,1,5,9,43,1,N,2,24051
2,6,1,1,9,7,41,1,N,2,9549
1,1,1,2,4,5,42,1,N,2,17218
1,1,1,1,5,N,34,1,N,2,14354
2,6,1,1,N,7,21,1,N,2,23465
1,6,2,1,8,7,17,1,N,2,15338
2,1,1,1,N,7,77,1,N,2,21010
2,1,1,1,9,3,54,1,N,2,12827
2,1,1,1,N,7,13,1,N,2,23053
2,6,1,2,6,N,0,1,N,2,24257
1,1,1,1,7,7,49,1,N,2,14779
2,6,1,1,4,2,39,1,N,2,10537
1,6,1,2,5,7,87,1,N,2,20873
2,6,2,1,4,8,36,1,N,2,12142
2,1,1,2,0,7,47,1,N,2,5902
1,6,1,1,9,N,62,1,N,2,14156
1,6,2,0,0,6,95,1,N,2,9009
1,4,5,2,2,7,67,1,N,2,14325
2,4,1,1,6,5,66,1,N,2,10831
1,2,2,1,0,5,39,1,N,2,8151
2,1,1,2,9,12,66,1,N,2,5158
2,1,1,1,N,2,95,1,N,2,0
2,6,1,1,4,7,39,1,N,2,14635
2,1,9,1,9,7,78,1,N,2,27252
1,6,1,2,2,6,63,1,N,2,0
2,3,1,1,0,4,32,1,N,2,12322
2,1,1,1,9,6,51,1,N,2,16740
2,1,1,1,4,5,78,1,N,2,13470
1,3,1,1,8,3,73,1,N,2,14198
2,5,1,1,N,7,17,1,N,2,27252
2,1,1,1,6,3,38,1,N,2,26343
2,1,1,2,4,7,34,1,N,2,22039
1,1,1,1,N,7,12,1,N,2,21647
1,6,2,2,0,7,32,1,N,2,12107
2,6,1,1,7,7,7,1,N,2,20358
1,6,2,2,9,6,9,1,N,2,6396
2,N,1,2,2,3,4,1,N,2,16575
2,1,2,1,6,6,49,1,N,2,14622
1,1,2,2,9,N,0,1,N,2,9753
2,6,1,2,0,9,34,1,N,2,20797
2,1,1,2,2,12,24,1,N,2,7718
2,6,1,1,6,6,27,1,N,2,16696
1,1,1,2,3,5,64,1,N,2,4805
1,1,1,1,2,N,22,1,N,2,24939
2,6,1,2,1,N,63,1,N,2,22157
1,6,2,1,8,7,38,1,N,2,16812
1,6,1,1,4,7,11,1,N,2,24502
2,4,7,1,1,8,72,1,N,2,20370
2,6,1,1,3,5,44,1,N,2,21500
1,1,1,1,N,N,79,1,N,2,15463
1,4,2,2,0,3,46,1,6,2,1998
2,6,1,0,7,9,51,1,N,2,25312
1,6,2,2,8,7,46,1,N,2,18327
2,1,1,1,5,9,41,1,N,2,22504
1,4,2,2,1,6,17,2,5,2,14919
1,1,2,1,0,N,86,1,N,2,16703
2,6,1,1,8,7,52,1,N,2,1911
1,1,1,1,9,N,62,1,N,2,16443
2,1,1,1,8,7,33,1,N,2,21457
2,1,1,1,N,7,26,1,N,2,27005
2,1,1,1,2,6,66,1,N,2,24992
2,1,1,1,4,7,57,1,1,2,3463
1,1,1,1,8,12,56,1,N,2,23198
2,6,2,2,2,5,3,1,N,2,19971
1,N,1,1,9,N,15,1,N,2,25356
2,6,1,2,6,11,27,1,N,2,19626
2,1,2,1,9,7,36,1,N,2,17687
1,1,1,1,6,3,58,1,N,2,13380
2,1,6,1,5,7,29,1,N,2,12132
1,3,1,1,3,7,3,1,N,2,24939
2,1,1,1,9,7,67,1,N,2,22114
2,6,2,2,8,7,33,1,N,2,14723
1,1,1,1,7,6,14,1,N,2,12152
1,1,1,1,9,7,69,1,5,2,18186
2,3,1,1,2,8,61,1,N,2,18358
1,2,1,1,7,6,61,1,N,2,6481
1,1,1,1,6,11,69,1,N,2,19354
1,1,1,2,7,7,38,1,N,2,18883
2,6,1,2,N,7,1,1,N,2,19392
2,1,1,1,1,6,4,1,N,2,23004
2,6,3,2,N,7,20,1,N,2,10858
2,3,1,2,2,9,37,1,N,2,14323
1,1,1,1,0,2,75,1,N,2,7702
2,1,1,1,6,7,61,1,N,2,15772
2,1,1,1,8,7,53,1,N,2,27252
2,6,1,1,9,5,32,1,N,2,27252
2,1,2,1,3,N,18,1,N,2,17115
2,5,1,2,3,6,8,1,N,2,20751
2,6,2,1,0,7,71,1,N,2,13536
1,6,2,2,7,4,48,1,N,2,19326
2,1,1,1,8,7,60,1,N,2,22986
1,1,1,1,N,3,72,1,N,2,15264
1,1,1,1,9,7,28,1,N,1,14566
2,1,1,1,9,12,82,1,N,2,16167
1,1,9,1,2,2,75,1,N,2,5876
1,6,1,2,7,7,57,1,N,2,15094
2,1,1,1,2,6,11,1,N,2,20946
2,2,1,2,0,5,8,1,N,2,10085
1,6,1,1,2,12,17,1,N,2,14413
2,1,1,1,N,N,64,1,N,2,21581
2,1,1,1,7,11,32,1,N,2,12018
2,1,1,2,0,9,40,1,N,2,17301
2,6,2,1,5,6,49,1,N,2,12037
2,1,1,1,6,3,11,1,N,2,27252
2,6,1,2,0,5,6,2,N,2,26246
2,6,1,1,0,5,29,1,N,2,20982
2,6,2,0,2,N,48,1,N,2,22193
1,6,1,1,8,N,0,1,N,2,21163
2,1,2,1,3,4,52,1,N,2,13662
2,1,1,2,6,10,36,1,N,2,16103
1,6,2,2,3,7,5,1,N,2,23189
2,1,1,2,8,7,40,1,N,2,11287
2,1,2,1,7,11,18,1,N,2,0
2,1,1,1,7,3,70,1,N,2,5698
2,1,1,1,4,N,69,1,N,2,4085
1,6,1,1,7,N,29,1,N,2,25255
2,1,1,1,N,7,46,1,N,2,17602
1,1,1,1,8,7,37,1,N,2,24191
1,6,2,1,0,7,87,1,N,2,9887
2,1,1,1,4,7,44,1,N,2,22669
2,6,2,2,2,7,13,1,N,2,8548
2,6,7,2,9,5,37,2,N,2,5704
2,1,1,1,N,N,68,1,N,2,22117
2,6,1,1,2,3,18,1,N,2,14373
1,1,1,1,1,9,55,1,N,2,19366
1,6,2,1,6,5,77,1,N,2,9970
2,1,1,1,7,3,84,2,N,2,17334
2,1,1,1,7,6,25,1,N,2,5165
1,1,2,1,9,11,81,1,N,2,12559
1,3,1,2,0,7,24,1,N,2,9852
2,1,1,1,6,N,71,1,N,2,7050
2,1,1,1,0,7,39,1,N,2,24939
2,1,1,1,7,N,10,1,N,2,7364
2,6,2,2,2,5,54,1,N,2,14901
2,1,1,2,7,9,25,1,N,2,14084
1,6,1,2,0,N,90,1,N,2,5859
1,1,1,1,9,N,70,1,N,2,10826
2,6,2,1,9,7,52,1,N,2,25028
2,1,1,1,N,N,43,1,N,2,12076
1,6,1,1,7,3,24,1,N,2,13534
2,6,1,1,0,7,36,1,N,2,14689
2,1,1,1,7,4,50,1,N,2,26920
2,6,1,1,0,9,48,1,N,2,16172
2,1,3,1,9,4,17,1,4,2,9958
1,4,2,1,3,6,46,1,N,2,10263
1,1,1,1,0,5,13,1,N,2,16340
1,6,2,2,7,6,0,1,N,2,19638
1,3,2,2,4,9,58,1,N,2,7240
2,1,1,1,5,7,14,1,N,2,16635
2,N,1,1,1,8,58,1,N,2,12800
2,6,1,0,3,4,53,1,N,2,18471
1,1,1,1,N,3,52,1,N,2,12303
2,1,1,1,4,N,62,1,N,2,16019
1,1,1,1,0,4,6,1,N,2,7077
1,1,1,1,3,6,34,1,N,2,11595
1,1,1,1,0,N,46,1,N,2,13824
1,1,1,2,7,N,7,1,N,2,12393
2,4,9,0,0,4,41,1,N,2,14826
2,1,1,1,9,7,29,1,N,2,25802
1,1,1,1,7,6,55,1,N,2,23634
1,N,1,1,0,7,49,1,N,2,4978
1,N,1,1,9,7,60,1,N,2,12658
2,6,1,1,0,2,31,1,6,2,16255
1,6,1,1,9,7,46,1,N,2,22650
2,4,1,1,9,N,35,1,N,2,12686
2,6,1,1,0,6,18,1,N,2,14206
2,1,1,1,4,3,84,1,N,2,14503
2,6,9,1,2,5,42,1,N,2,7435
2,1,2,1,5,3,68,1,N,2,12340
2,1,2,1,0,9,69,1,N,2,5875
2,6,2,2,2,4,34,1,N,2,16637
2,6,3,1,6,6,38,1,N,2,17407
1,6,2,2,3,7,40,1,N,2,8817
2,6,1,2,0,7,13,1,N,2,23681
2,1,1,1,2,6,0,1,N,2,10086
2,1,1,2,7,4,70,1,N,2,10965
1,6,2,1,1,5,5,1,6,2,25216
2,6,1,1,5,6,79,1,N,2,15872
1,6,9,2,0,5,12,1,N,2,12164
1,6,1,1,3,6,17,1,N,2,17932
2,1,1,1,9,9,46,1,N,2,2078
1,1,1,1,3,9,51,1,N,2,9587
2,1,3,1,6,7,1,1,N,2,18049
1,1,1,1,9,2,28,1,N,2,27252
1,1,1,2,N,3,68,1,N,2,17687
2,1,1,1,N,N,66,1,N,2,8570
1,6,1,1,8,12,95,1,N,2,6867
2,1,1,1,N,7,49,1,N,2,21452
2,6,1,2,N,N,73,1,N,2,18356
2,1,1,1,N,7,29,1,N,2,14057
2,1,1,1,8,7,33,1,N,2,10921
2,6,1,2,N,12,72,1,N,2,26690
2,1,1,1,N,7,57,1,N,2,9937
1,1,1,2,3,7,50,1,N,2,21263
2,1,1,2,9,7,22,1,N,2,23437
2,6,1,2,3,7,64,1,N,2,4602
1,6,1,2,3,7,16,1,N,2,21030
2,1,1,1,5,N,36,1,N,2,24939
1,5,1,2,2,7,0,1,N,2,25080
2,1,1,1,4,7,50,1,N,2,26947
2,6,2,2,7,10,81,1,N,2,9405
2,1,1,1,2,7,2,1,4,2,18692
2,1,1,1,N,N,66,1,N,2,24939
1,6,1,2,6,4,41,1,N,2,6280
1,1,3,1,8,7,41,1,N,1,15303
1,6,2,2,0,6,9,1,N,2,1784
1,6,1,1,7,7,49,1,N,2,0
2,1,1,1,5,7,37,1,N,2,26957
2,1,3,1,9,11,42,1,N,2,9097
1,4,2,1,7,7,29,1,N,2,22894
2,1,1,1,7,7,68,1,N,2,12792
1,1,9,1,5,7,44,1,N,2,19999
2,1,6,1,0,1,35,1,N,2,9700
2,6,1,2,3,7,14,1,N,2,15225
1,4,1,2,0,9,8,1,N,2,21822
1,1,1,1,N,3,37,1,N,2,27052
1,6,1,1,4,9,16,1,N,2,25605
1,1,9,0,9,5,18,1,N,2,21722
1,1,1,1,8,6,62,1,N,2,16529
2,1,1,2,5,4,11,1,N,2,15179
2,1,1,1,3,5,49,1,N,2,17034
2,1,1,1,6,9,43,1,N,2,21726
1,6,1,2,9,N,88,1,N,2,20339
1,4,1,1,N,7,37,1,N,2,24544
2,1,1,1,8,N,67,1,N,2,13531
1,1,1,1,0,7,28,1,N,2,15632
2,6,2,1,5,6,41,1,N,2,17378
1,1,2,2,2,5,76,1,N,2,7366
1,1,1,1,N,7,57,1,N,2,14060
1,6,3,2,6,5,33,1,N,2,20249
2,1,4,1,0,9,41,1,3,2,0
2,1,8,1,8,6,18,1,6,2,8556
2,1,1,2,9,9,32,1,N,2,15780
1,1,1,1,8,11,27,1,N,2,14642
2,1,1,1,N,7,69,1,N,2,16029
1,1,2,2,8,7,45,1,N,2,15893
2,1,2,1,9,2,66,1,N,2,10873
2,6,1,2,2,5,21,1,N,2,16279
2,6,1,2,0,7,35,1,N,2,20084
1,6,1,2,6,8,31,1,N,2,7735
2,1,1,1,7,12,61,1,N,2,5729
1,1,1,1,1,9,64,1,N,2,5324
2,1,1,1,0,2,22,1,N,2,12051
1,6,1,2,2,6,31,1,N,2,13112
2,1,1,1,8,N,47,1,N,2,10798
2,1,2,2,N,7,54,1,N,2,10877
2,1,1,1,5,6,43,1,N,2,3805
2,4,1,1,7,7,24,1,N,2,23524
2,6,2,1,7,7,17,1,N,2,17392
1,N,9,2,3,7,0,1,N,2,24939
1,1,1,0,0,7,8,1,N,2,22892
1,1,1,1,5,7,69,1,N,2,10171
2,1,1,1,6,7,29,1,N,2,2499
1,1,2,0,0,5,0,1,N,2,16293
2,1,8,1,9,7,40,1,N,2,25827
2,1,1,1,0,7,54,1,N,2,2694
1,6,1,1,3,6,42,1,N,2,15929
2,6,1,1,3,N,11,1,N,2,17353
2,6,1,1,9,7,66,1,N,2,15019
1,6,1,2,6,2,46,1,N,2,23714
2,1,1,1,0,6,95,1,N,2,15490
1,6,1,1,9,7,25,1,N,2,10627
2,6,1,2,7,7,66,1,N,2,19186
1,6,1,1,N,2,36,1,N,2,10919
2,1,1,1,2,7,51,1,N,2,21674
1,1,1,1,4,N,70,1,N,2,14397
2,6,2,2,0,9,30,1,N,2,15549
1,1,1,1,6,7,79,1,N,2,11320
1,6,4,1,2,6,46,1,N,2,17821
2,6,1,2,3,5,18,1,N,2,18767
2,1,1,1,N,7,61,1,N,2,13590
2,6,1,1,N,7,64,1,N,2,14447
2,1,2,2,8,2,37,1,N,2,12318
2,1,2,2,0,6,38,1,N,2,21692
1,1,1,1,3,7,65,1,N,2,11183
2,1,1,1,2,N,65,1,N,2,4073
2,1,1,1,4,11,15,1,N,2,21634
2,1,1,2,3,N,78,1,N,2,14129
1,6,1,1,7,7,14,1,N,2,26440
1,6,1,2,3,6,0,1,N,2,15841
2,6,1,2,6,1,43,1,N,2,19142
1,6,1,2,6,2,28,1,N,2,14507
2,1,1,1,9,N,29,1,N,2,17953
2,1,1,1,N,7,57,1,N,2,18312
1,1,1,2,6,6,20,1,N,2,17093
2,6,1,1,0,7,27,1,N,2,24199
1,6,1,1,3,N,29,1,N,2,15442
2,6,1,2,9,9,83,1,N,2,5464
2,2,9,1,0,2,25,1,N,2,800
2,6,3,2,5,7,59,1,N,2,27252
1,1,1,2,9,N,39,1,N,2,11208
2,6,1,1,0,N,27,1,N,2,20798
2,1,1,1,7,7,37,1,N,2,26029
2,6,1,2,9,7,34,1,N,2,24939
2,6,2,2,2,5,23,1,N,2,2208
1,6,1,1,4,N,16,1,N,2,17589
2,1,1,2,2,7,46,1,N,2,20323
2,1,1,2,0,4,49,1,N,2,4171
1,6,7,1,6,7,31,1,N,2,21880
1,1,1,1,3,7,16,1,N,2,12804
2,1,1,1,N,N,72,1,N,2,12261
1,1,1,2,9,7,60,1,N,2,7648
2,1,1,2,7,3,55,1,N,2,14165
1,1,1,1,5,6,24,1,N,2,9830
2,1,2,2,0,7,23,1,N,2,12384
2,6,1,1,N,7,7,1,N,2,21600
2,6,1,1,0,7,56,1,N,2,27252
1,1,2,1,8,7,60,1,N,2,12710
2,6,1,2,9,N,37,2,N,2,12382
1,1,1,1,N,7,95,1,N,2,6923
2,4,1,1,9,6,41,1,N,2,5685
1,1,1,2,3,7,33,1,N,2,21557
2,6,2,2,N,7,64,1,N,2,23113
1,1,1,1,N,N,30,1,N,2,27252
2,6,2,2,8,7,53,1,N,2,8405
2,6,1,1,8,6,52,1,N,2,21497
2,N,3,1,6,7,85,1,N,2,9427
2,6,1,1,7,3,64,1,N,2,12094
1,1,4,1,3,4,53,2,N,2,18259
2,1,1,1,7,7,67,1,N,2,21532
1,6,1,2,1,6,13,1,N,2,13127
2,1,1,1,2,N,37,1,N,2,18581
1,1,1,1,1,4,19,1,N,2,14480
1,6,1,1,5,N,41,1,N,2,13844
2,1,1,2,8,5,23,1,N,2,25965
2,1,1,2,4,9,37,1,N,2,12684
2,6,1,1,6,7,41,1,N,2,16975
1,1,1,2,8,8,48,1,N,2,18208
2,1,2,1,1,6,49,1,2,2,14546
1,1,1,1,8,N,64,1,N,2,18250
2,6,2,1,4,7,24,1,N,2,21307
2,1,1,1,7,11,29,1,N,2,21363
1,1,1,0,2,9,40,1,N,2,3296
1,4,2,1,6,N,84,1,N,2,7274
2,6,1,1,6,2,89,1,N,2,13792
2,6,1,2,1,1,51,1,N,2,22321
2,1,1,1,N,7,53,1,N,2,27252
1,1,1,2,9,7,12,1,N,2,4834
1,6,2,2,N,7,15,1,N,2,19914
2,1,1,1,3,9,64,1,N,2,19588
2,6,1,0,2,6,86,1,N,2,20029
2,1,1,2,0,5,56,1,N,2,26529
2,6,1,2,8,10,60,1,N,2,8064
1,3,1,1,0,7,53,1,N,2,18082
2,6,1,1,7,7,28,1,N,2,17787
1,1,2,1,9,7,41,3,N,2,6472
1,1,1,1,6,N,49,1,N,2,16233
2,1,1,1,5,1,24,1,N,2,12482
1,1,1,2,9,5,41,1,N,2,21308
2,6,1,2,5,6,57,1,N,2,14630
2,1,2,1,N,7,59,1,N,2,17694
1,1,1,0,0,7,0,1,N,2,21043
1,1,8,1,6,7,0,1,N,2,11831
2,6,1,1,4,5,83,1,N,2,5658
2,4,1,1,9,6,74,1,4,2,22998
1,1,1,2,N,7,55,1,N,2,25208
2,1,7,2,8,6,64,1,N,2,11567
1,4,1,2,N,7,6,1,N,2,18995
2,1,1,1,8,7,55,1,N,2,15066
1,6,6,1,N,N,73,1,N,2,7360
1,6,3,1,9,9,72,1,N,2,22172
1,1,1,1,1,10,78,1,N,2,18913
2,6,1,1,0,12,16,1,N,2,2641
2,1,1,1,7,12,49,1,N,2,16119
1,6,1,2,5,3,1,1,N,2,16446
2,1,5,1,3,5,64,1,N,1,7916
2,1,1,1,5,7,53,1,N,2,2420
1,1,1,1,9,N,39,1,N,2,14205
2,4,1,2,2,6,31,1,N,2,9670
2,6,1,2,0,N,41,1,N,2,11371
2,1,1,1,N,6,37,1,N,2,27252
2,1,1,1,5,4,14,1,N,2,6008
1,1,2,1,6,7,59,1,N,2,10509
2,6,3,2,0,7,60,1,N,2,18941
1,1,1,1,N,N,54,1,N,2,16502
1,2,1,1,0,3,53,1,N,2,24363
1,1,1,2,6,2,22,1,N,2,21530
2,4,7,1,9,5,56,1,N,2,17063
1,6,4,1,8,3,72,2,N,2,14883
1,1,1,1,7,9,53,1,N,2,15688
2,4,1,1,9,7,28,1,N,2,9391
1,3,1,1,3,9,39,1,N,2,16580
2,1,1,1,1,3,48,1,N,2,7709
1,1,1,0,4,5,23,1,N,2,21744
1,6,2,2,8,3,67,1,N,2,9279
2,1,2,1,4,5,87,1,N,2,21681
2,6,1,1,9,7,43,1,N,2,10957
2,2,2,2,2,11,36,1,N,2,12250
2,1,1,1,5,4,66,1,N,2,8649
1,4,7,1,0,5,11,1,N,2,16765
1,1,1,1,8,N,69,1,N,2,18619
1,1,1,1,7,9,76,1,N,2,22753
1,6,1,1,3,4,21,1,N,2,7698
2,1,2,1,2,7,65,1,N,2,13859
2,1,1,1,9,7,80,1,N,2,8465
1,1,1,1,1,4,62,1,N,2,16353
1,6,1,1,8,6,83,1,N,2,17559
1,6,2,2,6,N,6,1,N,2,12889
1,6,2,2,4,7,7,1,N,2,19977
1,1,9,1,9,7,94,1,N,2,17198
2,1,2,1,3,8,25,1,N,2,8722
2,6,1,2,0,3,46,1,N,2,24939
2,1,1,1,5,5,63,1,N,2,23996
1,6,1,1,8,7,15,1,N,2,22297
1,1,1,1,9,5,60,1,N,2,12770
1,6,2,1,5,4,64,1,N,2,11101
2,6,1,1,0,7,0,1,N,2,15608
2,1,1,1,1,6,9,1,N,2,15033
2,1,1,1,7,7,0,1,N,2,23877
2,6,1,2,9,7,52,1,N,2,20924
2,4,2,1,4,11,7,1,N,2,13718
2,1,1,1,9,3,63,1,N,2,22043
1,3,1,1,7,9,59,1,N,2,1116
2,6,1,2,6,12,29,1,N,2,18456
2,6,1,2,8,6,5,1,N,2,25967
1,3,1,1,3,10,56,1,N,2,1861
1,1,1,1,N,6,70,1,N,2,10822
2,6,1,1,4,11,23,1,N,2,21421
1,1,1,1,0,7,69,1,N,2,18321
1,6,2,2,0,4,37,3,N,2,11689
1,1,1,1,9,9,49,1,N,2,11696
1,5,9,1,5,10,79,2,N,2,13228
2,1,1,1,8,7,62,1,N,2,14528
2,6,1,2,4,5,33,2,N,2,17654
1,1,2,1,9,9,13,1,N,2,9344
1,6,1,2,5,7,25,1,N,2,11574
1,4,1,1,8,6,40,2,N,2,15143
1,6,1,2,8,6,68,1,N,2,20974
1,6,2,1,7,7,0,1,N,2,15135
1,6,1,1,4,6,0,1,N,2,23327
1,6,1,1,7,6,20,1,N,2,23036
1,6,1,2,8,N,81,1,N,2,15243
2,6,1,0,9,N,19,1,N,2,16704
1,6,2,2,1,4,0,1,N,2,10753
1,4,2,2,4,5,33,1,N,2,8549
2,1,1,1,N,N,8,1,N,2,22464
1,4,1,1,8,7,52,1,N,2,14403
1,1,1,1,5,7,3,1,N,2,18478
2,6,1,2,0,11,1,1,N,2,16435
1,1,1,1,N,7,68,1,N,2,18780
1,6,1,1,N,N,60,1,N,2,17622
1,1,1,2,N,7,14,1,N,2,14172
2,1,1,1,N,N,33,1,N,2,21520
1,1,1,1,0,7,10,1,N,2,17789
2,6,2,1,3,10,26,1,N,2,16521
2,6,1,1,0,7,14,1,N,2,15395
2,1,1,2,0,N,44,1,N,2,3732
2,1,1,1,N,4,54,1,N,2,18076
1,1,2,1,6,7,63,1,N,1,13638
2,1,1,1,7,11,18,1,N,2,17371
2,6,6,1,7,7,33,1,N,2,25730
1,3,1,1,6,3,9,1,N,2,22277
2,6,1,1,N,3,63,1,N,2,24939
2,1,1,1,7,6,68,1,N,2,3508
1,5,1,1,4,9,75,1,N,2,11467
1,1,1,1,N,2,68,1,N,2,14211
2,1,1,1,8,4,61,1,N,2,19386
1,6,6,1,0,9,9,1,N,2,16743
2,1,1,1,6,2,44,1,N,2,20324
2,6,1,1,8,2,28,1,N,2,24878
2,4,2,2,4,5,0,1,N,2,27252
2,1,6,0,0,3,45,1,N,2,5913
1,3,1,2,8,7,34,1,N,2,25192
2,1,1,1,8,N,74,1,N,2,12010
2,1,1,2,8,7,17,1,N,2,20693
1,1,2,1,6,7,62,1,N,2,14585
2,6,9,1,0,1,35,1,N,2,11056
2,1,2,1,4,7,50,1,N,2,23528
2,1,1,1,2,9,71,1,N,2,12161
2,6,1,1,8,3,64,1,N,2,18216
2,4,1,1,7,6,32,1,N,2,4164
1,6,1,2,3,3,32,1,N,2,10182
1,6,1,2,4,5,14,1,N,2,20805
1,1,1,0,8,7,62,1,N,2,11862
1,6,2,1,0,4,1,1,N,2,16164
1,1,1,2,8,3,67,1,N,2,17442
1,1,1,1,0,5,23,1,N,2,16843
2,6,2,1,4,4,41,1,N,2,13839
1,1,1,1,3,3,38,1,N,2,15629
1,1,1,1,9,7,40,1,N,2,21507
2,1,1,1,N,N,24,1,N,2,27252
2,6,1,0,3,7,46,1,N,2,25106
2,6,1,2,0,7,46,1,N,2,22844
2,1,2,2,5,7,34,1,3,2,4237
2,1,1,1,9,7,32,1,N,2,18864
2,1,1,1,0,7,55,1,N,2,21880
2,1,1,2,2,7,0,1,N,2,13189
2,6,1,1,8,7,61,1,N,2,13053
1,1,1,1,8,8,67,1,N,2,8082
1,1,1,1,4,6,58,1,N,2,13436
2,1,2,0,3,7,47,1,N,2,21291
1,1,2,1,N,7,25,1,N,2,25640
1,6,1,0,0,5,65,1,2,2,16329
1,1,2,1,3,3,49,1,N,2,24939
1,3,2,1,5,7,42,1,N,2,14001
2,1,1,1,5,N,16,1,N,2,16902
1,5,9,1,9,6,70,1,N,2,15912
2,1,1,1,1,N,7,1,N,2,17385
1,1,2,2,2,5,58,3,N,2,16067
1,6,1,1,5,6,45,1,N,2,10021
2,4,1,1,4,N,35,1,N,2,27252
2,1,1,1,8,3,57,1,N,2,27252
2,6,2,2,0,4,42,1,N,2,3941
1,6,2,2,3,N,9,1,N,2,13753
2,1,1,1,6,7,24,1,N,2,13716
2,6,1,2,5,7,37,1,N,2,15889
1,6,2,1,1,8,27,1,N,2,11408
1,1,1,1,6,N,51,1,N,2,10987
2,6,1,2,9,N,9,1,N,2,24939
2,6,9,0,3,6,29,1,N,2,16354
1,6,1,2,2,5,56,1,N,2,8014
1,6,1,1,8,6,39,1,N,2,14583
2,6,1,2,8,7,10,1,N,2,18161
1,6,8,1,8,7,72,1,N,2,14391
1,6,1,2,0,7,16,1,N,2,10170
2,1,1,1,5,8,23,1,N,2,24569
1,1,2,1,0,9,47,1,N,2,5188
1,6,2,2,4,7,42,1,N,2,18715
2,6,2,2,5,5,29,1,N,2,6240
1,6,2,2,2,2,15,1,N,2,19617
2,4,2,1,7,7,56,1,N,2,1165
2,1,1,1,6,8,12,1,N,2,3022
1,6,1,1,0,N,32,1,N,2,8017
2,1,3,2,1,6,46,1,N,2,12633
2,1,2,1,6,5,15,1,N,2,7014
2,1,1,1,4,8,65,1,N,2,16130
2,1,1,0,8,7,42,1,N,2,13265
2,1,2,2,4,4,33,3,N,2,4342
2,1,1,1,7,7,55,1,N,2,13787
2,1,1,1,9,3,68,1,N,2,12660
2,1,1,1,N,7,27,1,N,2,24547
2,1,3,1,2,4,80,1,N,2,21063
1,6,1,1,N,N,56,1,N,2,18574
1,6,1,2,2,7,34,1,N,2,19326
2,6,1,2,7,7,53,1,N,2,7665
1,6,7,2,6,5,21,1,N,2,10883
2,1,1,1,6,N,51,1,N,2,24158
1,1,1,1,3,5,59,1,N,2,17701
1,6,1,2,2,6,42,1,N,2,19214
2,4,1,2,7,12,53,1,N,2,18134
1,6,1,1,7,6,7,1,N,2,22011
2,6,1,1,0,7,0,1,N,2,17147
1,6,1,1,9,7,48,1,N,2,20289
2,1,2,1,5,3,57,1,N,2,13282
2,1,1,2,9,N,72,1,N,2,15956
1,1,2,1,0,12,28,1,N,2,14497
2,6,2,1,9,5,26,1,N,2,20308
1,1,1,1,0,N,51,1,N,2,8246
2,1,1,1,0,9,76,1,N,2,14470
1,1,1,1,2,4,0,1,N,2,0
2,6,1,1,1,7,29,1,N,2,6736
2,1,1,0,6,7,54,1,N,2,19563
2,1,1,1,6,3,58,1,N,2,11144
2,6,1,2,4,5,27,1,N,2,5669
1,1,1,2,7,N,68,1,N,2,26211
1,6,1,1,2,7,35,1,N,2,20131
2,1,1,1,8,7,74,1,N,2,22187
2,1,9,1,9,7,33,1,N,2,23980
2,1,1,1,9,3,64,1,N,2,27252
2,6,2,1,6,5,78,1,1,2,3202
2,6,2,1,N,N,34,1,N,2,23574
2,1,1,1,7,7,73,1,N,2,18577
2,1,1,1,8,7,43,1,N,2,23618
1,6,1,1,5,N,35,1,N,2,12534
1,6,1,2,6,7,60,1,N,2,25944
2,2,1,1,9,7,44,1,N,2,24713
1,1,1,1,5,7,15,1,N,2,11214
1,6,1,2,3,4,17,1,N,2,13616
1,6,1,1,N,7,0,1,N,2,10463
2,6,1,0,2,7,68,1,N,2,17205
2,1,1,1,9,5,92,1,N,2,19379
1,6,1,1,0,1,64,1,N,2,17580
2,3,1,2,4,12,55,1,N,2,25105
2,3,1,1,9,3,29,1,N,2,20059
2,1,1,1,8,N,36,1,N,2,9238
1,3,2,1,2,9,59,1,N,2,10386
2,6,1,1,2,6,10,1,N,2,11884
2,1,1,1,5,7,61,1,N,2,24054
1,6,1,1,6,7,0,2,N,2,22202
2,1,1,1,6,N,19,1,N,2,11992
1,3,1,1,3,7,70,1,N,2,11493
2,6,1,1,4,4,76,1,N,2,9049
2,6,2,2,9,7,31,1,N,2,19707
2,1,1,1,3,3,44,1,6,2,18967
2,5,1,1,6,7,72,1,N,2,13268
2,1,1,1,7,2,29,1,N,2,20786
1,1,1,1,5,6,29,1,N,2,21238
2,1,1,2,2,N,59,1,N,2,24939
1,1,2,1,6,7,31,1,N,2,22113
2,3,1,1,3,3,75,1,N,2,20494
2,1,1,1,7,7,26,1,N,2,24179
2,6,2,1,4,12,33,1,N,2,6207
2,1,1,1,5,9,26,1,N,2,18506
2,6,2,2,2,4,11,1,N,2,9390
1,6,1,2,8,7,71,1,N,2,13025
2,1,1,1,N,7,44,1,N,2,24851
2,1,1,1,7,4,19,1,N,2,9298
2,6,1,2,8,4,81,1,N,2,7001
2,1,1,1,8,N,53,1,N,2,24975
1,6,2,2,0,2,0,1,N,2,320
1,4,1,2,8,7,10,1,N,2,18156
1,1,2,1,4,5,65,1,N,2,24347
1,6,1,2,9,5,33,3,N,2,16463
1,6,2,1,7,3,8,1,N,2,26488
1,1,1,1,6,N,55,1,N,2,8197
1,1,1,2,1,8,54,1,6,1,8049
1,6,2,2,1,5,9,1,N,2,16076
2,1,1,1,8,N,63,1,N,2,24939
2,1,1,2,9,5,39,1,N,2,16937
1,6,1,0,2,5,10,1,N,2,10501
1,4,1,1,N,7,11,1,N,2,25938
2,6,1,2,8,6,17,1,N,2,21702
1,6,1,1,8,12,34,1,N,2,8362
2,6,1,2,9,7,61,1,N,2,8360
1,6,1,1,8,N,27,1,N,2,19874
2,4,1,1,7,N,68,1,N,2,20514
1,1,6,1,9,9,58,1,N,2,18584
2,6,1,2,4,2,1,1,N,2,15738
1,1,1,1,4,9,88,1,N,2,11782
2,1,1,2,7,11,63,1,N,2,22037
1,1,2,1,2,5,32,1,N,2,6938
2,4,1,2,3,7,34,1,N,2,21368
2,6,1,1,4,6,13,1,N,2,20810
1,6,8,2,1,6,33,1,N,2,14321
2,1,1,1,7,9,33,1,N,2,22728
1,6,1,0,1,6,1,1,N,2,9795
1,6,1,1,2,3,67,1,N,2,7619
2,6,1,2,N,7,49,1,N,2,5407
2,2,1,1,1,N,3,1,N,1,23959
2,1,1,1,7,7,67,1,N,2,21538
1,3,3,2,2,7,17,1,N,2,15265
2,6,1,2,7,3,70,1,N,2,19166
1,1,1,1,2,N,24,1,N,2,16279
2,1,1,2,1,7,63,1,N,2,12901
1,3,1,1,2,5,31,1,N,2,9919
2,3,1,1,5,7,68,1,N,2,19667
2,4,1,1,4,N,56,1,N,2,22242
2,4,1,2,8,12,9,1,N,2,19862
2,1,1,1,N,7,70,1,N,2,23460
1,6,1,1,8,7,30,1,N,2,8547
2,6,1,1,4,7,56,1,N,2,22468
1,1,1,1,N,N,40,1,N,2,24939
2,4,1,1,8,N,74,1,N,2,14756
2,3,1,2,9,N,24,1,N,2,15020
2,6,2,1,0,6,6,1,N,2,25761
1,1,1,1,8,6,20,1,N,2,14191
2,6,1,1,1,8,59,1,N,2,6400
1,1,2,1,5,7,32,1,N,2,27252
2,1,1,1,8,12,80,1,N,2,19524
2,6,1,1,9,6,37,1,N,2,17407
2,1,1,1,7,6,50,1,N,2,13610
2,6,1,1,0,7,56,1,N,2,3533
1,4,2,1,3,5,73,1,N,2,18022
1,6,1,1,N,7,61,1,N,2,27252
2,1,9,2,1,5,44,1,N,2,9948
2,6,1,2,0,5,29,1,N,2,4593
2,1,1,2,9,7,56,1,N,2,10354
2,1,1,2,5,7,36,1,N,2,18216
1,1,1,1,9,7,33,1,N,2,24853
2,1,1,1,5,10,50,1,N,2,13811
2,1,1,1,5,7,16,1,N,2,27252
2,1,1,1,3,4,52,1,N,2,6440
1,1,1,1,9,6,52,1,N,2,4843
1,1,1,2,9,7,51,1,N,2,4316
1,1,1,1,5,N,68,1,N,2,17220
1,1,1,1,6,7,85,1,N,2,7417
2,6,9,2,2,7,89,1,N,2,10990
1,6,5,2,2,8,21,1,N,2,5908
2,1,1,1,7,N,73,1,N,2,19489
2,1,1,1,9,N,39,1,N,2,23951
1,1,1,1,6,N,65,1,N,2,5143
2,1,1,1,7,7,2,1,N,2,19639
2,3,9,2,2,4,34,1,N,2,0
2,6,1,1,7,N,10,1,N,1,24400
1,6,1,2,5,6,0,1,N,2,8374
1,6,1,1,8,3,23,1,N,2,23158
1,1,1,1,6,4,22,3,N,2,1195
2,1,1,1,N,7,0,1,N,2,18556
1,4,1,2,8,N,43,1,N,2,13140
1,1,1,1,6,9,60,1,N,2,17997
2,1,1,1,7,9,48,1,N,2,21400
2,1,1,1,6,N,80,1,N,2,15862
2,6,1,1,N,7,36,1,N,2,13779
2,6,8,2,9,N,73,1,N,2,15699
1,1,9,1,9,9,45,1,N,2,14322
2,1,1,2,N,7,76,1,N,2,27252
2,1,1,1,8,7,51,1,N,2,10283
2,1,1,1,N,N,51,1,N,2,25793
2,1,2,1,0,N,49,1,N,2,17265
2,1,1,1,6,10,67,1,N,2,9427
1,2,1,2,3,4,31,1,N,2,16961
2,1,1,1,0,5,0,1,N,2,26583
2,1,1,1,N,7,53,1,N,2,24868
1,1,2,1,9,9,63,1,N,2,20771
2,6,1,1,5,9,0,1,N,2,18573
2,1,1,2,1,7,61,1,N,2,13025
1,6,2,2,3,6,31,1,N,2,24939
2,6,2,2,6,5,32,2,N,2,21481
1,1,1,2,6,7,88,1,N,2,11890
2,1,1,1,5,2,78,1,N,2,18344
1,1,3,1,6,2,44,1,N,2,26600
1,1,1,1,6,3,49,1,N,2,11900
2,1,1,1,3,N,81,1,N,2,22566
2,1,1,1,N,N,56,1,N,2,16304
2,1,1,2,N,7,43,1,N,2,15430
2,1,1,1,8,N,38,1,N,2,27252
2,1,1,1,4,7,21,1,N,2,7250
1,6,1,1,4,2,34,1,N,2,17688
2,1,1,1,5,N,60,1,N,2,19526
1,1,1,1,6,N,11,1,N,2,19363
2,1,1,1,3,7,38,1,N,2,15342
2,2,9,2,2,5,70,1,N,2,17133
1,1,1,2,6,7,76,1,N,2,14056
1,1,1,2,1,5,14,1,N,2,8068
1,1,1,1,N,N,23,1,N,2,19975
2,6,1,1,N,N,18,1,N,2,17967
2,2,2,1,4,7,16,1,N,2,16731
2,6,1,2,4,4,12,1,N,2,25422
1,6,1,2,2,5,66,1,N,2,23659
1,1,1,1,1,11,66,1,N,2,6629
2,1,1,2,4,9,70,1,1,2,11092
2,3,1,2,8,7,10,1,4,2,8502
1,1,1,2,4,6,32,1,N,2,25957
1,1,1,1,4,7,79,1,6,2,7682
2,1,1,1,0,6,29,1,N,2,27252
2,1,1,1,3,N,4,1,N,2,19795
2,1,1,2,2,6,35,1,N,2,19290
1,1,2,1,0,5,95,1,N,2,9427
1,1,1,0,9,N,9,1,N,2,5594
2,6,9,1,7,N,79,1,N,2,20314
2,1,2,1,8,N,54,1,N,2,7550
2,1,1,1,6,N,31,1,N,2,25319
2,1,1,2,7,7,55,1,N,2,27252
1,1,1,1,8,7,39,1,N,2,27252
1,1,1,1,8,7,74,1,N,2,24939
2,1,1,1,N,7,35,1,N,2,15605
2,1,1,2,0,5,11,1,N,2,24880
1,6,1,1,1,11,40,1,N,2,5474
2,6,1,2,1,7,19,1,N,1,553
2,1,1,1,6,7,71,1,N,2,9856
2,1,1,2,N,7,14,1,N,2,24939
2,6,1,1,N,7,39,1,N,2,25628
1,6,1,1,6,7,57,1,N,2,7651
2,1,1,1,8,8,60,1,N,2,5084
1,1,1,1,4,7,37,1,N,2,10946
2,1,1,1,1,3,64,1,N,2,18906
1,1,2,1,3,6,22,1,N,2,8195
2,1,1,1,5,7,67,1,N,2,10962
2,1,1,1,4,5,0,1,N,2,27252
2,1,1,2,4,N,57,1,N,2,25343
1,3,2,1,6,5,29,1,N,2,22651
2,4,1,0,9,5,72,1,N,2,14925
2,6,2,2,7,9,82,1,N,2,15097
2,1,1,1,0,7,57,1,N,2,23721
1,1,1,1,N,7,80,1,N,2,21460
2,4,2,0,6,4,8,1,N,2,7156
1,1,1,1,2,8,78,1,N,2,24581
1,6,2,1,0,6,32,1,N,2,16269
1,1,1,2,6,6,30,1,N,2,27252
1,6,1,2,2,6,65,1,N,2,9045
1,6,1,1,N,N,70,1,N,2,18925
2,1,2,2,2,7,32,1,N,2,12420
2,1,1,1,9,3,70,1,N,2,27252
2,1,1,2,7,9,15,1,N,2,18504
2,6,1,2,7,7,38,1,N,2,22242
1,6,1,1,8,N,37,1,N,2,27047
2,5,2,1,N,3,1,1,N,2,20912
2,3,1,1,9,7,79,1,N,2,0
1,1,1,1,4,5,13,1,N,2,21598
1,6,1,2,0,7,22,1,N,2,9611
1,N,2,1,4,5,54,1,N,2,21891
1,6,1,1,N,7,63,1,N,2,18644
2,1,1,1,N,4,74,1,N,2,8707
2,6,2,1,6,4,56,1,N,2,20603
2,1,1,1,2,7,16,1,N,2,10151
2,1,1,1,3,6,40,1,N,2,27252
1,6,1,2,5,6,44,1,N,2,2782
2,1,1,1,7,2,49,1,N,2,27252
2,6,1,2,3,N,17,1,N,2,20054
1,1,1,1,N,3,54,1,N,2,23295
1,1,1,1,N,N,64,1,N,2,12922
1,1,1,1,7,6,52,1,N,2,24939
2,1,1,1,5,9,56,1,N,2,14681
2,1,1,1,9,7,59,1,N,2,14866
2,1,6,1,3,7,41,1,N,2,27252
1,1,1,1,7,7,58,1,N,2,11596
1,3,2,1,N,4,36,1,N,2,18202
2,1,2,1,6,5,55,2,N,2,4646
1,1,1,1,9,7,44,1,N,2,18607
2,6,1,2,8,4,37,1,N,2,17305
1,6,2,2,9,N,32,1,N,2,12852
1,1,1,0,0,6,43,2,N,2,4189
2,6,1,2,0,7,36,1,N,2,18413
2,1,1,1,2,N,73,1,N,2,11909
1,1,1,1,N,6,31,1,N,2,12764
2,1,5,1,0,6,41,1,N,2,9427
2,1,2,1,6,2,56,1,N,2,15109
1,3,1,1,5,N,60,1,N,2,22151
2,6,1,1,3,5,8,1,N,2,27252
1,1,1,2,0,11,21,1,N,2,6744
2,6,3,1,3,7,62,1,N,2,20531
2,6,1,2,6,7,36,1,N,2,1873
1,1,1,1,8,7,55,1,N,2,25400
1,1,1,1,4,1,59,1,N,2,24124
2,6,1,1,0,6,14,1,N,2,19925
2,1,3,2,N,7,93,1,N,2,17685
1,2,1,1,9,N,83,1,N,2,4910
2,1,1,1,9,7,65,1,N,2,23560
2,6,2,1,4,9,49,1,N,2,17629
1,6,1,2,0,7,35,1,N,2,20770
1,1,1,1,4,6,70,1,N,2,21951
2,6,3,1,8,N,66,1,N,2,13294
1,6,2,1,2,7,32,1,N,2,5825
1,1,1,1,N,6,71,1,N,2,19972
2,1,1,1,1,10,58,1,1,2,17408
1,6,1,2,3,7,7,1,N,2,15285
2,6,1,1,N,7,23,1,N,2,18769
1,1,1,2,3,N,57,1,N,2,22249
2,1,1,1,9,7,82,1,N,2,12888
2,4,1,1,8,3,83,1,N,2,26310
2,6,1,1,7,N,15,1,N,2,22239
2,1,1,1,7,5,42,1,N,2,18259
2,6,1,1,7,7,47,1,N,2,12571
2,1,1,1,7,7,50,1,N,2,11204
2,N,2,1,7,7,68,1,N,2,7022
1,1,2,1,6,7,39,1,N,2,11004
2,1,1,1,5,6,74,1,N,2,22630
2,1,1,1,2,7,18,1,N,2,20997
2,1,1,1,9,7,61,1,N,2,22138
1,6,1,2,1,5,74,1,N,2,18528
2,N,1,1,3,10,68,1,N,2,8381
1,6,1,2,2,7,15,1,N,2,18154
2,6,1,1,3,9,57,1,N,2,16556
2,1,1,1,3,7,20,1,N,2,11642
1,2,1,1,8,9,56,1,N,2,25275
2,6,4,2,2,5,43,1,N,2,15080
2,1,1,1,8,3,47,1,N,2,19704
2,6,1,2,4,7,5,1,2,2,17028
2,1,1,0,6,6,60,1,N,2,24145
2,6,2,1,2,8,23,1,N,2,9513
1,1,1,1,3,11,53,1,N,2,15687
2,1,1,2,4,N,66,1,N,2,11422
1,5,1,2,2,6,60,1,N,2,21522
2,6,1,1,3,4,75,1,N,2,15055
1,6,1,2,4,10,60,1,N,2,22239
1,4,1,1,6,9,50,1,N,2,24095
2,1,1,1,7,N,33,1,N,2,23762
2,1,1,1,6,9,49,1,N,2,17105
2,3,9,1,7,6,70,1,N,2,7737
1,6,2,2,7,7,44,1,N,2,18208
2,1,1,1,4,7,41,1,N,2,24749
1,1,1,2,7,8,6,1,N,2,26631
2,1,1,1,9,9,53,1,N,2,22597
1,1,1,2,6,1,45,1,N,2,27252
2,1,1,1,7,7,23,1,N,2,25144
1,6,1,0,0,3,16,1,N,2,289
2,6,1,1,9,7,9,1,N,2,24939
1,1,1,2,5,1,56,1,N,2,2088
2,1,6,1,2,7,72,1,N,2,21215
1,4,1,1,5,7,17,1,N,2,20786
2,5,1,2,N,N,95,1,N,2,16487
1,6,2,1,N,7,49,1,N,2,24690
2,1,1,2,4,N,19,1,N,2,25532
1,1,1,1,0,1,66,1,N,2,5772
2,4,1,1,9,7,78,1,N,2,27252
1,6,1,1,N,7,42,1,N,2,25202
2,6,2,2,5,9,39,1,N,2,2125
1,6,1,1,9,7,77,1,N,2,5609
2,1,1,1,6,2,43,1,N,2,8130
1,1,6,1,N,7,64,1,N,2,13200
1,1,1,1,N,7,46,1,N,2,18715
2,1,1,1,3,N,42,1,N,2,26012
2,6,1,2,N,6,91,1,N,2,23050
2,6,1,1,2,N,22,1,N,2,19012
2,1,1,1,7,N,41,1,N,2,21214
1,6,1,2,4,4,0,1,N,2,15431
2,1,1,1,6,7,60,1,N,2,16064
1,4,1,1,4,9,13,1,N,2,18976
2,1,1,1,N,2,50,1,N,2,4781
2,6,1,2,3,6,27,1,N,2,19257
1,1,1,1,2,6,76,1,N,2,4658
2,6,1,2,5,5,43,1,N,2,13730
1,1,5,1,8,6,53,1,N,2,17402
1,1,1,2,4,7,27,1,N,2,11271
2,1,6,1,9,7,78,1,N,2,6636
2,3,1,1,9,7,66,1,N,2,15165
1,1,1,0,8,3,53,1,N,2,27252
1,1,1,1,9,7,49,1,N,2,20152
1,1,1,1,6,N,42,1,N,2,18430
1,1,1,1,6,7,56,1,N,2,16805
1,1,1,1,5,7,43,1,N,2,23480
1,1,1,1,9,7,59,1,N,2,22279
2,2,1,1,2,N,46,1,N,2,23035
2,1,1,1,8,7,13,1,N,2,19024
2,6,1,2,4,N,47,1,N,2,10409
2,6,1,2,5,6,2,1,N,2,17113
2,1,1,1,1,6,67,1,N,2,21877
1,1,1,2,5,7,21,1,N,2,18897
1,6,2,2,3,7,30,1,N,2,17627
1,6,1,1,3,5,86,1,N,2,17309
1,1,1,1,3,9,26,1,N,2,15525
2,6,1,1,3,6,22,1,N,2,7676
1,6,1,2,5,5,0,1,N,2,6513
2,6,1,1,9,7,16,1,N,2,18275
2,6,1,1,N,7,15,1,N,2,27252
2,1,1,1,6,7,40,1,N,2,11198
1,1,2,1,7,5,53,1,N,2,27252
2,1,1,0,6,7,63,1,N,2,13065
1,1,1,1,9,3,67,1,N,2,3094
2,1,1,1,5,5,46,1,N,2,10010
2,6,1,1,9,N,12,1,N,2,12010
2,6,1,1,8,5,20,1,N,2,17342
2,1,2,1,N,N,60,1,N,2,23156
2,N,1,2,8,6,28,1,N,2,24082
2,1,8,1,3,7,53,1,N,2,23385
2,1,1,1,5,9,40,1,N,2,8910
2,1,3,2,0,7,12,1,N,2,16771
2,6,8,2,8,N,0,1,N,2,27252
2,3,1,1,7,9,59,1,N,2,12294
1,6,1,1,6,N,7,1,N,2,9843
1,1,1,1,N,3,67,1,N,2,17439
1,1,1,1,6,6,32,1,N,2,17832
1,6,2,1,9,7,10,1,N,2,24293
2,1,1,1,9,N,74,1,N,2,7158
2,1,1,1,3,N,74,1,N,2,9271
2,1,1,1,N,3,39,1,N,2,27252
1,3,5,1,8,6,72,1,N,2,8949
2,4,6,1,7,5,17,1,N,2,17527
2,6,2,2,6,7,8,1,N,2,15872
1,4,2,1,2,6,26,1,N,2,8000
2,1,1,1,9,3,14,1,N,2,16084
1,1,1,1,9,N,72,1,N,2,12249
1,6,1,1,2,6,36,1,N,2,9891
1,6,7,2,4,7,23,1,N,2,9652
1,6,1,1,7,5,41,1,6,2,14442
2,1,1,1,5,8,79,1,N,2,12784
1,1,1,1,1,4,36,1,N,2,17369
2,6,1,1,2,9,15,1,N,2,158
1,1,2,2,0,7,49,1,N,2,20271
2,1,1,1,5,9,61,1,N,2,11961
2,1,2,1,6,7,37,1,N,2,3073
1,1,2,1,9,N,49,1,N,2,21843
1,1,8,0,9,7,36,1,N,2,13474
1,6,6,2,8,6,33,1,N,2,24505
2,6,1,1,0,4,59,1,N,2,18303
1,3,9,0,5,3,50,1,N,2,18350
1,6,1,1,N,N,44,1,N,2,18155
1,6,1,1,2,9,12,1,N,2,20390
2,1,1,2,3,7,46,1,N,2,18496
2,6,2,2,2,6,19,1,N,2,9796
2,1,1,1,5,6,88,1,N,2,3955
2,1,1,1,1,4,51,1,N,2,5130
2,6,1,2,2,6,35,1,N,2,6523
2,6,1,1,8,12,50,1,N,2,5914
1,6,1,1,3,3,32,1,N,2,18837
2,1,1,2,3,4,57,1,N,2,19190
2,6,1,1,4,N,47,1,N,2,15617
2,6,2,1,8,6,41,1,N,2,11047
2,1,4,1,3,7,66,1,N,2,24939
1,1,1,2,9,5,19,1,N,2,11975
2,1,6,1,6,11,37,1,N,2,14336
2,6,1,2,0,7,12,1,N,2,6191
1,5,1,1,0,3,33,1,N,2,20589
2,6,8,2,2,6,2,1,N,2,15963
1,6,1,1,0,4,47,1,N,2,17258
1,1,8,1,8,7,62,1,N,2,16706
2,4,1,1,8,6,14,1,N,2,6541
2,4,1,1,6,N,45,1,N,2,12738
1,1,1,2,2,5,36,1,N,2,5538
1,3,1,1,2,5,50,1,N,2,18784
2,6,1,1,9,7,17,1,N,2,11223
1,1,1,2,9,N,52,1,N,2,18956
1,1,1,2,N,2,60,1,N,2,20750
2,N,9,2,1,4,35,1,N,2,12920
2,1,1,1,6,3,44,1,N,2,23514
1,3,1,2,8,6,58,1,N,2,14116
2,6,1,1,0,10,51,1,N,2,9629
2,6,1,1,7,2,62,1,N,2,8594
2,4,8,2,9,7,35,1,N,1,27252
1,1,1,2,3,7,79,1,N,2,19376
1,6,2,2,4,7,1,1,N,2,13056
1,1,1,1,3,3,71,1,N,2,12285
2,6,2,2,3,7,18,1,N,2,23607
1,1,2,2,2,7,10,3,N,2,22705
2,1,2,1,0,N,3,1,N,2,20184
1,4,1,1,8,12,74,1,N,2,16613
2,6,1,1,0,7,61,1,N,2,19771
2,1,1,1,3,2,40,1,N,2,10436
2,6,2,2,1,4,2,1,N,2,15851
1,1,1,1,0,3,44,1,N,2,27252
1,1,1,1,N,7,76,1,N,2,5472
2,6,1,1,3,7,59,1,N,2,5331
1,6,1,1,3,2,83,1,N,2,12697
2,6,1,2,7,7,30,1,N,2,21786
2,6,1,2,N,7,41,1,N,2,19331
1,6,1,1,8,6,59,1,N,2,10851
1,1,1,2,6,7,52,1,N,2,3473
1,6,1,1,9,7,20,3,N,2,21435
2,6,6,2,6,12,23,1,N,2,6362
2,4,1,1,9,7,53,1,N,2,13445
2,1,1,1,N,3,73,1,N,2,23400
2,1,1,1,3,7,0,1,N,2,27252
1,6,1,2,2,7,60,1,N,2,20409
2,6,1,1,2,7,5,1,N,2,11525
1,3,4,2,7,5,38,1,N,2,12257
1,6,1,1,0,6,27,1,N,2,20917
2,2,5,2,4,6,4,1,N,2,18238
1,4,5,2,4,7,71,2,N,2,17390
2,1,1,1,1,9,12,1,N,2,18753
2,6,1,0,0,7,27,1,N,2,27252
2,6,1,1,6,N,75,1,N,2,1019
2,6,9,1,4,7,78,1,N,2,11373
2,3,2,2,0,3,48,1,N,2,3541
2,1,1,1,N,7,70,1,N,2,25157
2,6,1,1,2,6,19,1,N,2,12041
1,1,1,1,4,7,32,1,N,2,22897
2,4,1,2,N,7,55,1,N,2,9575
2,6,2,2,1,4,67,1,N,2,19384
2,4,1,2,6,7,50,1,N,2,10743
2,1,1,1,7,3,30,1,N,2,24666
2,1,1,2,8,N,31,1,N,2,19800
2,1,6,1,9,7,52,1,N,2,9679
2,1,1,1,N,3,52,1,N,2,15842
1,1,1,1,8,7,64,1,N,2,12802
1,1,1,1,8,4,68,1,N,2,22249
1,6,1,1,6,4,26,1,N,2,25086
1,1,1,1,8,9,22,1,N,2,16740
2,4,1,2,3,5,34,1,N,2,12390
1,1,1,1,9,12,91,1,N,2,6781
1,1,1,1,N,3,49,1,N,2,13495
2,4,3,1,4,9,69,1,N,2,9569
2,1,3,1,0,6,4,1,N,2,20516
1,6,1,1,7,7,34,1,N,2,17158
1,1,7,1,3,6,23,1,N,2,13041
2,1,1,1,8,N,64,1,N,2,19424
1,6,1,1,7,7,29,1,N,2,20958
1,1,1,2,0,4,38,1,N,2,14998
2,6,2,2,5,3,45,1,N,2,18814
2,1,1,1,9,7,55,1,N,2,16365
2,1,1,1,N,7,58,1,N,2,20720
2,6,2,2,7,5,73,1,N,2,19900
2,6,2,1,0,7,57,1,N,2,27252
1,1,1,2,0,N,61,1,N,2,14500
2,6,1,1,1,9,60,1,N,2,18512
2,6,1,2,4,5,2,1,N,2,24801
1,3,5,1,9,7,68,1,N,2,12022
2,6,1,1,8,11,60,1,N,2,20601
2,1,1,1,2,5,41,1,N,2,19294
1,1,2,1,5,5,44,1,N,2,14755
1,1,1,1,4,3,35,1,N,2,19875
1,6,1,2,8,6,20,3,3,1,18676
2,4,1,2,N,7,37,1,N,2,3032
2,1,1,1,6,6,31,1,N,2,6863
2,1,7,1,8,9,41,1,N,2,22449
2,1,1,2,N,7,19,1,N,2,23872
1,1,1,1,6,7,34,1,N,2,7185
2,6,6,1,2,7,67,1,N,2,10042
2,1,1,1,8,4,81,2,N,2,20911
1,1,1,1,5,6,30,1,N,2,23727
1,6,1,2,6,12,83,1,N,2,3629
2,1,1,1,6,7,43,1,N,2,21200
2,1,1,1,3,4,82,1,N,2,12503
2,1,1,2,7,7,44,1,N,2,2680
2,1,1,1,9,7,46,1,N,2,9100
2,1,1,1,9,N,56,1,N,2,27252
2,1,2,1,2,12,35,1,N,2,15663
2,1,1,1,8,N,93,1,N,2,16288
2,2,8,1,3,1,69,1,N,2,9229
2,1,1,1,8,7,30,1,N,2,20403
2,1,1,2,5,12,69,1,N,2,6100
2,1,2,2,7,7,56,1,N,2,17115
2,6,6,1,N,N,91,1,N,2,15127
2,1,1,1,7,N,57,1,N,2,20866
1,1,9,1,5,5,58,1,N,2,22456
2,1,1,2,3,7,30,1,N,2,24317
2,6,9,0,6,4,9,1,N,2,15338
2,1,1,2,4,9,49,1,N,2,14634
2,1,1,2,6,7,48,1,N,2,19338
2,6,1,1,6,5,59,1,N,2,22075
1,6,2,2,3,N,35,1,N,2,21546
1,1,2,1,8,N,70,1,N,2,15150
2,6,1,1,N,7,32,1,N,2,15505
2,6,1,1,9,N,54,1,N,2,4084
1,6,1,1,6,6,28,1,3,2,18844
1,1,1,1,4,7,39,1,N,2,23742
2,6,9,2,4,6,39,1,N,2,1408
1,1,3,1,N,2,91,1,N,2,21575
1,1,2,1,8,6,71,1,N,2,23173
2,1,1,1,2,7,79,1,N,2,22002
2,6,9,1,2,7,21,1,N,2,14299
2,3,1,2,8,N,30,1,N,2,27252
1,6,1,1,5,10,72,1,N,2,13968
1,6,2,2,6,7,37,1,N,2,16764
1,6,2,2,3,3,10,1,N,2,14397
1,4,1,1,3,7,45,1,N,2,27252
2,6,1,2,6,6,31,1,N,2,15411
1,1,5,1,4,7,36,1,N,2,14159
2,1,1,1,8,N,74,1,N,2,17692
2,6,1,1,8,7,33,1,4,2,13085
2,3,1,1,6,3,39,1,N,2,23636
1,6,1,1,2,6,46,1,N,2,16356
2,1,1,1,8,N,89,1,N,2,21061
2,1,1,1,N,N,55,1,N,2,13235
1,4,2,2,8,5,38,1,N,2,11243
2,1,1,1,8,1,58,1,N,2,21036
1,1,1,1,1,11,73,1,N,2,14159
1,6,1,1,7,4,19,1,3,1,19815
2,1,1,2,N,N,95,1,N,2,23862
2,6,1,1,2,9,52,1,N,2,21540
1,1,1,0,N,7,64,1,N,2,10119
2,6,1,2,2,7,52,1,N,2,16353
1,6,2,2,2,5,7,1,N,2,14578
2,6,1,1,8,6,36,2,N,2,15231
2,3,1,1,0,7,77,1,N,2,19004
1,1,1,1,4,3,57,1,N,2,15595
1,6,1,2,1,7,20,1,N,2,12483
2,6,1,1,2,9,18,1,N,2,11835
2,1,1,1,3,7,52,1,N,2,20143
2,6,2,2,N,N,45,1,N,2,15741
2,1,1,1,4,7,78,1,N,2,23320
1,5,1,1,9,5,21,1,N,2,13078
2,1,1,1,2,6,5,1,N,2,16651
1,6,4,1,5,6,80,2,N,2,5560
1,1,2,1,7,11,66,1,N,2,16379
2,5,1,1,N,N,80,2,N,2,11038
1,1,2,1,9,5,37,1,N,2,14552
2,6,1,1,3,7,32,1,N,2,22091
2,6,1,2,3,7,17,1,N,2,23203
2,6,1,1,7,N,33,1,N,2,8883
2,6,1,1,N,7,45,1,N,2,13007
2,6,1,1,5,2,36,1,N,2,15299
1,6,8,1,2,N,33,1,N,2,6554
1,1,1,1,7,N,70,1,N,2,22741
2,6,1,1,2,4,49,1,N,2,16610
2,6,2,2,5,7,45,1,N,2,17165
1,4,9,2,4,5,45,1,N,2,27252
2,6,1,2,2,9,18,1,N,2,11058
1,6,1,1,8,N,65,1,N,2,27252
2,1,1,1,7,5,19,1,N,2,21999
2,6,2,2,N,N,28,1,N,2,23012
2,1,1,1,7,6,50,1,N,2,4689
1,1,1,1,5,9,59,1,N,2,5554
2,1,1,2,7,7,77,2,N,2,18752
1,6,1,1,8,7,18,1,N,1,17574
2,4,1,1,8,1,85,1,N,2,11521
2,1,1,1,2,7,7,1,N,2,20434
2,1,6,2,1,5,41,1,N,2,2206
2,1,2,1,7,7,59,1,N,2,18863
2,6,2,2,0,7,63,1,N,2,19651
1,6,1,2,0,7,57,1,N,2,27252
1,6,1,2,8,N,37,1,N,2,21026
1,6,1,1,3,6,15,1,N,2,27252
1,6,1,2,4,7,27,1,N,2,10967
1,1,1,1,5,7,26,1,N,2,12272
2,3,1,1,3,N,67,1,N,2,13823
2,1,2,1,9,6,40,1,N,2,14728
2,1,1,1,6,N,52,1,N,1,2913
1,1,4,1,7,7,56,1,N,2,18942
2,6,1,2,2,3,41,1,N,2,14013
2,1,1,1,8,6,6,1,N,2,16782
1,6,1,1,0,7,78,1,N,2,18598
2,6,1,2,8,3,66,1,N,2,14635
1,1,1,2,9,7,52,1,N,2,19151
2,1,2,1,0,9,26,1,N,2,17246
2,6,1,1,2,6,49,1,N,2,19101
1,6,1,2,0,9,45,1,N,2,13888
1,1,1,1,6,3,44,1,N,2,14890
2,6,1,2,9,7,25,1,N,2,18325
2,1,1,1,9,7,72,1,N,2,18615
2,3,1,1,7,7,76,1,N,2,16301
2,6,5,2,6,8,55,1,N,2,21047
2,6,2,1,4,7,47,1,N,2,18258
2,4,1,1,7,7,39,1,N,2,17186
2,1,1,2,1,6,60,1,N,2,14831
1,1,1,2,9,6,15,1,N,2,27252
2,1,1,1,8,N,7,1,N,2,16211
2,1,1,1,3,7,9,1,N,2,18612
2,1,1,2,2,4,59,1,N,2,20098
1,1,1,1,N,N,46,1,N,2,22101
2,6,1,1,6,6,95,1,N,2,6300
1,6,2,2,0,N,41,1,N,2,13009
2,6,1,2,1,7,66,1,N,2,18175
2,1,1,1,8,7,51,1,N,2,18851
2,6,1,2,9,N,8,1,N,2,13402
2,N,1,2,N,7,21,1,N,2,16843
2,6,2,2,1,7,23,1,N,2,10770
2,1,1,1,9,N,25,1,N,2,15963
1,6,1,2,N,7,27,1,N,2,18443
1,4,1,2,0,6,20,1,N,2,27023
1,1,1,1,6,4,25,1,N,2,22539
1,1,1,1,0,12,49,1,N,2,15110
1,1,2,1,N,7,47,1,N,2,19771
1,6,1,1,N,7,55,1,N,2,15379
2,6,2,1,0,6,34,1,N,2,10082
2,1,1,1,6,N,45,1,N,2,27252
1,6,1,2,0,7,29,1,N,2,21419
2,6,1,2,N,7,29,1,N,2,12953
1,1,1,1,N,7,65,1,N,2,16990
2,6,2,2,4,5,91,1,N,2,10541
1,6,1,2,N,N,52,1,N,2,14146
2,6,1,1,8,6,82,1,N,2,20626
2,1,1,1,5,7,57,1,N,2,19375
2,1,1,1,9,7,63,1,N,2,18985
2,6,1,1,3,6,30,1,N,2,27252
2,1,1,1,9,7,45,1,N,2,24162
1,4,1,2,8,N,70,1,N,2,17004
1,1,1,1,9,9,66,1,N,2,14647
1,1,1,1,N,3,58,1,N,2,21314
2,N,1,1,7,N,57,1,4,2,3247
2,6,2,1,0,6,72,1,N,2,17625
2,1,1,1,5,N,64,1,N,2,26146
1,1,1,1,0,N,53,1,N,2,13003
2,3,1,1,9,7,33,1,N,2,24939
2,6,7,2,2,5,36,1,N,2,21651
2,1,1,1,N,7,86,1,N,2,20602
2,3,2,2,1,6,33,1,N,2,9741
1,1,1,1,8,7,13,1,N,2,24547
2,1,1,1,3,4,32,1,N,2,11221
2,1,1,1,8,7,63,1,N,2,19089
2,1,8,1,N,N,77,1,N,2,13021
1,1,1,1,N,7,79,1,N,2,1692
1,1,1,1,6,7,56,1,N,2,12934
2,1,9,1,N,N,26,1,N,2,25976
2,1,1,1,9,9,82,1,N,2,22064
1,1,1,1,6,7,48,1,N,2,22894
1,1,1,1,8,3,29,1,N,2,3652
2,1,1,1,0,7,17,1,N,2,6495
2,6,9,1,0,7,8,1,N,2,6820
1,1,2,1,9,4,50,1,N,2,11989
1,1,1,1,8,N,23,1,N,2,17158
1,1,1,1,0,7,23,1,N,1,26549
2,6,1,2,4,6,60,1,N,2,23183
2,3,1,2,4,10,45,1,N,2,16435
2,1,2,1,N,N,68,1,N,2,16846
2,1,1,1,7,7,16,1,N,2,905
1,1,3,1,N,3,65,3,N,2,10282
2,1,1,1,4,9,74,1,N,2,13277
2,1,1,1,5,N,16,1,N,2,25346
2,1,8,1,7,7,20,1,N,2,12181
2,6,1,2,3,7,16,1,N,2,23977
1,1,2,1,9,6,68,1,N,2,18875
2,1,1,1,8,N,82,1,N,2,20193
2,6,1,2,8,N,66,1,N,2,16736
2,1,1,1,5,N,24,1,N,2,17119
2,2,1,2,4,7,61,1,N,2,9427
2,1,1,1,5,5,46,1,N,2,22923
2,6,1,1,N,N,32,1,N,2,14020
2,6,1,2,7,N,21,1,N,2,6417
2,1,1,2,7,7,70,1,N,2,22892
1,4,3,2,0,7,30,1,N,2,25008
2,1,1,1,0,9,71,1,N,2,23163
2,6,5,1,3,7,3,1,N,2,20236
2,6,1,2,0,7,76,1,N,2,8114
2,1,1,1,9,7,37,1,N,2,22382
2,6,2,1,2,6,7,3,N,2,20987
2,6,1,1,8,5,36,1,N,2,559
2,4,4,1,1,9,58,1,N,2,16941
2,1,1,2,7,7,2,1,N,2,21230
1,6,2,1,6,2,8,1,N,2,27252
1,1,1,2,6,7,69,1,N,2,21226
2,1,1,2,6,3,95,1,N,2,2804
1,6,2,2,1,4,2,1,N,2,8827
2,4,1,1,N,4,0,1,N,2,23284
2,1,3,2,1,6,26,1,N,2,17827
2,2,1,1,3,9,57,1,N,2,16312
2,1,7,2,0,6,0,1,N,2,13117
2,1,1,1,8,7,28,1,N,2,21332
2,1,1,1,8,7,33,1,N,2,5392
1,6,1,1,4,9,53,1,N,2,13558
2,1,1,1,N,3,33,1,N,2,27252
2,3,1,2,8,11,0,1,N,2,6123
1,1,1,1,8,9,38,1,N,2,21050
2,N,1,1,3,6,28,2,N,2,22164
1,4,1,2,1,7,55,3,N,2,19176
2,6,1,1,8,10,62,1,N,2,17004
1,1,1,1,N,N,31,1,N,2,24588
2,1,2,1,6,7,26,1,N,2,13538
2,6,1,2,7,12,8,1,N,2,10739
2,6,1,1,4,5,5,1,N,2,6306
1,6,1,2,4,5,53,1,N,2,12961
2,1,1,1,0,7,51,1,N,2,4948
1,6,2,1,6,8,45,1,N,2,11042
2,6,1,1,0,5,31,1,N,2,23084
1,1,1,1,N,3,69,1,N,2,20001
2,6,1,1,2,7,53,1,N,2,14537
1,1,4,1,8,N,66,1,N,2,4763
1,2,3,2,0,7,49,1,N,2,14875
2,6,7,2,7,5,22,1,2,2,10900
2,6,1,2,4,6,22,1,N,2,17450
2,1,1,1,7,3,49,1,N,2,22870
2,1,1,1,6,2,10,1,N,2,16332
2,1,1,1,1,1,46,1,N,2,15435
2,1,1,1,6,7,47,1,N,2,27252
2,1,1,1,9,N,95,1,N,2,16520
1,6,2,2,3,7,28,1,N,2,24939
1,1,1,1,6,5,39,1,N,2,17986
2,4,1,1,6,7,28,1,N,2,24346
1,3,1,1,8,2,66,1,N,2,11109
1,1,9,2,3,7,83,1,N,2,10789
2,6,1,2,2,1,71,1,N,2,11960
2,1,1,1,4,1,35,1,N,2,18136
1,6,1,2,1,6,47,1,N,2,8380
2,6,1,1,3,7,20,1,N,2,16843
2,2,2,1,N,7,57,1,N,2,1692
1,1,1,1,8,12,61,1,N,2,16171
2,6,1,2,7,N,47,1,N,2,17496
2,1,1,2,6,6,59,1,N,2,3007
2,1,1,1,5,3,36,1,N,2,16081
2,6,1,2,6,6,40,1,N,2,24343
2,6,2,1,8,N,0,1,N,2,17027
1,6,1,2,9,N,9,1,N,2,6986
2,3,6,2,6,N,32,1,N,2,0
2,6,1,2,3,N,23,1,N,2,8295
2,1,1,1,8,7,0,1,N,2,16843
2,1,1,1,N,N,54,1,N,2,27252
2,1,2,1,N,5,65,1,N,2,15415
1,N,1,1,2,3,61,1,N,2,18120
2,1,1,1,9,9,76,1,N,2,11451
1,1,5,2,9,3,79,1,N,2,0
2,1,1,1,1,3,0,1,N,2,27252
2,6,1,2,9,N,71,1,N,2,16912
2,1,1,1,8,7,30,1,N,2,23332
2,6,1,2,7,4,30,1,N,2,15998
1,6,1,1,2,7,61,1,N,2,14912
2,1,1,1,8,7,19,1,N,2,16091
1,3,1,1,N,N,59,1,N,2,18481
1,6,1,2,9,4,36,1,N,2,4853
2,6,2,1,5,7,11,1,N,2,25698
1,1,1,1,N,7,30,1,N,2,22213
2,6,1,1,N,7,87,1,N,2,21489
1,1,1,1,9,6,48,1,N,2,5240
1,1,2,1,9,N,27,1,N,2,13645
1,1,1,1,9,7,75,1,N,2,24791
1,1,8,1,4,4,93,1,N,2,11973
1,1,1,1,2,5,62,1,N,2,23869
1,1,1,1,6,9,70,1,N,2,22116
1,6,2,1,7,7,40,1,N,2,1692
2,6,2,1,1,9,62,1,N,2,21959
2,6,1,1,4,5,16,1,N,2,21514
1,1,1,2,N,7,31,1,N,2,7184
1,1,2,2,N,7,17,1,N,2,16345
1,5,8,2,9,6,79,1,2,2,19888
1,3,2,1,3,7,22,1,N,2,27252
1,6,1,1,4,N,34,1,N,2,4407
2,1,1,1,7,5,53,1,N,2,16975
1,6,1,1,9,7,33,1,N,2,18882
1,6,1,1,0,N,28,1,N,2,15615
2,6,1,2,3,6,55,1,N,2,17171
2,6,3,0,N,5,36,1,N,2,10637
2,1,1,1,2,4,56,1,N,2,11134
2,6,9,1,N,6,16,1,N,2,2047
2,1,1,2,8,6,75,1,N,2,9285
2,1,1,1,3,N,5,1,N,2,16788
2,1,1,2,3,7,47,1,N,2,10277
1,1,1,1,0,3,69,1,N,2,18700
2,6,1,1,8,7,47,1,N,2,9418
1,6,1,1,3,7,52,1,N,2,17490
2,6,1,1,4,7,53,1,N,2,25263
2,1,1,1,N,N,45,1,N,2,22019
2,1,1,1,4,11,2,1,N,2,3251
1,1,1,1,8,6,85,1,N,2,9066
2,1,1,2,9,7,42,1,N,2,21059
2,5,3,1,2,N,32,1,N,2,27252
1,1,1,1,8,7,56,1,N,2,14631
2,1,1,1,7,N,57,1,N,2,21650
1,1,1,1,8,N,73,1,N,2,9876
2,1,1,1,5,3,49,1,N,2,26075
1,1,1,1,N,3,47,1,N,2,14916
2,6,1,1,0,3,27,2,N,2,14354
1,1,1,1,0,6,83,1,N,2,12345
1,6,1,2,8,7,66,1,N,2,24477
1,6,1,1,5,9,30,1,N,2,15845
2,4,1,2,0,3,38,1,N,2,8067
2,4,1,1,9,7,73,1,N,2,6504
2,1,1,1,9,7,77,1,N,2,22169
2,1,1,1,8,N,44,1,N,2,3600
1,1,1,1,N,7,68,1,N,2,10505
1,1,1,1,N,7,33,1,N,2,19269
1,1,1,1,2,7,49,1,N,2,27252
2,1,1,1,4,6,33,1,N,2,11312
2,1,1,2,9,6,89,1,N,2,14983
1,6,1,2,5,7,32,1,N,2,7588
2,6,3,2,0,4,18,1,N,2,7089
1,6,1,2,3,6,26,1,N,2,14976
1,6,1,1,N,7,46,1,N,2,15066
1,6,1,2,0,5,50,1,N,2,19215
2,1,1,1,9,N,85,1,N,2,19971
1,5,6,1,2,3,44,1,N,2,16415
1,1,1,1,7,8,10,1,N,2,15925
2,1,1,0,0,6,63,1,N,2,13836
2,1,1,1,3,9,44,1,N,2,16779
1,1,1,1,8,N,65,1,N,2,17460
2,1,1,1,0,10,92,1,N,2,4487
1,1,1,1,6,N,29,1,N,2,23468
1,1,1,2,6,11,17,2,N,2,21674
2,1,1,1,7,N,57,1,N,2,25909
2,6,1,1,4,4,22,1,N,2,18623
1,1,1,1,0,4,37,1,N,2,16359
1,1,1,2,8,7,43,1,N,2,22832
2,6,1,1,4,N,0,1,N,2,5565
1,5,2,1,0,7,60,1,N,2,5334
1,6,9,1,2,11,58,1,N,2,22471
2,6,3,1,1,6,31,1,N,2,11166
1,1,1,0,0,8,24,1,N,2,24140
2,1,1,1,N,N,56,1,N,2,19653
1,6,1,1,0,8,36,3,N,2,14342
1,1,6,1,6,N,59,1,N,2,18096
1,6,1,2,9,7,45,1,N,2,12876
1,1,2,1,8,7,8,1,N,2,20402
2,6,1,2,0,N,36,1,N,2,5860
2,1,1,1,N,7,76,1,N,2,21100
1,1,1,2,6,N,31,1,N,2,21198
1,1,1,1,4,12,10,1,N,2,27252
2,5,1,2,0,N,30,1,N,2,23349
2,6,2,1,9,7,39,1,N,2,9402
2,6,1,2,1,4,50,1,N,2,15783
2,1,1,1,9,9,46,1,N,2,5073
1,6,1,2,2,6,38,1,N,2,17102
1,1,1,1,4,7,41,1,N,2,25331
1,1,2,1,2,7,7,2,N,2,19692
1,6,1,1,3,7,20,1,N,2,18404
2,1,1,1,N,7,80,1,N,2,15406
2,1,1,1,8,12,38,1,N,2,16716
1,6,1,1,9,7,11,1,N,2,21904
1,1,1,1,7,7,20,1,N,2,16229
2,6,1,2,0,3,38,1,N,2,19234
1,1,1,1,5,6,63,1,N,2,17110
1,1,2,1,7,5,65,1,N,2,3439
2,1,1,1,7,9,88,1,N,2,12866
1,6,8,2,5,7,73,1,3,2,11737
1,6,2,2,5,5,2,1,N,2,5152
1,6,1,1,7,12,30,1,N,2,22523
2,1,1,0,N,7,79,1,N,2,14501
2,1,1,2,6,7,53,1,N,2,12055
2,1,6,1,2,8,42,1,N,2,13792
1,1,1,1,2,4,31,1,N,2,23980
2,1,1,0,0,7,19,1,1,2,24225
1,6,1,1,7,9,67,1,N,2,12351
1,1,1,1,9,N,5,1,N,2,27252
2,1,1,2,6,9,28,1,N,2,14921
2,1,1,1,9,8,56,1,N,2,16975
2,6,1,1,N,7,30,1,N,2,20714
2,6,2,1,2,6,23,1,N,2,9082
2,1,1,1,6,4,73,1,N,2,12399
2,1,1,1,7,N,44,1,N,2,24166
2,1,2,1,7,12,50,1,N,2,17805
2,4,1,1,0,3,64,1,N,2,11622
1,3,2,1,1,8,33,2,N,2,18279
1,6,2,2,7,5,38,1,N,2,9207
1,1,1,2,9,N,23,1,N,2,16292
1,4,2,1,6,7,75,1,N,2,8008
2,1,1,1,6,N,52,1,N,2,27252
2,6,1,2,1,5,21,1,N,2,15139
2,1,1,1,7,11,70,1,N,2,21121
1,6,8,1,3,5,29,1,2,2,8882
1,1,1,1,2,4,60,1,N,2,14678
2,1,1,1,7,5,37,1,N,2,17652
2,6,2,2,2,N,71,1,N,2,12627
1,1,1,2,9,6,29,1,N,2,12016
2,6,2,2,8,7,61,1,N,2,14470
2,1,1,1,8,N,42,1,N,2,20936
2,3,5,1,8,2,49,1,N,2,1225
1,1,1,1,8,11,74,1,N,2,15571
2,1,6,1,6,12,72,1,N,2,19201
1,6,2,1,0,9,27,1,N,2,15760
2,6,1,1,7,N,27,1,N,2,14673
1,1,2,1,8,7,33,1,N,2,19913
1,6,1,2,3,6,48,1,N,2,27252
2,1,1,1,5,11,49,1,N,2,6904
2,1,1,1,3,9,77,1,N,2,18406
1,1,1,1,7,6,59,1,N,2,23885
1,6,1,1,3,4,41,1,N,2,16665
1,6,1,1,8,2,63,1,N,2,3803
1,1,1,1,6,7,7,1,N,2,6803
2,1,7,1,7,7,24,1,N,2,12705
1,6,1,2,N,7,52,1,N,2,25841
1,1,1,1,N,N,68,1,N,2,20337
2,1,1,1,2,N,66,1,N,2,12797
1,4,1,2,4,3,5,1,N,2,12366
1,6,1,1,7,7,36,1,N,2,19939
2,1,1,1,4,6,58,1,N,2,18740
1,6,1,2,6,6,42,1,N,2,18404
2,1,1,1,2,7,0,1,N,2,24480
2,6,1,1,7,7,10,1,2,2,15822
2,6,1,1,N,7,39,2,N,2,266
2,6,1,1,N,7,10,1,N,2,18956
1,1,1,1,8,N,58,1,N,2,8113
2,2,1,2,1,12,79,1,N,2,23921
2,4,1,1,N,7,55,1,N,2,18050
1,5,1,1,3,5,56,1,N,2,19594
2,1,1,1,3,N,41,1,N,2,5844
2,6,1,1,5,9,47,1,N,2,7334
1,6,1,1,8,3,18,1,N,2,16660
1,6,2,2,0,7,53,1,N,2,15300
1,1,1,2,4,7,2,1,N,2,20815
1,1,1,1,5,N,42,1,N,2,24939
2,1,6,1,0,1,43,1,N,2,4530
2,1,1,2,2,9,76,1,N,2,18866
2,1,2,1,4,N,27,1,N,2,5804
1,1,1,1,4,6,0,1,N,2,16603
2,1,1,2,5,6,81,1,N,2,10986
2,1,2,1,2,12,46,1,N,2,18132
2,5,2,0,6,6,55,1,N,2,14185
1,1,1,1,6,10,5,1,N,2,20963
2,1,2,1,N,7,47,1,N,2,4231
1,1,1,1,N,7,59,1,N,2,19424
1,6,1,1,0,7,60,1,N,2,19879
2,1,1,1,0,3,41,1,N,2,27252
2,6,1,2,9,5,29,1,N,2,20864
2,6,2,1,5,5,76,1,N,2,5836
1,4,1,1,4,5,75,1,N,2,17734
1,1,1,1,N,7,28,1,N,2,15651
1,1,6,1,7,9,51,1,N,2,26029
1,1,3,1,N,N,21,1,N,2,21463
2,3,1,2,5,7,61,1,N,2,16471
2,1,1,1,4,N,68,1,N,2,20496
2,6,1,2,4,5,16,1,N,2,19818
2,1,1,1,3,7,44,1,N,2,22421
1,1,2,1,0,7,79,1,N,2,12920
2,1,6,1,9,7,83,1,N,2,22877
2,1,1,1,3,5,64,1,N,2,12384
2,6,1,1,2,N,13,1,N,2,11888
1,1,2,2,9,9,19,1,N,2,4746
2,1,1,1,N,7,0,1,N,2,22783
2,4,1,1,5,5,25,1,N,2,14352
1,6,1,2,9,7,29,1,N,2,12826
1,1,2,1,2,5,46,1,N,2,391
1,1,1,1,4,N,17,1,N,2,14734
2,1,7,1,N,7,57,1,N,2,24939
2,6,2,1,8,7,54,1,N,2,8593
2,1,2,2,4,3,57,1,N,2,14693
1,1,1,2,5,5,31,1,N,2,14744
2,1,1,1,2,9,52,3,N,2,12693
1,1,2,2,5,7,54,1,N,2,15627
1,6,1,1,N,N,44,1,N,2,24097
1,6,1,2,9,7,20,1,N,2,15909
1,1,1,1,0,N,33,1,N,2,15754
2,1,1,2,6,7,14,1,N,2,14192
1,1,1,1,3,3,10,1,N,2,13586
2,1,1,1,N,3,70,1,N,2,15809
1,1,1,1,4,11,35,1,N,2,11795
2,6,2,2,0,N,95,1,N,2,0
1,6,1,1,1,4,13,1,N,2,14002
1,1,1,2,0,1,62,2,N,2,11909
2,6,1,2,5,6,0,1,N,2,4112
2,1,1,2,7,2,28,1,N,2,21308
1,1,1,1,N,7,80,1,N,2,2021
1,5,1,1,6,N,71,1,N,2,13877
2,6,1,1,2,7,55,1,N,2,12379
1,6,1,1,N,7,59,1,N,2,13608
2,1,1,1,5,7,63,1,N,2,22807
2,1,2,2,3,5,47,1,N,2,27252
2,1,1,1,3,8,62,1,N,2,8498
1,6,1,1,7,7,19,1,N,2,27252
1,6,1,1,7,N,0,1,N,2,20875
2,3,1,2,N,N,37,1,N,2,23087
1,3,1,1,6,N,40,1,N,2,13363
1,4,1,1,6,7,50,1,N,2,11372
1,1,1,1,2,11,15,1,N,2,19053
1,6,2,1,6,3,26,1,N,2,22249
1,1,6,1,3,7,62,1,N,2,20839
2,6,1,1,5,6,61,1,N,2,11206
1,6,6,2,1,5,22,1,N,2,4130
1,1,1,1,8,7,63,1,N,2,24741
2,4,2,1,4,7,15,1,N,2,25110
2,1,1,1,4,7,90,1,N,2,27252
2,1,1,1,8,N,10,1,N,2,27252
2,6,1,1,8,7,26,1,N,2,15737
1,1,1,1,6,6,63,1,N,2,8548
1,1,1,1,7,7,62,1,N,2,26203
2,6,1,2,5,7,17,1,N,2,13227
2,6,1,1,7,2,81,1,N,2,14860
1,1,1,2,9,5,6,1,N,2,23378
1,6,1,0,3,6,48,1,N,2,7222
2,3,1,1,N,7,64,1,N,2,24939
1,1,2,1,2,5,16,1,N,2,12399
2,4,2,2,8,7,60,1,N,2,6917
2,6,1,2,8,5,47,1,N,2,23093
2,6,1,2,7,8,51,1,N,2,17370
2,4,1,1,8,6,31,1,N,2,12346
1,1,1,0,9,2,45,1,N,2,18388
1,1,1,1,8,6,81,1,N,2,12623
1,6,1,1,1,5,75,1,N,2,20417
2,1,1,1,1,6,7,1,N,2,22542
2,6,1,0,4,7,47,1,N,2,13012
2,4,1,1,7,3,72,1,N,2,10237
1,3,1,1,0,N,31,1,N,2,22543
2,4,1,1,4,N,46,1,N,2,24298
2,1,1,1,3,8,36,1,N,2,3564
2,4,1,1,5,11,81,1,N,2,16529
2,1,1,2,1,7,0,3,N,2,13980
2,6,1,1,8,5,0,1,N,2,17057
2,2,6,1,4,N,64,1,N,2,21572
2,5,6,1,0,6,62,1,N,2,15220
1,6,1,1,7,9,27,1,N,2,4938
1,1,1,1,N,N,31,1,N,2,2801
1,1,2,2,5,7,55,1,N,2,16648
1,6,9,2,2,7,26,1,N,2,27252
2,1,2,1,2,2,55,1,N,2,18541
2,1,1,1,N,3,57,1,N,2,18540
1,1,1,1,8,7,58,1,N,2,27252
2,3,2,2,1,5,52,1,N,2,10147
2,1,2,1,4,N,95,1,N,2,20736
1,6,1,2,7,7,0,1,N,2,24137
1,6,2,1,1,5,78,2,N,2,6634
2,1,2,1,3,6,32,1,N,2,12318
2,1,1,1,5,N,0,1,N,2,24939
2,1,1,1,5,2,56,1,N,2,6179
1,1,1,1,2,7,62,1,N,2,9501
1,1,1,1,5,11,75,1,N,2,16104
2,6,2,2,0,9,42,1,N,2,18112
1,6,1,2,2,4,28,1,N,2,25197
2,1,1,1,N,11,79,1,N,2,11392
1,1,1,1,4,9,35,1,N,2,15791
1,6,1,2,9,7,35,1,N,2,13718
2,6,6,2,3,4,4,1,N,2,17373
2,1,1,1,2,12,70,1,N,2,18894
2,1,1,1,N,N,61,1,N,2,17230
2,1,1,1,6,7,59,1,N,2,27252
1,1,1,1,1,9,23,1,N,2,22363
2,1,1,2,7,7,61,1,N,2,25354
2,1,1,1,9,N,59,1,N,2,27252
1,1,6,1,3,2,8,1,N,2,22332
2,1,1,1,N,7,67,1,N,2,12496
2,6,1,1,6,7,78,1,N,2,23308
2,6,1,1,3,3,43,1,N,2,16106
1,6,1,2,5,7,24,1,N,2,18879
1,1,1,1,4,11,46,1,N,2,19842
2,6,1,2,1,6,52,1,N,2,21395
1,1,1,1,7,N,78,1,N,2,12626
2,4,2,0,3,9,53,1,N,2,26928
2,1,1,1,9,7,48,1,N,2,8379
1,N,1,1,1,12,46,1,N,2,21279
2,1,1,1,N,7,74,1,N,2,17223
1,1,1,1,9,4,38,1,N,2,3131
2,1,1,1,1,7,32,1,N,2,23130
2,1,1,1,9,3,61,1,N,2,13197
2,6,1,2,3,6,30,1,N,2,13196
1,1,3,1,7,N,61,1,N,2,22624
2,6,3,0,6,6,30,1,N,2,19649
1,1,1,2,9,6,69,1,N,2,17860
2,1,1,1,N,N,43,1,N,2,23878
1,4,1,2,N,7,41,1,N,2,15044
1,1,1,1,6,N,53,1,N,2,3658
1,3,1,2,5,6,73,1,N,2,11040
2,4,1,1,8,6,28,1,N,2,16243
1,1,1,1,7,N,73,1,N,2,9380
2,1,1,1,4,7,73,1,N,2,21129
1,1,2,1,9,7,78,1,N,2,18332
1,4,1,1,8,5,32,1,N,2,8746
2,1,1,1,8,9,52,1,N,2,20249
2,1,1,1,7,7,39,1,N,2,25859
2,1,2,1,2,N,29,1,N,2,16267
1,6,2,1,2,7,4,1,4,2,14931
2,6,2,1,0,3,36,1,N,2,2750
1,3,2,1,4,7,1,1,2,2,7595
1,6,1,0,0,10,0,1,N,2,7614
2,6,1,1,0,7,73,1,N,2,18116
1,1,1,1,N,N,71,1,N,2,16682
1,6,2,2,8,N,38,1,N,2,20102
1,1,1,1,N,N,65,1,N,2,22408
1,1,1,1,4,N,71,1,N,2,16782
1,1,1,2,6,6,22,1,N,2,17906
1,6,1,1,0,7,56,1,N,2,21018
1,1,1,1,N,3,10,1,N,2,24939
1,1,2,1,7,3,17,1,N,2,21022
1,1,1,1,0,N,25,1,N,2,26697
1,1,1,2,5,3,66,1,N,2,12490
2,1,1,2,8,9,20,1,N,2,18381
2,6,1,1,2,5,12,1,N,2,22865
2,1,1,1,1,7,54,1,N,2,11094
1,1,1,1,5,12,52,1,N,2,15477
2,1,1,2,N,3,4,1,N,2,1085
1,1,1,1,8,12,68,1,N,2,5561
1,6,1,1,9,7,67,1,N,2,21014
2,6,1,1,9,7,24,1,N,2,22077
2,3,1,1,9,7,50,1,N,2,4468
2,1,1,1,N,7,84,1,N,2,19293
2,6,1,1,N,7,72,1,N,2,10452
1,1,1,2,8,6,69,1,N,2,26929
2,1,1,1,9,7,88,1,N,2,14332
2,2,2,1,N,6,43,1,N,2,12279
2,1,1,1,N,7,35,1,N,2,24939
1,6,6,2,0,7,15,1,4,2,14254
1,6,9,2,2,7,10,1,N,2,14875
2,6,1,1,9,7,22,1,N,2,20358
2,6,5,1,6,7,56,1,N,2,24581
2,1,1,1,9,5,11,1,N,2,23858
2,6,1,2,8,8,36,1,N,2,24153
2,1,1,2,0,1,78,3,N,2,13102
1,6,1,1,8,1,35,1,N,2,20285
1,6,1,1,6,5,38,1,N,2,21364
2,1,1,1,9,7,51,1,N,2,2287
2,6,1,1,8,7,0,1,N,2,10410
2,6,1,1,5,N,34,1,N,2,11031
2,1,1,2,0,11,57,1,N,2,1620
2,4,1,1,3,N,38,1,N,2,21028
2,1,1,1,0,7,7,1,N,2,14696
2,6,2,2,0,3,76,1,N,2,10393
2,6,1,1,1,6,10,1,N,2,20428
1,1,1,1,8,7,73,1,N,2,14945
1,4,1,2,8,7,15,1,N,2,8553
1,1,1,1,5,1,55,1,N,2,19392
2,1,3,1,7,N,56,1,N,2,19688
1,6,3,1,5,6,41,1,N,2,11427
1,6,1,2,1,4,42,1,N,2,17472
2,1,1,1,8,7,11,1,N,2,21111
2,6,2,1,8,7,38,1,N,2,18984
1,6,2,1,1,7,10,1,N,2,473
2,6,1,2,N,4,25,1,N,2,26966
1,6,1,2,2,6,83,1,N,2,9427
2,6,1,0,0,4,10,1,N,2,16113
1,1,1,1,8,7,11,1,N,2,24910
1,1,1,1,9,6,31,1,N,2,15882
1,2,1,2,5,5,34,1,N,2,27252
1,6,2,2,5,7,30,1,N,2,1967
1,6,1,2,0,6,46,1,N,2,16177
1,6,1,0,0,7,52,1,N,2,3888
2,1,2,1,4,1,69,1,N,2,9584
1,6,1,2,0,5,26,1,N,2,10855
2,1,1,1,N,N,70,1,N,2,12193
2,1,1,2,7,7,65,1,N,2,11501
2,6,1,0,6,7,29,1,N,2,15448
2,4,1,1,7,8,58,1,N,2,4572
1,6,1,2,6,6,36,1,N,2,14634
1,6,1,2,4,6,21,1,N,2,10108
1,6,1,2,0,5,0,1,N,2,614
2,2,2,2,N,12,85,1,N,2,26882
2,1,1,1,3,7,95,1,N,2,9999
1,1,1,1,8,7,26,1,N,2,23673
2,6,7,2,1,7,13,1,N,2,960
2,1,1,1,8,N,84,1,N,2,5734
2,1,1,1,2,9,62,1,N,2,15271
2,6,2,1,4,8,60,2,N,2,0
2,6,1,2,2,9,27,1,N,2,27143
1,6,2,2,0,5,38,1,N,2,16001
1,6,3,1,0,5,83,1,N,2,15337
2,1,2,2,9,1,45,1,N,2,15237
1,6,1,1,1,6,23,1,N,2,12080
1,6,1,1,3,6,58,1,N,2,7464
1,6,1,1,9,11,79,1,N,2,22943
2,1,1,1,7,11,71,1,N,2,8721
1,6,2,2,4,N,34,1,N,2,20956
2,3,1,1,8,6,72,1,N,2,21926
2,1,1,1,9,4,20,1,N,2,12924
2,6,2,2,3,7,19,1,N,2,26309
1,6,1,1,N,7,55,1,N,2,14805
2,6,3,1,4,N,62,1,N,2,4673
2,1,1,1,0,7,63,1,N,2,17743
1,6,1,2,7,8,27,1,N,1,18111
2,1,1,1,N,7,58,1,N,2,21676
2,6,1,1,9,6,58,1,N,2,16892
2,4,1,2,N,7,7,1,N,2,20009
2,1,1,1,6,7,30,1,N,2,17563
2,1,2,2,3,7,41,1,N,2,22279
1,6,9,1,8,7,18,1,N,1,22152
1,6,1,0,8,7,61,1,N,2,1692
1,6,6,2,2,7,33,1,N,2,13072
2,1,1,1,N,7,67,1,N,2,19358
1,4,1,1,9,N,32,1,N,2,6325
1,1,1,1,N,3,46,1,N,2,26918
2,1,1,1,8,7,45,1,N,2,14099
2,1,1,1,9,9,67,1,N,2,121
1,6,1,2,1,9,2,1,N,2,11743
2,1,1,1,5,7,61,1,N,2,18453
1,1,1,1,5,7,66,1,N,2,22496
1,4,2,2,2,12,22,1,N,2,5640
2,1,1,1,7,6,63,1,N,2,13593
1,3,1,1,7,N,36,1,N,2,25853
1,1,1,1,6,7,74,1,N,2,12531
1,6,1,1,N,5,18,1,N,2,20624
2,6,4,2,5,6,61,1,N,2,9714
2,6,1,1,7,7,8,1,N,2,24939
1,1,8,1,8,7,64,1,1,2,8081
2,1,1,1,N,N,32,1,N,2,17841
1,1,1,1,7,7,4,1,N,2,15218
2,1,1,2,0,6,66,1,N,2,19543
2,1,1,0,7,7,34,1,N,2,8106
1,1,1,1,N,N,46,1,N,2,22799
2,1,1,1,6,7,53,1,N,2,10754
2,4,1,2,0,4,18,1,N,2,19580
2,6,1,2,1,6,30,1,N,2,5650
2,1,1,1,7,7,74,1,N,2,0
2,6,1,0,6,4,38,1,N,2,2592
1,6,1,2,0,7,68,1,N,2,10517
2,6,1,0,4,6,7,1,N,2,10755
2,1,1,1,7,N,34,1,N,2,21231
1,1,1,1,N,6,82,1,N,2,20191
2,1,1,1,N,7,54,1,N,2,24758
2,3,1,2,8,N,23,1,N,2,21800
1,4,8,1,3,5,58,1,N,2,22740
2,1,2,2,9,N,44,2,N,2,10095
2,1,5,1,0,7,49,1,N,2,18611
1,6,2,2,2,7,49,1,N,2,27252
2,1,2,2,0,12,30,1,N,2,9084
2,1,1,1,9,7,41,1,N,2,2293
1,1,1,1,N,7,76,1,N,2,8279
1,6,1,2,7,7,9,1,N,2,27252
2,1,1,1,8,N,81,1,N,2,19515
2,6,1,2,9,6,63,1,N,2,16445
1,6,1,1,5,N,76,1,N,2,12667
2,1,1,1,N,N,54,1,N,2,3261
2,1,1,2,N,6,75,1,N,2,21374
2,3,1,0,9,1,26,1,N,2,21474
1,1,1,1,N,7,56,1,N,2,22672
2,1,1,1,N,7,66,1,N,2,23668
1,6,2,2,6,6,59,1,N,2,12327
2,1,2,0,6,8,47,1,N,2,18448
1,1,1,1,6,7,48,1,N,2,11244
2,1,2,1,8,7,28,1,N,2,20116
2,6,1,1,8,6,31,1,N,2,24939
2,6,1,1,2,6,14,1,N,2,2106
1,1,1,2,4,N,40,1,N,1,18092
1,6,2,2,0,5,6,1,N,2,22782
2,6,1,2,9,6,15,1,N,2,11345
1,6,1,2,0,4,33,1,N,2,22644
1,3,6,1,5,N,27,1,N,2,23780
2,1,1,1,8,12,78,1,N,2,24418
1,1,1,1,8,7,59,1,N,2,23435
2,1,1,1,8,N,44,1,N,2,23279
2,4,1,1,1,4,39,2,N,2,9427
2,6,1,1,7,9,63,1,3,2,15038
1,6,1,1,7,7,45,1,N,2,24939
1,1,1,2,6,3,77,1,N,2,16826
2,6,2,2,4,6,20,3,N,2,15501
2,6,1,1,N,7,30,1,N,2,27252
1,6,1,1,4,7,40,1,N,2,12563
1,1,2,1,6,7,34,1,N,2,17514
1,6,1,1,N,6,40,1,N,2,2712
1,1,1,0,8,9,20,1,N,2,4371
2,6,1,1,8,7,15,1,N,2,13940
2,6,2,2,6,7,32,1,N,2,5732
2,1,8,1,7,5,62,1,N,2,17063
1,3,1,2,1,9,0,3,N,2,15469
2,1,1,1,8,N,66,1,N,2,16987
1,1,1,1,4,N,49,1,N,2,12737
2,6,1,2,8,12,46,1,N,2,14271
2,1,1,1,N,7,60,1,N,2,13642
2,1,1,1,6,7,43,1,N,2,3844
2,1,2,2,1,7,13,1,N,2,12762
2,6,7,2,6,6,92,1,N,2,9407
2,6,1,2,0,6,32,1,N,2,16090
2,6,2,2,4,N,51,1,N,2,6830
2,1,1,2,N,7,38,1,N,2,19054
2,6,1,1,8,5,55,1,N,2,21543
1,1,1,1,5,3,83,1,N,2,27252
2,1,1,1,2,7,51,1,N,2,13625
2,2,8,2,6,N,27,1,N,2,27252
1,6,1,1,5,9,65,1,N,2,22238
2,4,1,2,9,5,25,1,N,2,16027
2,6,1,1,1,6,39,1,N,2,4854
2,1,1,2,7,6,28,1,N,2,3878
2,1,8,1,7,11,59,1,N,2,16821
2,3,1,2,6,3,64,1,N,2,9782
2,1,1,1,4,3,21,1,N,2,27252
1,1,1,1,9,N,54,1,N,2,10188
1,6,2,2,7,7,45,1,N,2,12167
2,6,1,2,6,7,4,1,N,2,15306
1,6,1,1,8,7,46,1,N,2,19123
2,6,1,2,6,6,35,1,N,2,26469
2,1,1,2,9,11,69,1,N,2,6637
1,1,1,1,7,7,42,1,N,2,24033
2,6,2,2,1,5,81,2,N,2,11057
2,1,2,0,7,7,41,1,N,2,16723
2,6,1,1,8,7,13,1,N,2,23277
1,1,2,1,0,12,53,1,6,2,23538
1,1,1,1,8,7,47,1,N,2,25202
2,6,2,2,7,7,47,1,N,2,14722
2,6,1,1,0,N,17,1,N,2,19167
2,1,1,1,N,N,65,1,N,2,25024
2,6,1,1,0,7,55,1,N,2,4569
2,6,1,1,8,7,56,1,N,2,14476
2,1,1,2,3,7,10,1,N,2,11403
1,6,1,0,5,5,13,1,N,2,27252
1,1,1,1,9,N,37,1,N,2,24939
2,1,1,1,2,7,61,1,N,2,19169
2,6,1,1,8,6,63,1,N,2,20309
2,3,1,1,3,7,55,1,N,2,7914
2,1,1,2,7,9,25,1,N,2,14006
2,6,2,1,5,5,39,1,N,2,7506
1,6,1,2,0,7,33,1,N,2,12450
2,6,1,1,9,7,68,1,N,2,10490
2,6,2,1,7,7,30,1,N,2,15207
2,1,2,1,3,5,75,1,N,2,17762
1,1,1,2,7,2,33,3,N,2,23573
1,6,2,0,7,9,19,1,N,2,9809
1,1,1,1,N,2,84,1,N,2,15948
2,6,1,1,7,7,32,1,N,2,18022
2,6,2,1,3,7,74,3,N,2,12866
2,3,1,1,N,7,71,1,N,2,20913
2,6,1,1,9,6,35,1,N,2,23084
1,1,1,1,3,7,29,1,N,2,12361
2,6,1,1,3,4,12,1,N,2,11089
2,1,1,2,9,6,49,1,N,2,7786
2,6,1,0,5,2,31,1,N,2,13770
2,2,1,1,3,7,50,1,N,2,19577
1,N,1,2,6,7,40,1,N,2,0
2,4,1,1,N,N,36,1,N,2,11621
2,1,1,1,4,11,40,1,N,2,3777
2,1,1,1,8,7,16,1,N,2,12697
2,6,1,1,3,5,20,1,N,2,7969
1,6,1,0,6,5,20,1,N,2,7519
2,1,1,1,4,N,41,1,N,2,24939
1,6,1,2,4,7,26,1,N,2,16589
1,1,1,1,9,6,56,1,N,2,27252
1,6,2,1,N,N,21,1,N,2,22970
2,1,1,1,2,7,66,1,N,2,5625
2,N,1,2,2,11,0,1,N,2,10050
2,1,1,1,9,7,24,1,N,2,10948
2,6,2,2,3,6,7,3,N,2,13811
2,1,1,1,5,7,62,1,N,2,12529
1,6,1,1,9,3,41,1,N,2,17530
2,1,1,2,4,7,5,1,N,2,16057
2,1,1,0,2,11,0,1,N,2,17546
1,1,1,1,3,N,72,1,N,2,19527
2,4,1,2,0,4,5,1,N,2,18684
2,1,1,1,9,3,21,1,N,2,27252
1,6,1,2,6,6,56,1,N,2,1402
2,6,1,2,0,N,85,1,N,2,24939
2,1,2,1,6,7,39,1,N,2,8591
2,1,1,1,3,3,60,1,N,2,24939
2,1,1,1,9,2,44,1,N,2,18304
2,6,2,1,4,11,54,1,N,2,19133
1,1,4,2,8,3,24,1,N,2,20885
1,1,1,1,N,3,38,1,N,2,14403
1,6,1,1,9,4,21,1,N,2,22777
2,4,1,2,N,7,61,1,N,2,23297
1,1,1,1,8,N,11,1,N,2,16686
1,1,1,1,1,9,18,1,N,2,11571
1,6,5,2,5,4,66,1,N,2,9192
2,1,1,1,N,7,81,1,N,2,1692
1,6,1,1,4,5,11,1,N,2,13045
1,1,1,2,6,7,30,1,N,2,11748
2,4,1,1,N,7,44,1,N,2,12650
1,3,1,1,6,7,0,1,N,2,13543
2,6,1,2,9,7,32,1,N,2,18507
2,1,1,2,6,7,29,1,N,2,23169
2,6,1,1,3,3,24,1,N,2,26753
2,1,1,1,3,5,71,1,N,2,17887
1,6,2,2,0,6,65,1,N,2,22541
2,1,1,1,N,12,79,1,N,2,26402
1,1,1,1,8,7,71,1,N,2,25924
2,1,1,1,5,N,76,1,N,2,4403
2,6,2,2,2,9,29,1,N,2,27252
2,N,2,1,8,N,65,1,N,2,2579
1,6,1,2,5,6,27,1,N,2,20641
1,4,4,1,9,7,13,1,N,2,24939
2,6,2,1,2,7,8,1,N,2,12499
2,1,1,1,5,11,60,1,N,2,27252
2,1,1,1,0,7,48,1,N,2,22427
1,6,2,0,7,7,18,1,N,2,14582
2,1,2,1,8,7,65,1,N,2,7482
2,1,4,2,5,N,0,1,N,2,12169
2,1,1,2,0,2,21,1,N,2,12005
1,1,2,2,9,5,26,1,N,2,22339
1,1,1,1,5,7,48,1,N,2,20614
2,6,2,2,8,N,47,1,N,2,12850
2,1,1,2,9,3,29,1,N,2,21630
1,1,1,1,9,N,59,1,N,2,23231
1,1,1,2,2,4,79,2,N,2,14930
1,4,1,1,N,7,12,2,N,2,17745
2,1,8,2,2,11,65,1,N,2,15133
1,6,2,1,2,4,27,1,N,2,22740
2,6,2,2,3,7,46,1,N,2,17274
1,1,1,1,3,9,56,1,N,2,12318
1,1,1,1,7,7,26,1,N,2,26675
1,6,1,1,4,5,32,1,N,2,24939
1,4,1,2,9,7,63,1,N,2,23432
2,1,2,2,2,11,61,1,N,2,17808
1,3,1,1,4,3,62,1,N,2,17349
1,1,1,1,1,10,2,1,N,2,24939
2,6,1,1,2,12,0,1,N,2,3526
2,6,1,1,N,7,37,1,N,2,15883
2,6,1,1,7,N,22,1,N,2,25983
2,6,1,0,9,7,0,1,N,2,19947
2,4,1,1,8,7,69,1,N,2,24234
1,6,1,2,2,7,62,1,N,2,8203
2,6,1,1,N,7,88,1,N,2,5307
2,1,3,1,6,N,53,1,N,2,19671
1,6,1,2,9,6,29,1,N,2,12756
2,4,1,2,5,7,20,1,N,2,22905
1,1,1,1,8,7,34,1,N,2,21607
2,6,1,1,8,7,81,1,N,2,3871
2,6,3,1,2,5,32,1,N,2,10883
2,1,1,1,9,7,87,1,N,2,2504
1,1,1,1,N,3,81,1,N,2,20207
1,6,2,2,7,N,51,1,N,2,23113
1,1,1,1,N,N,49,1,N,2,24939
1,6,1,1,2,9,53,1,N,2,12776
2,6,1,1,0,7,58,1,N,2,13906
2,1,2,1,N,7,43,1,N,2,6876
2,1,1,0,N,N,75,1,N,2,19149
2,6,1,1,2,5,63,1,N,2,11577
1,1,2,1,9,6,22,1,N,2,22708
1,6,1,2,4,2,34,2,N,2,21857
2,4,1,2,3,5,16,1,N,2,20711
2,6,1,1,4,7,38,1,N,2,14791
1,3,1,1,8,5,24,1,N,2,20833
2,1,1,1,5,N,16,1,N,2,13342
2,1,2,1,3,7,37,1,N,2,10706
1,1,1,1,0,9,36,1,N,2,17639
2,1,1,1,8,7,29,1,N,2,18205
1,6,3,1,0,9,46,1,N,2,21642
1,N,2,2,2,6,64,1,N,2,1322
2,6,1,2,7,6,20,1,N,2,17046
2,1,1,1,8,7,52,1,N,2,19799
2,6,1,1,1,5,7,1,N,2,2625
1,1,1,1,8,3,72,1,N,2,23331
2,6,1,1,N,7,56,1,N,2,12370
1,6,1,1,N,7,17,1,N,2,20768
1,6,2,1,5,N,28,1,N,2,25480
2,1,2,1,N,N,29,1,N,2,13176
1,6,1,1,4,3,45,1,N,2,18516
1,2,1,1,9,N,81,1,N,2,13102
1,4,1,1,5,N,50,1,N,2,20870
1,6,1,2,8,6,43,1,N,2,10813
2,1,1,1,N,12,50,1,N,2,15578
2,1,1,2,0,5,83,1,N,2,7017
1,1,1,1,2,10,76,1,N,2,20504
1,1,1,1,7,7,0,1,N,2,24939
2,6,1,2,5,6,42,1,N,2,16352
2,1,1,1,8,11,58,1,1,2,17760
2,6,2,1,9,7,57,1,N,2,14890
1,1,1,1,7,7,61,1,N,2,10194
1,1,1,1,9,7,57,1,N,2,14027
1,2,1,1,4,6,23,1,N,2,10322
1,1,1,1,2,3,15,1,N,2,24461
2,1,1,2,5,6,7,1,N,2,14795
2,6,1,1,8,10,70,1,N,2,10897
1,6,1,1,1,11,71,1,N,2,24459
1,6,1,2,2,8,31,1,N,2,5012
2,6,1,1,4,5,1,1,N,2,17612
2,6,1,1,3,7,7,1,N,2,18124
1,3,1,1,N,N,47,1,N,2,14121
1,1,1,2,5,5,37,1,N,2,22575
2,6,6,2,8,2,34,1,N,2,3481
2,1,1,2,8,11,51,1,N,2,21542
2,1,1,1,6,7,57,1,N,2,21624
2,1,1,1,7,7,49,1,N,2,22082
1,6,1,1,6,5,35,1,N,2,21205
2,N,3,1,6,11,37,1,N,2,25295
1,6,1,2,6,7,59,1,N,2,19405
1,6,8,2,3,6,39,1,4,2,9837
1,3,1,1,6,N,11,1,N,2,27252
1,1,1,1,0,7,22,1,N,2,25170
1,1,1,1,0,6,64,1,N,2,17027
1,1,2,1,7,7,53,1,N,2,18424
2,1,2,1,7,4,48,1,N,2,18871
2,6,1,1,2,5,0,1,N,2,12911
2,6,1,2,3,7,35,1,N,2,12414
2,1,1,1,8,5,42,1,N,2,20215
2,1,2,1,N,3,37,1,N,2,20868
2,1,1,1,8,3,56,1,N,2,17700
2,1,2,1,0,1,71,1,N,2,2846
1,6,1,1,4,6,45,1,N,2,19861
1,6,5,1,3,4,46,3,N,2,14033
1,1,1,1,3,N,39,1,N,2,14666
1,4,1,1,6,4,14,1,N,2,18609
2,1,1,1,0,4,45,1,N,2,16708
2,1,1,1,9,7,23,1,N,2,23640
2,3,1,1,2,5,77,1,N,2,14966
1,5,1,1,7,N,94,1,N,2,4788
2,6,2,2,7,4,66,1,N,2,16042
1,4,1,2,0,5,81,1,N,2,7903
2,1,1,2,1,5,13,1,N,2,2505
1,6,1,2,8,N,6,1,N,2,18808
2,6,1,1,3,5,36,1,N,2,6923
1,2,6,2,5,9,15,1,N,2,13366
2,6,1,2,N,7,61,1,N,2,21012
1,1,1,2,8,3,48,1,N,2,20430
2,1,1,1,8,7,43,1,N,2,19776
2,6,2,2,0,5,17,1,N,2,21225
1,6,1,1,9,7,46,1,N,2,9912
2,6,1,2,8,6,16,1,N,2,9340
1,1,2,2,1,4,45,1,N,2,12274
2,1,1,1,0,9,18,1,N,2,24939
1,6,1,2,4,N,55,1,N,2,10834
1,1,1,1,7,7,16,1,N,2,5573
2,1,1,1,N,N,82,1,N,2,393
2,1,1,1,1,9,68,1,N,2,16699
2,1,1,0,6,N,52,1,N,2,27252
2,1,1,1,N,7,61,1,N,2,13838
1,1,1,1,7,7,17,1,N,2,24189
2,1,1,1,7,N,81,1,N,2,8002
2,6,2,1,1,N,33,1,N,2,24942
2,1,1,1,2,7,36,1,N,2,24719
2,1,4,1,7,7,72,1,N,2,12500
1,1,7,2,2,7,30,1,N,2,11051
2,1,1,1,2,7,72,1,N,2,6338
1,1,1,1,0,3,64,1,N,2,21601
2,1,1,1,6,N,77,1,N,2,27252
2,1,1,1,9,N,60,1,N,2,20844
2,5,1,2,N,N,45,1,N,2,7664
2,1,1,1,2,6,48,1,N,2,22271
1,1,1,2,2,12,71,3,N,2,25843
1,1,1,2,2,2,42,1,N,2,20664
1,4,1,1,3,3,39,1,N,2,23868
2,1,1,1,6,7,1,1,N,2,22704
2,6,2,2,2,4,61,1,N,2,11709
1,1,1,1,9,7,72,1,N,2,24724
2,6,9,2,0,3,45,1,N,2,2037
1,6,1,1,7,4,59,1,N,2,18245
1,6,1,2,2,7,30,1,N,2,14850
1,1,1,1,9,3,39,1,N,2,17133
2,1,1,1,N,7,54,1,N,2,5208
2,1,1,1,8,6,53,1,N,2,16573
1,6,1,1,7,8,27,1,N,2,1902
2,1,2,2,6,5,49,1,N,2,20010
1,6,2,1,9,7,22,1,N,2,9114
2,1,1,1,6,5,24,1,N,2,18247
2,1,1,2,9,7,62,1,N,2,2490
2,1,1,1,9,7,75,1,N,2,17489
2,3,8,1,4,7,41,1,N,2,14016
1,4,1,2,1,4,51,1,N,2,19418
2,6,2,1,9,7,31,1,N,2,9669
1,1,1,1,9,3,0,1,N,2,17260
2,4,1,1,6,N,67,1,N,2,22136
2,1,1,1,9,N,12,1,N,2,26474
2,6,1,2,N,7,63,1,N,2,20922
2,1,1,2,N,N,43,1,N,2,27252
2,6,2,2,6,7,0,1,N,2,13023
2,1,2,2,0,7,67,1,N,2,21352
1,1,2,2,0,N,34,1,N,2,14436
2,6,3,1,0,4,38,2,N,2,23690
2,1,6,1,8,5,33,1,N,2,14140
1,1,1,1,3,10,85,1,N,2,15730
2,1,1,1,9,N,58,1,N,2,15570
2,6,1,2,4,6,18,1,N,2,21236
1,6,1,1,8,7,26,1,N,2,21927
1,6,2,1,9,7,15,1,N,2,20500
1,6,3,0,7,5,0,2,N,2,11044
2,6,1,1,7,5,67,1,N,2,13761
1,1,1,1,9,7,88,1,N,2,13741
1,1,1,1,3,2,2,1,N,2,12912
2,3,1,1,9,7,3,1,N,2,24939
2,3,1,2,2,5,0,1,N,1,5956
2,6,1,2,0,7,18,1,N,2,13912
1,1,1,1,7,4,60,1,N,2,21845
2,1,1,1,6,7,48,1,N,2,21800
2,1,1,2,2,7,35,1,N,2,24939
2,1,1,1,8,7,37,1,N,2,21865
2,1,1,1,N,3,59,1,N,2,19813
2,6,2,2,6,4,28,1,N,2,13606
2,6,1,1,4,2,0,1,N,2,18945
1,1,1,1,N,12,55,1,N,1,14987
2,6,1,1,3,7,9,1,N,2,22366
2,1,7,1,1,N,43,1,N,2,17076
2,1,1,1,7,6,44,1,N,2,9939
2,1,1,1,5,2,51,1,N,2,6611
1,6,2,1,3,6,27,1,N,2,12162
1,3,1,2,8,2,29,1,N,2,25265
1,1,1,1,N,7,14,1,N,2,22017
2,6,1,1,9,6,72,1,5,2,15142
2,1,8,2,7,N,54,1,N,2,24925
1,1,1,1,9,N,68,1,N,2,12775
1,6,1,2,N,9,19,1,N,1,26129
2,6,2,2,9,7,43,1,N,2,20377
1,1,2,2,3,12,39,1,N,2,25234
2,1,1,1,9,12,54,1,N,2,22033
1,6,1,2,N,7,35,1,N,2,8230
2,6,1,1,0,6,50,1,N,2,14951
2,1,1,1,2,N,66,1,N,2,27252
2,4,1,1,3,8,33,1,N,2,21062
2,4,1,1,2,5,23,1,N,2,26354
2,1,1,1,2,2,60,1,N,2,26259
1,1,2,1,5,7,48,1,N,2,7994
2,6,5,2,0,7,43,1,N,2,15724
2,1,1,1,9,N,68,1,N,2,22956
2,6,1,2,5,3,41,1,N,2,17261
2,1,1,1,1,8,59,1,N,2,15286
1,6,1,2,9,6,29,1,N,2,19808
2,1,2,1,8,2,49,1,N,2,20033
2,4,1,1,8,6,27,1,N,2,3545
1,1,1,1,0,2,21,1,N,2,21327
2,6,2,1,0,4,4,1,N,2,10700
2,3,2,1,N,7,45,1,N,2,17249
2,6,1,2,2,5,14,1,N,2,12013
1,6,1,1,9,N,39,1,N,2,14199
2,6,1,1,8,6,50,1,N,2,19685
1,6,1,1,2,5,31,1,N,2,16579
2,1,1,1,3,7,93,1,N,2,3737
1,6,1,2,1,6,37,1,N,2,13417
1,6,1,2,1,9,35,1,N,2,12995
1,6,1,1,8,7,16,1,N,2,21639
2,6,2,2,3,7,0,1,N,2,4040
1,1,2,2,9,9,91,1,N,2,15871
2,6,1,2,8,7,59,1,N,2,9735
2,1,1,1,3,7,37,1,N,2,11718
2,1,1,1,2,4,57,1,N,2,12744
2,1,2,1,3,2,0,1,N,2,19631
1,1,1,1,6,9,85,1,N,2,4030
2,6,1,1,3,7,49,1,3,2,12384
1,1,1,1,0,7,72,1,N,2,20968
1,6,1,2,2,7,13,1,N,2,20492
2,1,1,1,6,N,72,1,N,2,10447
2,1,1,1,4,9,68,1,N,2,17442
2,1,1,2,3,6,58,2,N,2,15341
2,6,2,2,9,5,42,1,N,2,9328
1,1,1,1,8,N,76,1,N,2,13068
1,6,6,2,5,5,25,1,N,2,19512
2,1,1,1,9,3,59,1,N,2,19254
2,6,2,0,2,6,38,1,N,2,14907
1,1,1,2,2,5,61,1,N,2,2191
1,1,1,2,3,9,36,1,N,2,7376
1,6,1,2,4,7,26,1,N,2,15556
2,6,1,2,5,7,41,1,N,2,16034
2,1,1,1,8,7,10,1,N,2,20820
2,1,1,1,1,N,45,1,N,2,14652
1,6,1,1,8,11,64,1,N,2,19319
2,4,1,1,6,N,0,1,N,1,20499
2,1,1,1,N,7,65,1,N,2,24598
1,6,1,2,1,6,2,1,N,2,20263
1,1,1,1,8,9,75,1,N,2,11762
1,1,1,1,N,7,54,1,N,2,20878
2,1,1,1,2,6,10,1,N,2,22962
1,1,1,1,4,7,68,1,N,2,16607
2,6,2,1,0,11,76,1,N,2,17054
2,1,1,1,0,7,15,1,N,2,8190
2,6,1,1,0,3,77,1,N,2,13117
1,1,1,1,4,7,8,1,N,2,21222
2,4,2,2,N,7,8,1,N,2,19787
2,3,2,1,N,3,77,1,N,2,19784
2,6,1,1,N,7,21,1,N,2,17376
2,4,1,1,6,7,63,1,N,2,7793
2,1,2,2,5,N,58,1,N,2,16423
1,1,1,1,2,3,69,1,N,2,17861
1,1,1,1,3,7,55,1,N,2,26375
1,1,1,1,5,4,48,1,N,2,25629
2,6,1,2,2,7,24,1,N,2,22788
2,1,1,1,2,9,35,1,N,2,0
2,1,1,1,4,11,27,1,N,2,22257
2,2,1,1,2,6,37,1,N,2,20239
2,1,1,1,5,7,35,1,N,2,15333
2,6,1,1,2,N,41,2,N,2,22194
2,1,1,1,9,7,95,1,N,2,16502
1,6,1,1,1,7,41,1,N,2,12883
2,6,6,2,4,7,17,1,N,2,20610
2,3,6,1,9,11,21,1,N,2,10882
2,1,1,1,7,6,19,1,N,2,6611
1,1,1,1,4,N,80,1,N,2,8707
1,6,8,2,N,4,24,1,N,2,3549
1,6,1,1,2,6,19,1,N,2,23753
2,1,1,1,N,N,93,1,N,2,24112
1,6,8,2,2,7,45,1,N,2,12989
2,1,1,1,6,3,39,1,N,2,1489
2,1,1,1,5,6,78,1,N,2,1201
2,6,1,1,5,6,21,1,N,2,14212
1,5,1,1,9,N,76,1,N,2,21744
1,1,1,1,3,5,45,1,N,2,27252
1,6,1,2,3,6,32,1,N,2,20093
2,6,1,1,N,7,31,1,N,2,4858
1,1,1,1,5,N,75,1,N,2,16082
1,1,1,2,6,7,25,1,N,2,22677
2,6,1,1,5,N,58,1,N,2,4832
1,1,1,1,8,N,9,1,N,2,20226
1,1,6,2,2,8,17,1,N,2,18819
2,1,1,1,4,7,50,1,N,2,14071
2,6,1,1,0,5,0,1,N,2,19043
1,6,1,1,N,7,43,1,N,2,3809
2,1,1,1,0,10,25,1,N,2,24436
2,6,2,1,4,11,0,1,N,2,17141
1,2,1,2,0,3,88,1,N,2,20370
2,6,2,1,0,7,20,1,N,2,21594
2,1,1,1,N,3,23,1,N,2,22812
2,6,1,1,2,6,22,1,N,2,22509
1,1,2,1,3,3,55,1,N,2,186
2,1,1,1,8,7,45,1,N,2,26421
2,4,1,2,N,7,63,1,N,2,15956
1,6,1,1,3,7,18,1,N,2,24665
2,1,1,0,N,3,61,1,N,2,9883
1,1,2,2,N,N,52,1,N,2,16424
2,1,2,2,4,7,5,1,N,2,17381
2,1,2,1,3,9,46,1,N,2,23188
2,6,1,2,0,6,68,1,N,2,17117
2,6,1,1,7,7,29,1,N,2,24333
2,6,1,2,8,6,65,1,N,2,20571
1,6,1,2,9,7,9,1,N,2,20944
2,6,2,0,9,7,50,1,N,2,9906
2,6,1,1,4,11,21,1,N,2,9786
1,6,1,1,8,7,40,1,N,2,17498
1,1,1,1,6,N,46,1,N,2,4259
2,1,1,1,7,3,63,1,N,2,16813
1,6,1,1,N,7,52,1,N,2,24939
1,1,2,1,6,N,53,1,N,2,16438
2,6,6,1,1,3,26,1,2,2,21962
1,1,1,1,7,7,58,1,N,2,21957
1,1,1,1,7,N,61,1,N,2,19973
1,1,1,1,N,7,9,1,N,2,17906
2,6,1,2,9,6,67,1,N,2,14838
1,1,1,1,N,N,48,1,N,2,21255
2,6,1,2,6,6,21,1,N,2,27252
2,1,1,1,7,7,31,1,N,2,21640
2,1,1,1,3,7,52,1,N,2,16146
2,1,1,1,8,N,31,1,N,2,17773
1,6,2,1,9,7,67,1,3,2,11759
2,1,1,2,5,N,54,1,N,2,24813
2,1,2,1,8,7,33,1,N,1,13158
2,4,1,2,8,7,42,3,N,2,19134
2,6,1,2,8,N,38,1,N,2,22894
2,6,2,2,5,10,16,1,N,2,19233
2,1,5,1,8,7,64,1,N,2,12886
1,1,1,1,9,7,0,1,N,2,24610
2,4,1,1,8,10,17,1,N,1,12861
2,1,7,2,7,11,81,1,N,2,2734
2,6,1,1,3,2,42,1,N,2,8803
1,6,1,2,3,7,22,1,N,2,18751
2,1,1,1,7,5,63,1,N,2,18186
1,6,2,2,7,7,51,1,N,2,17478
1,3,1,2,2,4,46,1,N,2,7420
2,1,1,1,3,7,43,1,N,2,22079
2,6,1,1,6,7,20,1,N,2,19283
2,6,1,1,9,7,28,1,N,2,13358
1,6,2,1,N,7,34,1,N,2,25200
2,6,1,1,2,1,28,1,N,2,7272
1,1,1,1,5,N,69,1,N,2,18882
1,6,2,1,2,5,68,1,N,2,7630
2,4,1,1,8,N,40,1,N,2,19820
2,4,1,2,0,7,18,1,N,2,21190
2,1,1,1,N,N,55,1,N,2,26966
2,1,1,2,0,4,26,1,N,2,18794
2,6,1,1,8,N,61,1,N,2,3205
1,1,1,1,N,N,53,1,N,2,24939
1,1,1,1,4,7,30,1,N,2,13335
2,6,1,2,3,6,95,1,N,2,14464
2,6,1,2,6,N,42,1,N,2,11662
1,1,2,2,9,9,74,1,N,2,17375
1,6,1,2,N,7,54,1,N,2,10036
1,6,1,1,1,5,9,1,N,2,15480
2,6,2,1,6,6,42,1,N,2,15722
1,6,9,0,9,7,22,1,N,2,20846
2,1,1,1,N,N,68,1,N,2,27065
2,1,1,1,9,7,63,1,N,2,14627
1,3,1,1,9,9,54,1,N,2,20952
1,4,1,1,3,8,60,1,N,2,5169
2,6,1,2,9,11,62,1,N,2,4490
1,5,9,1,3,4,37,1,N,2,16688
1,1,1,1,5,N,84,1,N,2,389
2,1,1,1,N,7,16,1,N,2,27252
2,1,1,1,N,N,66,1,N,2,26058
2,1,2,1,8,N,64,1,N,2,14029
2,1,1,2,3,7,35,1,N,2,17077
2,1,1,2,3,7,47,1,N,2,11695
2,1,1,1,N,3,66,1,N,2,25661
1,1,1,2,6,5,2,1,N,2,15465
2,1,1,1,5,3,28,1,N,2,12681
2,1,1,1,7,12,66,1,N,2,18942
2,4,1,0,6,6,10,1,N,2,22457
2,3,1,1,7,7,91,1,N,2,20608
1,1,1,1,7,7,22,1,N,2,13129
1,1,1,1,8,7,24,1,N,2,25729
2,6,2,0,0,6,35,1,N,2,20860
2,4,1,1,7,4,26,1,N,2,22641
2,6,1,1,2,5,0,1,N,2,22553
1,6,1,2,7,9,28,1,N,2,10604
2,6,1,2,1,7,28,1,N,2,19554
1,6,2,1,6,5,25,1,N,2,10648
2,1,1,1,7,12,31,1,N,2,3758
2,6,1,1,8,5,59,1,N,2,8144
1,3,1,1,0,1,74,1,N,2,15390
1,1,1,0,1,12,24,1,N,2,17391
1,1,1,1,9,6,70,1,N,2,11163
1,6,1,2,4,5,12,1,N,2,18234
2,1,1,1,4,N,71,1,N,2,5968
1,1,1,1,6,2,44,1,N,2,19603
2,1,2,2,8,N,32,1,N,2,17773
1,6,1,2,1,3,69,1,N,2,13622
1,6,1,1,6,9,0,1,N,1,27252
2,1,1,1,9,6,71,1,N,2,17910
1,1,1,2,N,12,42,1,N,2,16232
1,6,9,2,2,6,31,1,N,2,4238
1,6,2,1,3,7,0,1,N,2,14306
1,6,1,2,9,6,25,1,N,2,7540
2,6,1,1,2,N,47,1,N,2,16628
1,6,1,2,9,7,23,1,N,2,11296
2,1,1,1,6,2,57,1,N,2,25831
2,6,1,2,N,7,75,1,N,2,14856
1,1,1,1,5,7,39,1,N,2,18155
2,1,3,1,3,9,17,1,N,2,21153
2,6,1,1,5,7,67,1,N,2,19464
2,6,1,2,6,7,47,1,N,2,5497
2,4,1,1,7,3,15,1,N,2,19175
1,1,1,1,3,9,21,1,N,2,7291
2,1,8,1,3,11,73,1,N,2,22403
1,3,2,2,0,4,53,1,N,2,23095
2,1,1,2,5,4,36,1,N,2,24341
2,N,2,2,1,5,25,1,N,2,15436
2,6,1,2,1,5,32,1,N,2,12183
1,1,1,1,2,7,93,1,N,2,15485
1,6,2,2,7,8,30,1,N,2,24251
2,6,1,0,8,5,8,1,N,2,20688
1,1,1,2,6,4,41,1,N,2,6523
2,1,1,1,9,7,74,1,N,2,9069
2,6,1,1,9,3,48,1,N,2,3250
1,6,8,1,4,N,28,1,N,2,5108
2,1,2,2,1,5,19,1,N,2,19426
2,6,1,2,5,7,30,1,N,2,21865
2,1,1,1,N,3,45,1,N,2,18330
2,1,1,1,0,7,58,1,N,2,23087
2,1,1,2,0,6,70,1,N,2,12545
2,1,1,1,N,7,77,1,N,2,7121
1,1,1,2,4,7,85,1,N,2,15064
1,1,5,1,9,7,54,1,N,2,14334
2,6,1,2,0,6,0,1,3,2,10482
2,1,1,1,8,6,22,1,N,2,12524
2,6,1,2,0,7,0,1,N,2,5715
2,1,1,1,3,9,19,1,N,2,12452
1,1,1,1,7,9,61,1,N,2,15639
1,N,2,1,8,5,29,1,N,2,16470
2,1,1,1,2,3,78,1,N,2,4961
1,1,1,1,2,2,56,1,N,2,9910
1,1,1,2,0,4,14,1,N,2,10214
1,4,1,1,N,3,20,1,N,2,27252
1,6,1,1,3,4,67,1,N,2,9629
2,1,1,1,7,7,54,1,N,2,11913
1,5,9,1,9,3,85,1,N,2,13455
2,6,8,2,0,6,0,1,N,2,14157
1,1,1,1,8,2,86,1,N,2,27091
2,1,1,1,8,7,49,1,N,2,12760
2,6,2,0,7,N,30,1,N,2,14873
1,1,2,1,3,7,64,1,N,2,21362
2,1,1,1,0,8,54,1,N,2,19797
1,6,1,2,8,7,7,1,N,2,21921
1,4,1,1,N,7,53,1,N,2,11360
2,1,1,1,0,9,60,1,N,2,8537
1,6,6,1,6,6,57,1,N,2,12804
1,1,1,1,N,N,69,1,N,2,15611
1,6,7,2,8,5,16,1,N,2,20428
1,1,1,1,2,N,72,1,N,2,17783
1,6,2,0,0,6,15,1,N,2,21766
2,6,1,2,2,6,58,1,N,1,3893
2,N,1,2,N,9,19,1,N,2,24939
1,1,1,1,3,2,41,1,N,2,24045
2,1,1,2,9,7,24,1,N,2,8696
2,1,1,1,2,7,38,1,N,2,22254
2,6,2,1,3,3,13,1,N,2,6706
1,4,1,0,9,N,73,1,N,2,20551
1,6,2,1,9,7,19,1,N,2,11238
2,6,2,2,5,9,28,1,N,2,11729
1,1,1,2,8,7,27,1,N,2,23169
2,1,1,1,3,7,28,1,N,2,21269
1,6,1,0,1,7,46,1,N,2,19947
2,1,1,1,N,N,60,1,N,2,19977
2,6,1,2,N,7,42,1,N,2,24295
2,3,3,2,4,7,47,1,N,2,22567
1,6,1,1,7,N,53,1,N,2,3710
1,1,1,1,8,11,52,1,N,2,7639
2,6,1,1,5,6,29,1,N,2,14257
2,1,1,1,N,N,69,1,N,2,19253
1,6,1,2,2,7,49,1,N,2,18142
2,1,1,1,0,9,56,1,N,2,23414
1,6,1,2,N,6,26,1,N,2,12131
2,4,1,1,0,7,7,1,2,2,27252
2,6,1,2,4,4,24,1,1,2,16625
1,1,1,1,6,3,93,1,N,2,17266
1,1,1,1,4,10,36,1,N,2,17802
1,6,1,2,N,7,20,1,N,2,24477
2,6,8,2,0,7,1,1,N,2,15976
1,1,1,2,4,7,11,1,N,2,18948
2,6,1,2,7,5,28,3,N,2,14017
2,6,2,1,0,7,62,1,N,2,13943
2,6,1,1,2,3,43,1,N,2,12772
2,6,2,1,6,5,25,1,N,2,15504
2,4,1,2,7,5,78,1,N,2,13981
1,4,2,2,6,5,59,1,N,2,19428
2,6,1,1,7,N,49,1,N,2,20470
2,1,1,2,9,N,27,1,N,2,8840
1,1,2,1,6,4,61,1,N,1,10935
1,1,1,2,8,6,9,1,N,2,22736
2,6,1,1,2,4,31,1,N,2,17092
1,1,1,1,7,3,58,1,N,2,25002
2,6,2,0,6,5,20,1,N,1,20493
1,6,1,2,0,7,1,1,N,2,2893
1,3,2,1,2,6,40,1,N,2,9424
2,1,1,1,8,N,70,1,N,2,21595
1,6,2,2,4,N,38,1,N,2,12669
2,1,1,1,8,12,42,1,N,2,22965
1,1,1,1,9,N,33,1,N,2,24939
2,4,1,2,3,5,1,1,N,2,24423
2,6,1,1,8,7,42,1,N,2,1480
2,4,1,1,8,7,42,1,N,2,21729
2,1,1,2,4,7,52,2,N,2,14596
1,6,1,1,2,5,28,1,2,2,10926
1,1,1,1,7,12,70,1,N,2,7954
1,6,1,2,3,7,29,1,N,2,23449
2,1,1,2,7,6,49,1,N,2,16840
1,1,1,1,5,6,89,1,N,2,11733
2,2,2,0,0,5,70,1,N,2,14406
1,1,1,1,0,5,66,1,N,2,17957
1,1,1,1,N,N,28,1,N,2,13782
2,6,2,2,7,7,20,1,N,2,7959
2,1,1,1,N,7,61,1,N,2,25075
2,6,1,1,0,N,36,1,N,2,11322
1,6,1,1,5,7,25,1,N,2,18502
2,2,1,1,2,9,50,1,N,2,2078
1,1,1,1,N,7,55,1,N,2,10195
1,1,1,1,8,3,55,1,N,2,25032
2,1,1,1,N,7,38,1,N,2,20953
2,6,1,1,7,10,63,1,N,2,23116
1,1,2,1,3,10,41,1,N,2,22493
2,1,1,1,7,7,45,3,N,2,13145
2,6,1,1,7,7,54,3,N,2,20071
2,1,1,1,3,7,27,1,N,2,24939
2,4,1,2,4,7,27,1,N,2,7820
2,1,2,2,4,7,49,2,N,2,26444
2,6,2,2,0,5,13,1,N,2,6095
1,1,2,1,8,10,43,1,N,2,562
2,1,2,1,3,4,58,1,N,2,372
2,6,2,1,0,3,47,1,N,2,22013
2,6,2,2,5,6,30,1,N,2,25285
2,1,2,2,3,7,13,1,N,2,17646
2,5,1,1,7,7,33,1,N,2,23179
2,6,1,2,5,N,29,1,N,2,14605
2,6,1,2,0,6,33,2,N,2,838
2,6,1,2,N,7,4,1,N,2,23236
1,6,1,1,5,11,86,1,N,2,4440
2,6,1,1,6,6,0,1,N,2,11332
2,6,1,2,2,6,37,1,N,2,16263
2,4,1,1,6,6,13,1,N,2,12212
1,1,1,1,8,7,49,1,N,2,27252
1,6,1,2,0,7,0,1,N,2,23114
2,1,1,1,4,6,37,1,N,2,20066
2,1,1,1,0,4,47,1,N,2,19648
1,1,2,2,7,12,45,1,N,2,20171
1,1,1,1,2,2,49,1,N,2,1850
1,6,1,2,4,6,19,1,N,2,22342
2,6,1,2,1,3,12,1,N,2,6834
2,1,1,2,8,3,27,1,N,2,23802
2,1,1,1,0,6,1,1,N,2,22061
1,1,1,1,4,7,52,1,5,2,19803
2,6,2,2,4,N,18,1,N,2,9318
2,6,1,0,0,7,20,1,N,2,5784
2,6,1,2,0,5,3,1,N,2,13452
1,6,1,1,6,8,23,1,N,2,15210
2,1,1,1,9,7,11,1,N,2,22968
1,1,3,1,0,7,34,1,N,2,25272
2,1,1,2,4,6,32,1,N,2,18812
1,4,1,1,5,3,28,1,N,2,21747
1,4,1,2,N,6,66,1,N,2,12506
2,6,1,1,N,N,72,1,N,2,13952
2,4,1,2,8,7,31,1,N,2,10980
2,6,1,2,1,9,25,1,N,2,3795
1,6,1,1,0,4,69,1,N,2,21223
2,1,2,1,9,7,51,1,N,2,27252
2,6,8,2,0,7,34,1,N,2,14062
2,4,2,1,7,10,79,1,N,1,14915
1,1,1,1,0,4,34,1,N,2,16691
2,6,1,1,2,7,49,1,N,2,27252
2,2,1,1,0,1,35,1,N,2,20394
2,6,2,2,7,7,24,1,N,2,1421
2,3,2,1,9,1,29,1,N,2,16000
1,6,1,1,5,N,33,1,N,2,11507
2,6,1,1,5,6,65,1,N,2,9525
1,5,1,1,2,7,28,1,1,2,27252
1,1,1,1,N,N,74,1,N,2,24399
2,1,1,2,2,9,0,1,N,2,19453
1,1,1,1,6,N,69,1,N,2,16060
1,4,1,1,7,N,51,1,N,2,27252
2,1,4,1,3,N,13,1,N,2,12735
2,1,1,1,8,N,39,1,N,2,15997
2,3,1,2,5,3,49,2,N,2,17907
2,6,1,1,9,5,87,1,N,2,15571
2,6,1,1,3,N,95,1,N,2,18706
1,1,2,1,3,6,27,1,N,2,17630
2,6,1,2,5,N,18,1,N,2,5984
2,1,1,1,N,3,71,1,N,2,24560
2,3,1,2,0,12,5,1,N,2,24189
1,6,8,1,1,4,44,1,N,2,18309
1,6,1,2,N,6,73,1,N,2,24326
1,6,1,1,9,7,51,1,N,2,14249
1,1,1,1,4,6,44,1,N,2,19826
2,6,1,2,8,7,21,1,N,2,5821
1,6,8,1,0,11,56,1,N,2,18781
1,6,1,2,9,12,20,1,N,2,22736
2,6,1,2,0,5,63,2,N,2,27252
2,6,2,1,3,7,45,1,N,2,8522
2,4,1,1,N,N,77,1,N,2,17195
2,6,1,2,4,7,49,1,N,2,10554
2,6,2,1,2,7,36,1,N,2,6530
2,6,2,2,7,8,68,1,N,2,14764
1,6,1,1,4,4,40,1,N,2,469
2,1,1,1,2,5,79,1,N,2,22207
1,6,1,2,6,7,56,1,N,2,19684
1,6,7,1,8,6,65,1,N,2,8347
1,1,1,1,6,3,45,1,N,2,23286
2,1,1,2,N,11,62,1,N,2,22857
1,6,1,2,0,7,35,1,N,2,24960
2,1,1,2,3,4,12,1,N,2,20043
2,1,2,1,4,7,71,1,N,2,10253
1,1,1,1,4,2,88,1,N,2,17558
1,1,1,1,3,8,68,1,N,2,19851
1,6,3,2,2,5,23,1,N,1,14152
2,3,2,1,2,6,37,1,N,2,18831
2,6,2,2,4,6,54,1,N,2,14713
1,1,1,1,9,11,86,1,N,2,22059
1,1,1,1,8,4,59,1,N,2,9952
2,6,1,2,0,5,42,1,N,2,8883
1,1,1,1,N,7,2,1,N,2,14474
2,1,1,2,8,N,48,1,5,2,17937
2,1,2,1,N,3,81,1,N,2,11970
2,1,1,1,8,5,64,1,N,2,11214
1,3,9,1,3,9,42,1,N,2,13059
2,1,1,1,N,7,32,1,N,2,25748
2,6,1,1,N,7,70,1,N,2,19246
2,1,1,1,2,9,0,1,N,2,16425
1,1,2,0,8,5,42,1,N,1,16446
2,6,1,2,2,4,25,1,N,2,15083
2,1,1,2,3,7,31,1,N,2,15618
1,3,1,1,9,7,68,1,N,2,5964
1,4,5,1,3,9,34,1,N,2,4374
1,1,1,1,4,N,59,1,N,2,18183
2,6,1,2,3,4,75,1,N,2,11418
2,6,1,2,3,3,69,1,N,2,7220
1,6,1,1,N,7,61,1,N,2,1687
2,1,5,2,7,7,32,1,N,2,22323
2,6,1,2,0,9,0,1,N,2,24220
1,1,6,1,4,6,64,1,N,2,16614
2,1,1,1,6,3,43,1,N,2,24249
2,1,1,1,1,11,17,1,N,2,17292
2,1,1,2,6,7,64,1,N,2,12400
2,1,1,1,7,N,63,1,N,2,16050
2,6,2,2,4,7,21,1,N,2,12759
1,1,1,1,8,3,17,1,N,2,24939
2,1,1,2,N,7,83,1,N,2,17260
2,4,9,2,1,5,47,3,N,2,3093
1,1,5,2,6,4,22,1,N,2,20867
2,1,1,1,6,7,83,1,N,2,23342
2,6,1,2,2,5,49,1,N,2,17210
2,6,1,1,8,7,75,1,N,2,26334
2,3,1,1,N,7,40,1,N,2,14899
2,1,1,1,8,N,73,1,N,2,17472
1,4,9,1,3,5,54,1,N,2,12791
2,6,1,1,3,4,22,1,N,2,20612
1,6,2,1,0,6,31,1,N,2,8915
2,1,1,2,3,7,21,1,N,2,27252
2,1,1,1,6,5,72,1,N,2,23164
2,1,9,0,2,9,15,1,N,2,20678
2,1,1,1,6,N,38,1,N,2,23808
2,6,1,2,7,5,61,1,N,2,6118
1,6,1,2,8,9,81,1,N,2,14722
1,1,1,2,6,10,64,1,N,2,23903
1,1,1,1,0,N,60,1,N,2,20903
1,4,1,1,N,7,68,1,N,2,11916
1,1,1,1,2,7,5,1,N,2,24939
2,6,1,1,9,7,31,1,N,2,15926
1,1,1,1,3,N,66,1,N,2,19392
2,6,1,1,3,7,24,1,N,2,3793
2,1,1,1,8,7,52,1,N,2,22198
2,1,1,1,6,N,24,1,N,2,26778
2,6,2,2,4,5,11,1,N,2,26933
2,6,1,1,1,7,0,1,N,2,24939
1,6,1,1,2,5,75,1,N,2,14730
1,6,3,0,3,6,0,1,N,2,16886
2,6,1,1,2,5,35,1,N,2,20684
2,4,8,1,8,5,47,1,N,2,16064
1,6,1,1,N,7,79,1,N,2,16589
1,1,3,1,8,6,36,1,N,2,10803
2,1,1,1,8,N,35,1,N,2,22730
1,1,1,1,9,N,53,1,N,2,22994
1,4,1,1,5,N,10,1,N,2,11618
2,6,1,1,5,5,21,1,N,2,22784
1,1,1,1,7,6,62,1,N,2,25275
1,1,1,1,0,3,40,1,N,2,16993
1,1,2,1,3,7,42,1,N,2,20291
2,6,1,1,0,7,14,1,N,2,17096
2,6,1,1,7,N,54,1,N,2,17588
2,1,2,2,6,5,33,1,N,2,13061
2,1,1,1,N,7,57,1,N,2,25581
2,6,1,1,4,7,25,1,N,2,14156
1,3,7,2,3,7,34,1,N,2,20724
2,6,2,2,5,4,43,2,N,2,22388
2,6,1,2,7,9,8,1,N,2,21055
2,3,1,1,N,7,29,1,N,2,15981
1,1,1,1,4,7,42,1,N,2,13622
2,1,4,1,N,7,4,1,N,2,4973
2,1,3,1,9,N,71,1,N,2,1825
2,1,1,1,8,N,21,1,N,2,21244
2,1,1,1,7,2,65,1,N,2,23039
2,6,1,2,8,7,66,1,N,2,11636
1,1,2,2,N,7,32,1,N,2,26084
2,6,1,2,8,9,61,1,N,2,17690
1,1,1,1,0,5,61,1,N,2,13714
1,6,1,2,2,N,18,1,N,2,17766
2,3,1,1,2,8,52,1,N,2,11257
1,6,1,0,6,7,44,1,N,2,18878
1,6,1,1,0,2,36,1,N,2,26403
2,6,1,2,0,7,21,1,N,2,21871
2,1,1,1,5,7,85,1,N,2,9285
2,1,3,1,3,1,50,1,N,2,27252
1,6,2,2,8,2,4,1,N,2,18543
2,1,1,1,3,9,52,1,N,2,10933
1,6,1,1,8,7,36,1,N,2,16893
1,4,1,1,4,7,36,1,N,2,25097
1,1,1,2,N,N,29,1,N,2,22270
2,6,1,1,4,7,60,1,N,2,4977
1,1,1,1,8,N,25,1,N,2,13026
2,1,1,2,3,6,69,1,N,2,6336
1,6,1,2,7,7,25,1,N,2,25783
2,6,1,1,1,5,50,1,N,2,12188
2,1,1,2,9,7,50,1,N,2,9097
1,6,1,2,7,6,44,1,N,2,22068
1,1,1,1,N,N,49,1,N,2,22238
2,1,2,1,3,3,52,1,6,2,3706
2,6,1,2,9,3,42,1,N,2,19779
1,1,1,1,N,7,53,1,N,2,24665
2,1,1,1,N,6,95,1,N,2,16116
2,1,1,1,0,9,70,1,N,2,12377
1,6,1,1,3,7,58,1,N,2,18414
1,1,1,1,3,6,0,1,N,2,24326
2,6,1,1,6,N,61,1,N,2,15229
2,6,1,0,4,6,57,1,N,2,4750
2,6,1,2,3,7,10,1,N,2,0
2,4,1,1,8,7,41,1,4,2,7058
1,5,1,1,9,4,86,1,N,2,8857
2,1,1,1,2,N,33,1,N,2,23207
1,4,1,1,7,N,34,1,N,2,5509
1,1,1,1,8,9,39,1,N,2,13828
2,6,1,1,8,7,92,1,N,1,22661
2,6,1,2,4,7,48,1,N,2,27252
2,1,1,2,5,4,43,1,N,2,25857
2,1,1,1,8,7,42,1,N,2,12627
1,1,1,1,8,6,60,1,N,2,16814
1,6,1,1,9,7,10,1,N,2,11934
2,6,2,2,3,N,35,1,N,2,1480
2,6,1,2,4,7,38,1,N,2,14376
2,1,1,1,1,7,59,1,N,2,26357
1,1,1,1,4,7,34,1,N,2,24939
2,6,1,1,3,7,72,1,N,2,6774
2,1,4,2,1,9,75,1,N,2,25328
2,6,1,1,6,6,25,1,N,2,12841
2,6,1,0,4,12,74,1,N,2,23140
2,1,1,1,7,9,78,1,N,2,13279
2,1,1,1,1,7,63,1,N,2,9251
1,3,1,1,6,7,31,1,N,2,13782
2,6,1,2,5,7,58,1,N,2,7940
1,4,1,1,2,2,16,1,N,2,13490
1,6,1,1,N,7,50,1,N,2,27078
1,6,2,1,6,6,50,1,N,2,14334
2,1,1,1,8,7,52,1,N,2,0
2,1,1,1,8,7,57,1,N,2,27252
2,1,1,2,0,3,8,1,N,2,27252
2,3,1,2,N,7,41,1,N,2,14821
1,1,1,1,5,N,45,1,N,2,7494
1,1,1,1,3,6,29,1,N,2,7678
1,1,1,1,N,3,82,1,N,2,16660
2,6,2,2,8,N,28,1,N,2,24868
2,6,1,1,2,4,6,1,N,2,18343
2,1,1,1,7,7,49,1,N,2,4952
1,6,1,1,4,6,66,1,N,2,11589
1,1,1,2,4,7,49,1,N,2,16829
2,1,1,1,8,7,74,1,N,2,21838
2,6,1,1,4,7,49,1,N,2,15035
2,6,1,2,9,6,68,1,N,2,17917
2,6,1,1,0,3,0,1,N,2,16720
1,6,2,2,1,3,59,1,N,2,22923
2,6,1,2,4,N,63,1,N,2,20235
2,6,1,0,9,N,59,1,N,2,17269
1,1,1,2,N,7,62,1,N,2,12253
2,1,6,2,2,9,30,1,N,2,2489
2,6,1,1,5,N,40,1,N,2,12826
2,6,1,1,3,7,26,1,N,2,25789
2,6,1,2,N,N,60,1,N,2,25069
1,6,2,1,0,1,10,1,N,2,22141
1,1,1,1,7,12,25,1,N,2,27252
1,1,1,2,0,11,50,1,N,2,12413
2,1,2,1,N,7,63,1,N,2,23322
2,6,1,1,9,7,35,1,N,2,27252
1,1,1,1,2,8,35,1,N,2,20478
1,1,1,1,5,7,76,1,N,2,18501
2,6,1,2,N,N,36,1,N,2,26699
2,1,1,1,2,N,59,1,N,2,15934
2,1,1,1,9,N,73,1,N,2,17178
1,1,7,1,0,7,47,1,N,2,24378
2,1,1,1,6,7,1,1,N,2,24939
2,1,7,1,3,11,18,1,N,2,10086
2,1,1,1,5,2,51,1,N,2,16456
2,1,1,1,9,5,80,1,N,2,17604
2,1,1,1,2,10,73,1,N,2,0
1,1,1,2,8,7,26,1,N,2,22672
1,6,1,1,7,2,33,1,N,2,0
2,4,2,1,6,12,67,1,N,2,19445
2,1,1,1,2,7,54,1,N,2,27252
1,6,1,2,2,7,27,1,N,2,20451
2,1,1,2,7,7,58,1,N,2,18875
2,6,2,2,N,5,24,1,N,2,5939
2,1,1,1,6,2,66,1,N,2,21581
1,6,1,1,3,7,69,1,N,2,8912
2,1,1,1,N,7,35,1,N,2,23172
2,1,1,1,N,N,89,1,N,2,21034
2,6,1,1,N,7,21,1,N,2,27252
2,1,2,2,2,9,35,1,N,2,10090
2,4,6,2,9,5,69,1,N,2,21110
2,1,1,1,9,7,43,1,N,2,18900
2,6,1,1,2,6,29,1,N,2,27252
1,6,2,2,6,11,38,1,N,2,12342
1,6,1,1,3,N,36,1,N,2,22675
2,1,2,2,6,4,23,1,N,2,8027
2,6,1,2,0,6,21,1,N,2,16134
2,6,1,2,0,N,0,1,N,2,19047
1,6,1,2,6,N,33,1,N,2,14231
2,6,1,2,0,7,23,1,N,2,15308
2,6,2,2,0,6,50,1,N,2,16041
1,6,1,1,6,7,15,1,N,2,5539
1,1,1,2,N,7,81,1,N,2,3462
1,6,1,2,0,6,1,1,N,2,18749
2,6,2,1,2,7,37,1,N,2,6327
2,6,1,1,8,7,55,1,N,2,12693
1,4,2,2,9,6,56,1,N,2,4441
1,5,1,2,6,8,44,1,N,2,20123
2,6,2,1,3,7,20,1,N,2,19839
2,1,1,1,6,4,60,1,N,2,22812
1,3,1,1,9,N,29,1,N,2,17918
2,1,9,1,7,11,81,1,N,2,24226
2,N,3,0,0,7,9,1,N,2,13356
2,1,1,2,9,5,41,1,N,2,22313
1,1,1,2,2,7,55,1,N,2,14329
2,6,1,0,4,12,73,1,N,1,8054
2,6,3,1,9,3,66,1,N,2,22447
1,6,1,2,7,7,21,1,N,2,18536
2,1,1,1,2,7,64,1,N,2,24702
2,6,2,2,9,7,29,1,N,2,17262
1,1,1,1,5,11,82,1,N,2,13517
2,6,1,1,9,5,68,1,N,2,2451
1,1,1,1,6,7,44,1,N,2,14086
2,1,2,2,6,7,5,1,N,2,6362
2,6,5,1,0,N,41,1,N,2,16955
1,1,1,1,N,7,60,1,N,2,24649
2,1,2,1,9,N,53,1,N,2,25175
2,6,2,1,0,4,7,1,N,2,20383
2,6,2,1,6,N,2,1,N,2,18793
2,6,1,1,4,7,17,1,N,2,14921
2,6,2,1,1,5,25,1,N,2,8797
1,6,2,1,9,N,49,1,N,2,16160
1,1,1,1,3,7,58,1,N,2,23429
2,6,2,2,2,12,36,1,N,2,18632
1,6,2,2,4,6,49,1,N,2,0
2,1,1,2,4,2,35,1,N,2,18639
2,6,1,1,N,3,53,1,N,2,12076
2,6,1,1,2,7,10,1,N,2,23251
2,1,1,1,8,6,80,1,N,2,11576
2,1,1,2,8,7,31,1,N,2,6076
1,6,3,2,3,6,32,1,4,2,21796
2,4,1,1,2,N,54,1,N,2,12183
2,1,1,1,9,7,93,1,N,2,8549
1,4,1,1,5,9,8,1,6,2,8704
2,4,1,1,5,7,25,1,N,2,24223
2,6,1,0,6,9,36,1,N,2,27252
2,1,1,1,0,12,4,1,N,2,22081
2,1,1,1,7,7,45,1,N,2,20088
2,1,1,1,7,5,37,1,N,2,23132
2,1,1,2,0,N,6,1,N,2,18325
1,1,1,1,0,8,59,1,N,2,7211
1,6,1,2,0,3,0,1,N,2,14883
2,1,1,1,N,3,31,1,N,2,15739
2,1,1,1,N,7,23,1,N,2,16843
1,3,2,2,1,9,13,1,N,2,12920
2,1,7,1,5,5,30,1,N,2,24758
2,1,1,1,0,2,62,1,N,2,25533
2,6,9,1,3,5,15,1,N,2,10148
1,6,1,2,4,2,47,1,N,2,17143
2,5,1,1,3,10,10,1,1,2,16275
1,6,1,1,3,7,51,1,N,2,14092
1,6,1,1,7,7,56,1,N,2,6860
1,1,1,1,8,N,80,1,N,2,3967
2,4,1,2,9,12,59,1,N,2,11401
2,5,5,0,1,4,15,1,N,2,19660
1,4,1,1,4,9,80,1,N,2,11422
1,6,1,1,4,8,52,1,N,2,22869
2,1,1,2,2,4,47,2,N,2,21930
1,6,1,1,4,N,54,1,N,2,27200
2,1,1,1,9,N,16,1,N,2,21587
1,6,8,2,N,7,95,1,N,2,16736
2,1,1,1,N,7,13,1,N,2,20472
1,1,1,1,8,6,87,1,N,2,6711
2,6,1,2,1,4,44,1,N,2,14795
1,1,2,2,1,2,46,1,N,2,5451
2,3,2,1,0,N,64,1,N,2,5520
1,1,1,1,N,N,51,1,N,2,25762
1,6,2,1,4,7,25,1,N,2,20700
2,3,1,2,N,6,13,1,N,2,10777
1,6,2,2,9,7,65,1,N,2,22232
1,1,1,1,3,N,57,1,N,2,20603
1,1,1,2,2,N,21,1,N,2,25602
2,1,8,1,7,7,55,1,N,2,16804
2,6,6,1,6,8,18,1,N,2,3794
1,2,1,1,N,7,44,1,N,2,15445
2,1,1,1,N,7,60,1,N,2,26905
2,6,1,2,6,7,32,1,N,2,15272
1,5,2,1,9,N,49,1,N,2,13123
2,1,1,1,7,9,60,1,N,2,24461
2,6,2,2,6,7,50,1,N,2,24939
2,4,1,1,6,N,77,1,N,2,9378
2,1,1,1,4,N,38,1,N,2,10656
1,1,1,2,8,11,15,1,N,2,3905
2,2,1,0,3,7,34,1,N,2,10564
1,1,1,1,9,12,66,1,N,2,18715
1,N,1,1,1,9,9,1,N,2,26570
2,1,1,1,8,7,34,1,N,2,21440
1,6,2,2,0,5,29,1,N,2,8767
2,6,1,1,7,N,7,1,N,2,21305
2,1,1,1,N,7,41,1,N,2,17469
1,3,1,2,1,10,25,1,N,2,27252
2,1,1,1,N,7,77,1,N,2,26497
2,1,1,2,3,6,44,1,N,2,13595
2,6,3,2,5,4,5,2,N,2,13390
2,1,1,1,9,2,69,1,N,2,27252
2,6,2,2,4,N,25,1,N,2,14115
2,1,1,1,2,2,24,1,N,2,4319
1,6,6,2,3,5,0,1,N,2,18729
1,6,1,1,8,7,13,1,N,2,12668
2,6,6,1,6,5,43,1,N,2,8885
2,6,1,1,7,3,0,1,N,2,18955
2,1,2,2,2,N,57,1,N,2,15772
2,1,1,2,9,9,24,1,N,2,13779
2,6,1,1,9,N,21,1,N,2,16111
1,1,1,1,7,11,68,1,N,2,25542
2,6,2,1,0,9,64,1,N,2,23245
1,6,2,1,2,7,30,1,N,2,24131
1,6,1,2,4,5,32,1,N,2,9595
2,6,2,1,7,7,37,1,N,2,14172
1,1,3,1,5,8,72,1,N,2,17254
2,1,1,0,5,4,27,1,N,2,18613
1,1,1,1,8,6,81,1,N,2,3023
2,6,2,2,2,6,69,1,N,2,5391
2,1,1,1,7,5,70,1,N,2,17165
2,1,1,0,9,7,26,1,N,2,12970
2,4,1,1,9,N,36,1,N,2,24074
2,1,1,1,1,9,47,1,N,2,17242
2,1,1,1,7,7,51,1,N,2,26090
2,1,1,1,1,9,24,1,N,2,2397
1,6,1,1,5,6,36,1,N,2,1716
1,1,1,1,5,7,32,1,N,2,15228
1,5,2,1,1,5,0,1,N,2,22496
1,4,2,1,2,4,5,1,N,2,19705
2,6,9,1,9,N,35,1,N,2,8843
2,1,1,1,7,10,60,1,N,2,9603
2,4,1,1,9,N,58,1,N,2,15377
1,1,1,1,4,5,49,1,N,2,21632
1,6,1,1,0,4,34,1,N,2,15897
2,1,1,1,9,4,66,1,N,2,5753
2,1,9,2,5,6,36,1,N,2,13714
1,6,1,1,0,7,47,1,N,2,12018
2,1,1,1,7,12,25,1,N,2,24947
2,1,1,2,6,7,70,1,N,2,21806
1,1,1,2,7,7,74,1,N,2,16112
2,6,1,1,9,7,20,1,N,2,22021
2,1,1,2,N,7,68,1,N,2,9062
2,1,1,1,0,7,33,1,N,2,26497
2,4,1,1,8,N,39,1,N,2,24939
1,1,1,1,8,9,47,1,N,2,8553
1,6,1,1,2,6,50,1,N,2,21134
2,6,1,1,0,N,10,1,N,2,19777
2,1,2,1,N,N,68,1,N,2,17077
2,6,1,1,8,7,68,1,N,2,15675
1,1,1,0,4,11,17,1,N,2,27252
1,6,2,1,6,7,72,1,N,2,19903
1,6,2,1,N,3,60,1,N,2,18148
2,6,1,1,N,7,21,1,N,2,26555
2,4,6,1,7,9,63,1,N,2,11841
2,6,2,2,4,7,58,1,N,2,8427
1,N,2,1,1,4,0,1,N,2,17381
2,6,1,1,6,5,39,1,N,2,26820
2,6,1,2,3,7,15,1,N,2,19409
2,1,1,2,8,6,80,1,N,2,0
1,1,1,2,6,N,0,1,N,2,19036
2,6,6,1,7,N,70,1,N,2,11534
2,6,2,2,N,7,7,1,N,2,21762
2,3,1,2,5,7,29,1,N,2,22715
2,4,1,1,9,N,20,1,N,2,6235
2,1,3,1,8,6,82,1,N,2,5641
2,1,1,1,N,7,71,1,N,2,24939
2,1,1,2,0,7,37,1,N,2,20353
2,1,1,1,N,N,72,1,N,2,6855
2,4,1,1,9,N,32,1,N,2,21443
2,3,8,1,N,7,76,1,N,2,17946
1,6,2,1,3,10,8,1,3,2,18013
2,1,1,1,N,7,23,1,N,2,17101
2,4,1,1,2,7,43,1,N,2,11192
1,1,1,2,8,6,41,1,N,2,22959
1,6,1,1,8,6,45,1,N,2,12973
2,6,1,2,9,5,14,1,N,2,24932
1,4,2,1,0,7,50,2,N,2,11802
1,6,2,1,8,7,68,1,N,2,14476
2,4,1,1,5,6,48,1,N,2,16668
2,1,2,1,N,N,89,1,N,2,16609
2,1,1,1,0,9,80,1,N,2,0
1,4,1,1,N,11,71,1,N,2,15589
1,1,1,1,N,7,49,1,N,2,24457
2,6,1,1,6,6,35,1,N,2,27252
2,1,1,1,7,3,62,1,N,2,21514
2,6,1,2,2,4,76,1,N,2,17864
2,1,1,1,6,7,45,1,N,2,7446
1,6,1,1,9,N,28,1,N,2,24761
1,1,1,2,9,7,75,1,N,2,18592
1,1,1,1,N,7,76,2,N,2,8772
2,4,1,2,6,N,51,1,N,2,27252
2,4,5,2,7,7,78,1,N,2,16041
2,1,2,1,1,N,46,1,N,2,20535
2,1,1,1,9,N,32,1,N,2,13028
2,1,1,2,N,7,4,1,N,2,13024
1,6,6,1,9,7,54,1,N,2,16922
1,6,2,2,6,6,81,1,N,2,20347
2,6,1,1,5,N,0,1,N,2,20880
1,3,1,2,4,5,56,1,N,2,6839
2,1,2,1,3,7,8,1,N,2,18287
2,1,1,1,9,7,71,1,N,2,24013
2,1,1,1,N,3,67,1,N,2,27252
2,1,1,1,9,5,69,1,N,2,19810
1,6,2,2,8,7,24,1,N,2,8232
2,1,1,1,0,1,48,1,N,2,22619
2,4,1,2,9,5,10,1,N,2,6508
2,1,1,2,8,N,52,1,N,2,25461
2,1,1,1,0,N,45,1,N,2,2260
1,1,1,1,N,2,66,1,N,2,16514
1,1,1,1,6,5,0,1,N,2,5385
2,6,6,2,4,4,32,1,N,2,1692
1,6,1,2,2,7,95,1,N,2,10199
2,1,1,1,9,7,93,1,N,2,11753
2,1,2,1,N,N,83,1,N,2,6256
1,4,1,2,4,5,7,1,N,2,23971
2,1,1,1,8,N,31,1,N,2,22805
2,1,1,2,7,7,18,1,N,2,17635
1,1,2,1,0,7,14,1,N,2,5582
2,1,1,2,8,5,44,1,N,2,14696
2,6,2,2,5,4,46,3,N,2,14234
1,6,1,2,2,7,26,1,N,2,23978
1,4,1,1,7,2,56,1,N,2,22482
2,1,2,1,9,3,53,1,N,2,25015
2,4,1,1,5,N,63,1,N,2,22731
2,6,1,1,8,6,24,1,N,2,10250
2,6,1,2,5,6,43,1,N,2,2848
2,6,1,2,0,7,46,1,N,2,16630
2,6,1,2,N,7,0,1,N,2,17947
2,1,1,1,1,12,22,1,N,2,18090
2,6,1,1,0,9,80,1,6,2,0
1,1,1,1,3,7,2,1,N,2,14829
1,1,1,1,9,9,76,1,N,2,11095
2,6,1,2,8,7,22,3,N,2,4154
1,1,6,1,6,8,37,1,N,2,9585
2,1,1,1,3,7,30,1,N,2,12682
1,1,1,0,2,7,38,1,N,2,22092
1,3,1,1,7,9,37,1,N,2,22786
2,1,1,1,2,9,95,1,N,2,18761
1,1,1,1,4,8,15,1,N,2,18096
2,6,1,2,0,7,45,1,N,2,5954
2,1,1,2,3,8,23,1,N,2,16565
1,6,1,2,6,6,15,1,N,2,9427
2,1,3,1,0,1,51,1,N,2,11866
2,6,2,2,N,7,58,1,N,2,3824
1,1,1,1,N,3,50,1,N,2,18508
1,2,1,1,4,12,39,1,N,2,22852
2,6,1,1,9,6,65,1,N,2,9757
1,1,1,2,N,3,58,1,N,2,14216
1,3,1,1,2,6,35,1,N,2,20844
1,4,2,1,8,6,38,1,N,2,5762
1,6,1,1,7,N,69,1,N,2,21219
1,6,3,2,1,5,26,1,N,2,13620
1,1,2,1,2,9,24,1,N,2,4708
1,1,1,1,N,6,49,1,N,2,20433
1,6,1,1,2,7,0,1,N,2,17745
2,6,9,2,1,4,31,1,N,2,25432
2,1,1,1,N,6,74,1,N,2,14409
2,4,1,1,N,7,58,2,N,2,1767
1,1,1,1,7,9,30,1,N,2,16880
2,6,1,1,0,5,40,1,N,2,20267
1,6,1,2,0,7,17,1,N,2,20297
1,6,2,0,0,6,0,1,N,2,17678
2,6,1,1,2,N,37,1,N,2,14031
2,1,1,1,7,N,63,1,N,2,23509
1,6,1,1,N,7,44,1,N,2,18551
2,1,1,1,0,7,45,1,N,2,13201
2,1,1,1,9,7,26,1,N,2,16580
2,1,1,1,8,3,53,1,N,2,21052
2,6,1,2,7,3,34,1,N,2,18395
2,1,1,2,5,1,32,1,N,2,16452
2,6,6,2,6,6,0,1,N,2,5283
1,4,1,1,7,7,9,1,N,2,23458
2,1,1,1,4,10,58,1,N,2,14856
2,6,1,1,9,7,50,1,N,2,21039
1,6,2,1,0,7,22,1,N,2,23141
2,6,1,0,7,9,52,1,N,2,13765
1,6,1,2,0,6,14,1,N,2,21401
1,6,1,1,2,7,0,1,N,2,20772
1,1,1,2,N,7,15,1,N,2,26635
2,6,1,1,9,N,79,1,N,2,22621
1,6,1,1,N,7,11,1,N,2,23513
2,6,2,1,3,7,65,1,N,2,21505
2,1,6,2,8,2,46,1,N,2,10851
2,6,1,2,4,7,21,1,N,2,24939
2,1,2,1,6,6,0,3,N,2,24516
1,6,1,2,N,7,22,1,N,1,4903
2,6,2,2,5,6,21,1,N,2,12913
2,6,1,1,N,7,65,1,N,2,24592
2,6,1,1,5,N,27,1,N,2,22428
2,1,2,1,N,3,24,1,N,2,14603
2,1,1,1,9,12,53,1,N,2,18647
2,1,2,1,N,7,72,1,N,2,4733
2,1,1,2,6,7,51,1,N,2,1746
2,6,1,2,4,7,25,1,N,2,20981
1,1,1,1,9,N,76,1,N,2,17712
1,6,1,1,9,7,54,1,N,2,15663
1,6,1,1,0,4,54,1,N,2,9520
2,4,1,0,9,11,64,3,N,2,20522
2,6,2,1,9,N,53,1,N,2,7390
1,1,2,1,0,5,45,3,N,2,5304
2,1,2,1,0,6,54,1,N,2,26726
2,6,6,2,0,4,33,1,N,2,12063
1,4,2,1,0,7,56,2,N,2,22164
2,1,1,1,N,N,60,1,N,2,24930
2,1,1,1,7,1,51,1,N,2,19607
1,1,1,1,9,7,73,1,N,2,13106
2,1,1,1,5,N,40,1,N,2,10174
1,1,1,1,7,9,52,1,N,2,3389
2,1,1,1,N,7,59,1,N,2,22145
1,1,8,1,6,3,2,1,N,2,13997
2,5,9,1,8,3,24,1,N,2,2211
2,6,1,1,N,7,36,1,N,2,22966
1,1,1,1,5,12,80,1,N,2,17861
1,1,1,1,N,7,55,1,N,2,19182
2,4,1,1,N,N,70,1,N,2,4500
2,1,1,1,N,N,48,1,N,2,23757
2,1,1,2,7,9,21,1,N,2,7122
2,6,2,2,7,7,17,1,N,2,13326
2,1,1,2,7,5,36,1,N,2,19205
2,6,9,1,1,6,32,1,N,2,27252
2,1,1,2,8,N,62,1,N,2,3095
1,6,1,1,4,7,61,1,N,2,25188
1,3,7,2,4,N,79,1,N,2,11402
2,4,1,2,9,N,50,1,N,2,24713
2,1,1,1,9,N,50,1,N,2,2442
2,1,1,1,9,N,13,1,N,2,21081
1,6,1,1,3,6,40,1,N,2,24184
2,1,1,1,8,N,57,1,N,2,20633
2,1,2,1,9,7,85,1,N,2,8342
2,6,2,2,8,4,27,1,N,2,27252
2,1,1,1,2,6,71,1,N,2,15860
2,1,1,1,2,5,89,2,N,2,4726
2,6,2,2,2,5,17,3,N,2,882
2,1,1,1,N,7,62,1,N,2,13752
1,6,2,1,8,7,43,1,N,2,14872
1,6,1,1,8,7,65,1,N,2,24939
2,1,1,2,0,4,13,1,N,2,15576
2,1,1,1,2,5,47,1,N,2,20447
1,1,2,2,6,7,60,1,N,2,16051
1,6,1,1,N,4,50,1,N,2,27252
2,4,9,1,1,11,35,1,N,2,16261
2,6,1,2,7,4,5,1,N,2,20730
2,6,4,2,2,5,78,1,N,2,12658
1,6,2,1,3,7,45,1,N,2,16182
2,1,1,1,3,1,49,1,N,2,6188
1,6,1,2,3,6,20,1,N,2,21061
2,6,8,1,8,3,41,1,N,2,7358
1,6,1,1,0,7,51,1,N,2,14254
2,6,1,2,4,5,48,1,N,2,9960
2,6,1,2,N,7,14,1,N,2,13266
2,6,8,1,4,6,45,1,N,2,24112
1,1,1,1,N,3,68,1,N,2,25457
2,6,9,1,4,9,50,1,N,2,27252
2,6,1,1,2,1,41,1,N,2,16619
2,6,1,1,2,6,17,1,N,2,18719
2,1,1,2,N,3,74,1,N,2,19323
2,2,1,1,N,7,61,1,N,2,25085
1,1,1,1,9,12,33,1,N,2,23875
2,3,2,1,4,6,54,1,N,2,8647
2,1,1,1,N,3,46,1,N,2,14162
2,1,1,2,2,4,42,1,N,2,18743
2,1,1,1,1,6,39,1,N,2,11623
2,1,1,1,9,12,67,1,N,2,18789
1,6,1,2,7,9,92,1,N,2,11996
1,1,1,1,9,7,0,1,N,2,26710
2,1,1,2,8,5,26,1,N,2,13444
2,1,1,1,5,7,75,1,N,2,26250
2,1,1,2,6,7,69,1,N,2,21424
1,6,1,1,9,N,17,1,N,2,15345
2,3,1,1,5,7,39,1,N,2,24220
1,6,1,1,N,7,58,1,N,2,10532
2,6,1,2,8,4,16,1,N,2,5042
1,1,2,1,0,9,45,1,N,2,26058
2,1,1,1,4,9,38,1,N,2,18816
2,1,1,1,5,6,46,1,N,2,22287
2,6,3,2,2,7,0,1,N,2,18090
2,1,1,1,3,N,30,1,N,2,18225
2,6,2,2,1,5,5,1,N,1,24188
1,4,1,1,5,5,0,1,N,2,24443
1,6,1,2,N,7,90,1,N,2,15996
2,N,1,1,0,4,66,1,N,2,5592
2,4,1,1,1,6,84,1,N,1,27252
1,1,1,1,1,6,0,1,N,2,27252
2,1,1,1,7,5,56,1,N,1,27252
2,1,2,1,N,7,50,1,N,2,14597
1,6,1,0,0,11,28,1,N,2,26468
2,1,1,1,8,1,59,1,N,2,15744
1,5,1,1,6,11,65,1,N,2,20301
1,1,1,1,3,2,29,1,N,2,27252
1,6,1,2,8,5,26,1,N,2,20596
2,1,1,2,9,N,14,1,N,2,27252
1,6,1,2,5,6,38,1,N,1,16100
2,1,1,2,1,7,61,1,N,2,17754
2,4,1,1,9,N,83,1,N,2,17646
1,5,1,2,6,N,40,1,N,2,923
2,1,1,1,0,5,32,1,N,2,14522
2,1,2,1,8,2,64,1,N,2,7003
1,4,1,1,0,3,29,1,N,2,0
1,6,1,2,6,6,62,1,N,2,14377
1,N,2,2,0,7,83,1,N,2,0
2,6,1,1,4,5,78,1,N,2,6257
1,4,1,1,8,7,0,1,N,2,18882
2,1,1,1,5,N,20,1,N,2,13806
2,1,1,1,3,4,41,1,N,2,25690
1,1,1,1,0,12,63,1,N,2,27252
1,6,1,2,2,7,28,1,N,2,16094
2,6,1,2,0,7,22,1,N,2,16587
1,6,1,1,7,6,46,1,N,2,20668
2,6,1,1,9,6,29,1,N,2,21716
2,1,1,1,N,N,55,1,N,2,16210
1,6,1,1,0,7,28,1,N,2,7572
1,6,1,1,5,N,71,1,N,2,5976
1,1,1,2,9,7,41,1,N,2,16915
1,1,1,1,9,7,78,1,N,2,24939
2,1,1,1,6,7,54,1,N,2,27252
2,1,1,2,6,6,59,1,N,2,3055
2,6,2,2,0,4,5,1,N,2,12789
1,6,2,2,8,N,10,1,N,2,3024
2,1,9,1,N,6,63,1,N,2,9661
2,1,1,1,9,3,73,1,N,2,15381
2,1,2,1,0,11,7,1,N,2,20943
2,1,3,1,8,7,65,1,N,2,16843
1,6,1,2,4,8,19,1,N,2,23735
2,1,1,2,5,6,48,1,N,2,15620
2,6,2,1,1,3,67,1,N,2,17993
2,6,6,2,3,3,47,3,N,2,3923
2,4,1,1,N,N,75,1,N,2,23259
1,1,1,1,2,8,48,1,N,2,0
1,1,1,1,2,2,60,1,N,2,17529
2,4,2,2,9,7,45,1,N,2,23413
2,1,5,1,9,7,71,1,N,2,24270
2,2,1,1,9,6,81,1,N,2,15628
1,1,1,1,1,6,46,1,N,2,16404
1,6,1,1,6,4,47,1,N,2,13631
2,1,1,1,9,6,42,1,N,2,12762
1,4,1,1,7,9,78,1,N,2,7233
2,4,1,2,2,N,17,1,N,2,20224
1,6,1,1,2,7,39,1,N,2,26210
2,1,4,1,9,3,70,1,N,2,5966
2,1,1,1,1,3,54,1,N,2,23626
2,6,1,2,3,4,27,1,N,2,13118
2,4,1,1,4,5,58,1,N,2,12358
2,6,5,2,6,5,74,1,N,2,0
2,1,1,2,8,N,55,1,N,2,21153
2,1,1,1,8,9,76,1,N,2,17721
2,1,1,1,N,3,50,1,N,2,23639
2,6,2,2,9,4,11,1,N,2,19791
1,1,1,1,5,6,40,1,N,2,10830
2,6,1,1,2,7,0,1,N,2,18879
2,1,1,1,6,6,51,1,N,2,11442
2,1,1,2,1,4,71,1,N,2,9807
1,6,2,2,N,7,57,1,N,2,14889
2,3,2,1,6,N,40,1,N,2,18287
2,2,1,2,0,6,61,1,N,2,14197
1,6,3,2,0,7,59,1,N,2,16843
1,1,1,1,1,12,36,1,N,2,20685
1,1,1,1,8,3,88,1,N,2,23349
2,6,1,1,4,7,43,1,N,2,21663
2,3,1,2,N,7,26,1,N,2,27252
2,6,2,1,N,7,28,1,N,2,14802
2,6,2,2,6,7,5,1,N,2,18883
2,1,1,2,8,5,20,1,N,2,8700
2,1,1,1,7,7,35,1,N,2,19168
2,1,1,1,N,7,73,1,6,2,11857
1,6,2,2,7,N,20,1,N,2,24933
2,6,1,1,8,N,27,1,N,2,12731
1,1,2,2,8,5,36,1,N,2,15821
2,2,1,2,N,7,62,1,N,2,27252
2,1,1,2,0,5,0,1,N,2,13395
2,6,1,1,1,2,23,3,N,2,27252
1,6,1,1,9,7,0,1,N,2,12533
1,1,1,2,0,3,44,1,N,2,19726
2,1,1,1,N,7,49,1,N,2,23617
1,2,6,1,1,11,84,1,N,2,1296
1,6,2,2,1,4,17,1,N,2,13927
2,6,1,1,4,7,17,1,N,2,24939
2,1,6,1,0,N,63,1,N,1,9659
2,6,2,1,N,7,49,1,N,2,21506
1,1,1,1,8,9,71,1,N,2,14221
1,1,1,1,4,N,26,1,N,2,27252
2,5,2,1,3,3,24,1,N,2,16715
2,1,1,1,2,6,36,1,N,2,21559
2,1,1,1,N,3,40,1,N,2,24017
1,4,1,1,3,7,53,1,N,2,19908
1,1,1,1,5,11,53,1,N,2,16878
2,1,1,1,6,5,64,1,N,2,12221
2,1,1,1,6,7,73,1,N,2,9930
2,6,1,1,4,7,31,1,N,2,14233
2,1,1,1,7,5,16,1,N,2,24939
2,1,1,1,6,11,56,1,N,2,12433
1,6,1,1,9,N,43,1,N,2,27252
2,1,2,1,3,N,50,1,N,2,15708
2,6,1,2,7,7,86,1,N,2,4347
2,6,1,1,4,6,88,1,N,2,7064
2,4,1,1,2,N,37,1,N,2,13822
2,1,1,1,6,7,36,1,N,2,23276
2,1,1,1,5,7,43,1,N,2,27189
1,1,1,1,7,N,49,1,N,2,11933
1,1,1,1,6,6,56,1,N,2,16344
1,1,1,1,4,6,7,1,N,2,20174
2,6,1,2,3,2,26,1,N,2,24780
2,1,1,1,8,7,72,1,N,2,19319
2,1,1,1,1,10,53,1,N,2,20160
1,1,1,2,8,9,0,1,1,2,8457
2,6,2,1,2,5,42,1,N,2,0
1,1,1,1,N,3,64,1,N,2,19735
2,1,3,1,0,12,76,1,N,2,15279
1,6,1,1,9,10,65,1,N,2,2885
2,6,1,2,8,7,19,1,N,2,27252
1,1,2,1,0,5,17,1,N,2,15877
2,6,1,1,4,6,53,1,N,2,16154
1,6,1,2,6,5,22,1,N,2,11277
1,6,3,2,0,1,4,1,N,2,14118
1,1,1,1,6,2,77,1,N,2,7753
2,6,9,2,1,4,2,1,N,2,19457
2,4,1,1,9,7,51,1,N,2,15491
2,6,1,2,2,6,54,1,N,2,16488
1,1,1,1,4,5,84,1,N,2,13627
2,6,1,1,2,9,63,1,N,2,963
1,1,1,1,N,7,12,1,N,2,27252
1,1,2,1,4,3,42,1,N,2,23133
2,6,1,1,0,4,33,3,N,2,6606
1,1,1,1,7,9,78,1,N,2,17925
2,1,9,1,5,3,56,1,N,2,27252
1,1,1,2,0,6,33,1,N,2,22883
2,1,1,1,5,7,55,1,N,2,14689
2,1,1,1,3,9,92,1,N,2,10833
1,6,6,2,1,7,12,1,2,2,21135
2,6,1,2,8,7,17,1,N,2,21332
1,6,2,2,1,7,24,1,N,2,6054
1,1,1,1,6,5,32,1,N,2,24939
2,1,8,1,N,7,21,3,N,2,8512
1,6,1,0,1,11,38,1,N,2,18654
2,1,1,1,N,7,22,1,N,2,16020
1,6,1,1,3,7,39,1,N,2,8154
2,4,1,1,2,N,1,1,N,2,27252
1,1,1,1,N,4,39,1,N,2,24939
1,1,7,1,9,7,57,1,N,2,20433
2,1,1,2,3,11,23,1,N,2,12395
1,1,1,1,0,3,31,1,N,2,11395
2,6,3,2,6,6,12,1,N,2,7570
1,6,8,1,4,N,9,1,N,2,12724
1,4,1,2,N,7,34,1,N,2,12663
1,6,1,1,7,N,30,1,N,2,6501
1,6,2,1,2,5,19,1,N,2,20706
1,6,1,2,N,N,33,1,N,2,19364
1,1,1,1,8,3,54,1,N,2,21545
2,3,1,2,3,7,26,1,N,2,23132
1,6,1,2,6,7,51,1,N,2,25705
2,1,1,1,N,7,66,1,N,2,27252
1,1,1,1,8,9,62,1,N,1,25432
1,3,1,1,N,7,67,1,N,2,21459
1,4,1,1,3,N,58,1,N,2,11553
1,1,1,1,6,8,88,1,N,2,13816
1,1,1,2,7,N,48,1,N,2,16850
1,6,2,1,8,7,64,1,N,2,12277
1,1,1,1,7,7,71,1,N,2,20501
2,1,1,0,4,5,71,3,N,2,8829
1,6,1,1,7,7,32,1,N,2,13384
2,4,2,2,6,7,59,1,N,2,17300
1,1,1,1,8,4,23,1,N,2,19121
1,6,1,1,5,5,6,1,N,2,16033
1,1,1,1,8,7,44,1,N,2,12467
1,6,2,1,6,5,14,1,N,2,17259
1,6,2,2,4,7,14,1,N,2,11302
1,1,1,1,6,5,26,1,N,2,26362
2,2,2,1,6,3,45,1,N,2,13473
2,6,1,1,6,N,78,1,N,2,22093
2,3,9,2,4,9,48,1,N,2,21072
1,6,1,1,8,7,60,1,N,2,10759
1,1,1,1,N,N,59,1,N,2,10524
1,6,1,1,0,6,14,1,N,2,20497
2,6,1,1,1,7,7,1,N,2,15885
2,1,1,2,6,4,74,1,N,2,11353
1,6,1,2,8,7,53,1,N,2,9364
2,1,1,1,0,N,27,1,N,2,27252
2,6,1,0,5,6,32,1,N,2,24939
2,6,1,1,9,7,54,1,N,2,11254
1,6,3,2,0,7,0,1,N,2,25245
1,6,1,1,4,N,40,1,N,2,12362
2,1,1,1,3,6,49,1,N,2,27252
1,1,1,1,N,3,82,1,N,2,20074
2,6,8,2,0,6,22,1,N,2,23548
2,1,1,1,N,7,32,1,N,2,23502
2,4,2,2,2,9,62,1,N,2,17337
1,1,3,0,3,N,15,1,N,2,21279
1,1,1,2,0,5,16,1,N,2,20386
2,1,1,1,6,N,3,1,N,2,16174
2,1,1,2,5,9,28,1,N,2,14332
1,1,1,1,9,9,26,1,N,2,25235
2,1,3,1,7,8,66,1,N,2,19470
2,6,1,2,7,7,32,1,N,2,21121
2,6,1,2,3,7,46,1,N,2,15559
1,6,1,1,9,6,43,1,N,2,15959
1,6,1,1,8,7,69,1,N,2,18461
1,1,1,1,2,10,67,1,N,2,17787
2,1,1,2,N,N,52,1,N,2,27252
1,1,1,1,N,N,73,1,N,2,16902
1,6,2,2,0,12,42,1,N,2,25123
2,6,1,1,6,4,17,1,N,2,27252
2,6,1,1,7,N,81,1,N,2,14736
2,6,1,2,2,7,9,1,N,2,23688
1,1,2,0,2,7,0,1,N,2,27252
2,1,1,2,3,3,31,1,N,2,23776
1,6,1,2,N,7,20,1,N,2,18219
2,N,9,1,N,2,85,1,N,2,16168
1,1,1,2,7,2,80,1,N,2,10011
1,6,2,2,6,5,0,3,N,2,19971
2,6,2,2,3,4,20,1,N,2,25937
2,1,7,1,4,4,21,1,N,2,15137
1,6,1,1,0,7,27,1,N,2,20253
2,6,1,2,2,5,29,1,N,2,4636
2,6,8,1,3,7,18,1,N,2,17726
2,1,1,1,3,N,68,1,N,2,18032
1,1,1,1,7,7,51,1,N,2,20282
2,1,1,2,6,7,19,1,N,2,16315
2,6,2,2,4,7,45,1,N,2,23264
2,6,1,1,N,7,81,1,N,2,13707
2,6,1,1,5,6,51,1,N,2,17295
1,6,2,2,9,7,30,1,N,2,9263
2,1,1,1,N,7,50,1,N,2,23793
2,1,1,1,9,N,52,1,N,2,11626
1,5,1,1,0,8,63,1,N,2,18723
2,1,1,1,7,7,27,1,N,2,19068
1,4,1,2,8,7,44,1,N,2,27252
2,6,1,2,3,4,30,1,N,2,7817
1,6,1,2,7,7,80,1,N,2,24689
2,1,1,1,N,4,81,1,N,2,26231
2,1,1,2,7,7,51,1,N,2,15264
1,2,1,1,8,11,35,1,N,2,27252
2,6,1,0,7,N,7,1,N,2,7526
2,6,1,2,2,N,31,1,N,2,18079
1,1,1,2,8,4,54,1,N,2,17993
2,4,1,1,4,N,70,1,N,2,18696
1,6,1,2,5,5,29,1,N,2,18965
2,6,2,0,5,7,77,1,N,2,4655
2,1,1,1,6,6,0,1,N,2,27252
2,5,1,1,0,5,45,1,N,2,15671
2,1,1,1,7,N,45,1,N,2,25125
1,6,1,2,6,7,20,1,N,2,27252
1,1,1,2,N,7,2,1,N,2,19791
1,1,1,1,2,10,53,1,N,2,4156
2,6,1,1,1,5,36,1,N,2,5717
2,6,9,1,4,9,48,1,N,2,18820
1,1,1,1,6,3,60,1,N,2,21948
1,1,1,0,2,6,37,1,N,2,18329
2,6,8,1,4,4,8,1,N,2,9591
2,6,1,2,3,N,16,1,N,2,20964
1,1,1,1,7,7,70,1,N,2,19328
1,6,1,1,N,7,61,1,N,2,23344
2,1,1,1,7,7,51,1,N,2,1608
1,6,2,2,7,6,22,1,N,2,4906
1,6,1,2,0,5,1,1,N,2,14825
1,1,1,1,9,7,72,1,N,2,9223
2,6,9,1,6,7,16,1,N,2,16453
1,1,1,1,9,N,71,1,N,2,26776
2,1,1,1,4,7,23,1,N,2,18792
2,6,2,2,2,4,50,3,N,2,1692
2,6,9,2,9,7,42,1,N,2,10819
2,6,1,1,8,7,46,1,N,2,27252
1,1,2,2,1,4,21,1,N,2,21417
2,1,1,2,3,N,28,1,N,2,12598
2,6,1,1,9,7,59,1,N,2,14253
2,6,7,1,2,N,60,3,N,2,7677
1,1,2,1,N,7,26,1,N,2,12091
2,1,1,2,2,N,6,1,N,1,22514
1,6,1,1,2,5,26,1,N,2,19171
2,1,1,1,5,10,72,1,N,2,13695
2,6,1,1,7,5,31,1,N,2,14316
2,6,2,1,1,1,44,1,N,2,9163
1,1,1,1,2,5,9,1,N,2,16940
2,4,1,1,8,12,53,1,N,2,26499
2,1,1,1,N,7,51,1,N,2,18888
1,6,1,2,7,7,43,1,N,2,17948
1,6,1,1,N,5,35,1,N,2,7899
2,6,1,2,0,5,24,1,N,2,24293
1,3,1,1,6,6,40,1,N,2,7436
2,1,1,0,N,7,35,1,N,2,4733
2,1,1,1,3,N,59,1,N,2,20431
2,4,1,2,5,11,75,1,N,2,23763
1,6,1,2,9,7,32,1,N,2,11084
2,6,1,1,8,7,42,1,N,2,708
1,6,1,1,9,6,42,1,N,2,9939
1,1,1,1,1,7,11,1,N,2,21944
1,1,1,1,N,7,60,1,N,2,16342
1,1,1,2,9,2,58,1,N,2,16797
2,4,2,2,8,7,23,1,N,2,3618
2,3,1,1,2,12,11,1,N,2,7857
2,6,1,1,6,5,81,1,N,2,0
1,1,1,1,7,11,64,1,N,2,9039
2,1,1,1,8,3,73,1,N,2,17403
2,1,2,2,2,6,18,1,N,2,16800
2,6,1,1,0,7,83,1,N,2,14348
1,3,1,1,5,6,11,1,N,2,17154
2,1,2,2,8,7,62,1,N,2,22665
2,1,1,1,N,7,75,1,N,2,4069
2,6,2,2,1,7,71,1,N,2,10928
1,6,1,1,6,7,48,1,N,2,13731
2,6,1,1,3,4,0,1,N,2,22057
2,6,1,1,1,7,5,1,N,2,22681
2,6,1,1,1,3,25,1,N,2,9305
2,4,1,1,9,6,94,1,N,2,6856
2,1,1,2,2,N,74,1,N,2,14378
1,1,1,1,N,N,22,1,N,2,27252
1,1,1,1,9,6,63,1,N,2,23722
1,6,1,1,5,7,6,1,N,2,20094
2,4,1,2,8,N,10,1,N,2,19951
2,1,1,1,7,10,67,1,N,2,16997
2,1,9,2,2,4,54,1,N,2,2614
2,6,1,0,0,N,12,1,N,2,13373
2,4,1,1,1,9,56,1,N,2,16513
2,1,1,1,9,7,24,1,N,2,20481
2,6,1,1,3,N,42,1,N,2,7482
2,4,1,2,N,7,27,1,N,2,13230
1,6,1,1,9,3,61,1,N,2,23383
1,6,1,2,N,7,61,1,N,2,17336
2,1,4,1,0,7,17,1,N,2,1389
2,6,1,1,6,11,21,1,N,2,9427
2,1,2,1,5,6,41,1,N,2,14895
1,1,1,1,9,9,76,1,N,2,21437
1,3,8,2,N,7,46,1,N,2,12042
2,6,1,2,8,7,64,1,N,2,19338
1,1,1,2,8,7,16,1,N,2,19577
2,1,1,1,N,7,31,1,N,2,18352
2,5,1,1,N,7,68,1,N,2,6208
1,6,2,2,0,2,15,1,N,1,18129
1,6,3,1,9,7,42,1,N,2,21641
2,1,1,1,8,N,39,1,N,2,27252
2,4,1,0,3,N,51,1,N,2,20051
1,6,2,2,3,7,0,1,N,2,6611
2,1,1,2,N,12,31,1,N,2,21060
2,4,1,2,1,12,49,1,N,2,6338
2,1,3,2,9,7,26,1,5,2,27252
2,6,1,1,6,5,41,1,N,2,12187
1,6,1,1,9,7,48,1,N,2,11729
2,6,2,2,4,7,45,1,N,2,15217
2,4,6,1,7,N,35,3,N,2,15701
2,1,1,1,6,7,74,1,N,2,2913
2,1,1,1,7,7,80,1,N,2,24415
1,1,4,1,6,7,80,1,N,2,11659
2,6,2,1,1,6,23,1,N,2,19740
2,6,2,1,8,7,27,1,N,2,4787
2,4,1,1,9,7,61,1,N,2,24939
2,6,2,1,2,5,46,1,N,2,16442
2,1,7,2,1,4,17,1,N,2,11642
1,6,1,1,1,3,8,1,N,2,11280
2,1,1,2,2,10,19,1,N,2,20597
1,6,1,1,0,7,6,1,N,2,24939
2,1,1,1,8,7,0,1,N,2,26867
1,1,1,1,0,9,26,1,N,2,9015
2,6,2,2,0,4,21,1,N,2,18337
2,1,2,0,1,5,39,1,N,2,21091
2,6,1,1,8,7,69,1,N,2,12287
1,6,1,1,5,5,23,2,N,2,16638
1,1,1,1,0,3,84,1,N,2,14889
2,1,1,1,5,11,61,1,N,2,13672
2,6,2,1,1,6,4,1,N,2,27046
2,6,1,2,9,7,81,1,N,2,17342
2,1,1,1,2,7,55,1,N,2,17195
1,1,1,2,5,11,25,1,N,2,16162
1,6,1,2,8,7,19,1,N,2,18453
2,1,1,1,8,N,40,1,N,2,18247
2,1,9,1,5,6,73,1,N,2,3522
2,1,2,2,3,7,0,1,N,2,12058
2,1,1,1,7,7,56,1,N,2,19505
1,4,1,1,9,N,63,1,N,2,18704
2,1,1,0,9,4,44,1,N,2,16189
2,6,1,2,2,3,59,1,N,2,13781
2,1,1,1,N,7,41,1,N,2,14931
2,1,1,1,6,4,70,1,N,2,19248
2,6,1,1,2,4,50,1,N,2,24113
2,6,1,1,9,7,0,1,N,2,16068
2,1,1,2,1,3,51,1,N,2,17274
1,6,2,1,4,4,87,1,N,2,21335
2,1,1,1,1,9,40,1,N,2,23090
2,6,1,2,9,7,42,1,N,2,18243
2,6,1,2,8,9,16,1,N,2,21856
2,6,1,2,5,6,0,1,N,2,8376
2,1,1,1,5,1,81,1,N,2,15849
2,1,1,1,2,5,40,1,N,2,4345
1,1,1,1,2,2,28,1,N,2,12481
2,6,1,1,0,4,50,1,N,2,22413
1,1,1,1,8,10,61,1,N,2,18535
2,6,1,1,2,5,55,1,N,2,19306
1,1,1,2,7,5,48,1,N,2,20040
2,1,1,2,3,6,52,1,N,2,26007
1,1,1,2,2,9,29,1,N,2,6821
2,6,1,1,8,4,61,1,N,2,9427
1,6,1,0,3,4,16,1,N,2,12256
1,6,2,2,7,7,61,1,3,2,20960
1,1,1,1,8,N,38,1,N,2,15551
2,6,7,2,3,11,62,1,N,2,3557
1,1,6,1,N,7,58,1,N,2,24328
2,6,1,1,9,6,68,1,N,2,13630
2,1,1,1,2,12,61,1,N,2,14447
2,6,2,1,4,N,45,1,N,2,11953
2,6,1,2,3,7,43,1,N,2,14385
2,1,1,1,9,2,86,1,N,2,18917
2,1,3,1,6,5,1,1,N,2,19658
1,6,1,0,2,12,82,1,N,2,11242
2,1,1,1,4,12,59,1,N,2,19439
2,1,1,2,2,5,7,1,N,2,15148
2,1,1,1,4,7,16,1,N,2,24938
2,1,1,1,7,7,63,1,N,2,18376
2,6,1,1,4,N,10,1,N,2,14670
2,6,1,1,9,7,55,1,N,2,18093
1,1,1,1,9,3,73,1,N,2,16527
2,5,1,1,3,7,52,1,N,2,13123
1,1,1,1,6,1,32,1,N,2,26845
1,1,1,1,4,5,61,1,N,2,13582
1,4,1,2,2,7,13,1,N,2,27252
2,6,1,2,7,2,36,1,N,2,15575
2,1,1,1,6,N,0,1,N,2,20591
1,1,1,1,7,2,15,1,N,2,20883
2,2,1,0,9,N,26,1,N,2,8005
2,4,5,1,N,7,33,1,N,2,16745
2,6,1,2,N,7,77,1,N,2,26803
2,1,1,1,8,11,74,1,N,2,6951
1,6,1,1,N,7,0,1,N,2,16451
2,6,1,1,8,9,77,1,N,2,15103
1,1,1,1,9,1,61,1,N,2,15317
2,1,1,1,9,7,6,1,N,2,12173
1,1,1,1,4,7,57,1,N,2,15638
2,1,1,1,N,N,54,1,N,2,26529
2,1,2,1,0,7,61,1,N,2,15918
2,6,5,2,0,7,29,1,N,2,8181
2,6,1,1,9,N,38,1,N,2,19804
2,5,1,1,6,N,52,1,N,2,17931
2,6,2,2,5,7,41,1,N,2,14623
1,1,2,1,8,2,38,1,N,2,23626
1,1,1,1,0,9,54,1,N,2,26360
2,6,1,1,5,N,49,3,N,2,22611
2,6,2,1,N,7,6,1,N,2,19468
2,1,1,1,N,7,71,1,N,2,1842
2,1,8,2,N,N,66,1,N,2,27252
2,1,1,1,N,6,59,1,N,2,15369
1,1,2,1,7,6,62,3,N,2,19519
2,6,1,1,2,7,21,1,N,2,17377
2,6,1,2,8,7,32,1,N,2,16843
1,4,6,1,5,N,30,1,N,2,18028
2,1,2,1,5,5,57,1,N,2,14281
1,6,2,1,N,3,38,1,N,2,21757
1,6,1,1,0,2,23,1,N,2,17091
1,1,1,1,N,7,63,1,N,2,27252
2,1,1,1,6,7,20,1,N,2,24086
1,3,3,1,5,7,22,1,N,2,8225
1,1,1,1,9,N,61,1,N,2,27252
2,1,2,1,N,7,77,1,N,2,20299
2,6,2,2,7,7,34,1,N,2,9662
2,4,1,1,6,7,51,1,N,2,926
1,1,1,1,4,6,53,3,N,2,12692
2,1,8,2,N,7,15,1,N,2,3170
2,1,1,1,3,3,26,1,N,2,13988
2,6,1,2,7,5,44,1,N,2,23643
1,1,1,2,3,7,45,1,N,2,7752
1,6,1,1,3,4,19,1,N,2,20935
1,1,1,1,0,9,46,1,N,2,16769
2,1,1,2,3,7,56,2,N,2,5810
2,1,1,1,N,7,70,1,N,2,18949
2,1,2,1,3,9,56,1,N,2,27252
2,1,1,1,6,3,37,1,N,2,26828
2,1,2,0,0,N,54,1,N,2,18238
2,6,1,2,7,6,53,1,N,2,17663
1,6,2,1,6,2,24,1,N,2,14404
2,1,1,1,7,7,30,1,N,2,6806
1,1,1,1,6,7,53,1,N,2,13143
1,6,1,1,8,6,45,1,N,2,20707
1,6,2,1,8,7,6,1,N,2,17040
2,1,1,1,4,4,44,1,N,2,27252
2,1,1,2,1,2,51,1,1,2,5575
2,1,1,1,9,7,16,1,N,2,14697
1,1,1,2,6,N,38,1,N,2,11231
2,4,1,1,5,9,0,1,N,2,27252
1,1,1,1,2,7,70,1,N,2,10918
2,1,2,1,0,3,21,1,N,2,17834
2,1,1,1,0,9,45,1,N,2,4534
1,5,1,1,3,4,58,1,N,2,0
2,1,9,1,9,7,37,1,N,2,21897
1,1,1,1,5,N,27,1,N,2,15729
2,1,1,1,4,6,11,1,N,2,13515
2,6,1,2,7,N,30,1,N,2,15315
2,6,2,1,2,4,18,1,N,2,13962
2,4,2,1,N,7,43,1,N,2,26423
2,1,1,1,6,7,32,1,N,2,13791
2,6,1,2,8,7,31,2,N,2,26324
2,4,8,2,6,4,35,1,N,2,11888
2,1,1,1,5,4,88,1,N,2,14132
1,1,1,2,4,7,44,3,N,2,22630
1,6,2,1,5,7,28,1,N,2,22572
2,3,1,1,N,7,13,1,N,2,27252
2,1,2,1,4,12,34,1,N,2,21774
1,6,2,1,7,11,38,1,N,2,27252
2,1,1,1,9,7,51,1,N,2,13337
2,1,1,1,N,7,81,1,N,2,19502
2,1,1,1,5,N,84,1,N,2,18152
2,6,1,1,5,9,57,1,N,2,16074
1,1,2,1,8,6,70,1,N,2,17143
1,1,1,0,9,3,43,1,N,2,17866
2,1,1,1,1,N,52,1,N,2,20461
2,6,1,1,9,7,67,1,N,2,26592
1,6,1,1,N,7,34,1,N,2,15850
2,4,1,1,0,3,41,1,N,2,21634
2,1,1,1,N,N,81,1,N,2,14041
1,1,2,1,8,7,64,1,N,2,14644
1,6,1,2,8,6,47,1,N,2,20032
2,2,1,1,9,6,78,3,N,2,8336
2,1,1,1,0,5,19,2,N,2,12649
2,1,1,1,2,2,64,1,N,2,6825
1,6,6,2,N,N,38,1,N,2,20016
2,N,2,2,3,3,19,1,N,2,14750
1,6,1,1,3,4,54,3,N,2,23729
1,6,6,0,2,9,47,2,N,2,20407
1,6,1,2,6,7,58,1,N,2,16297
2,1,1,1,4,11,44,1,N,2,23777
2,1,2,1,9,7,91,1,N,2,19893
2,1,1,1,9,7,27,1,N,2,25538
1,1,1,1,6,N,40,1,N,2,19521
2,1,1,2,2,4,27,1,N,2,15402
1,6,1,2,3,7,17,2,N,2,22678
2,6,8,1,5,6,22,1,N,2,27252
2,1,8,2,9,8,25,1,N,2,24382
2,1,1,1,2,7,47,1,N,2,9667
2,1,1,1,3,N,26,1,N,2,15778
1,1,1,1,1,7,29,1,2,2,18993
1,1,1,1,6,7,31,1,N,2,12614
2,6,1,1,N,N,64,1,N,2,5014
2,6,1,2,8,7,78,1,N,1,17686
2,1,8,2,8,11,57,1,N,2,2139
1,1,1,2,9,4,2,1,N,2,21322
1,6,1,2,7,7,58,1,N,2,17200
1,3,1,1,4,N,48,1,N,2,27252
2,1,1,1,4,4,95,1,N,2,14192
2,1,1,1,0,6,42,1,N,2,19247
1,1,1,0,6,12,55,1,N,2,18673
2,4,1,2,5,7,4,1,N,2,19911
2,1,1,1,8,7,38,1,N,2,21053
1,4,1,1,1,7,27,1,N,2,22338
2,1,1,1,8,3,43,1,N,2,27252
2,3,1,1,3,4,39,1,N,2,18553
2,6,1,1,4,6,42,1,N,2,12900
1,1,1,1,2,8,11,1,N,2,18985
2,4,1,1,N,7,82,1,N,2,11000
1,1,1,2,5,7,52,1,N,2,26134
2,1,1,1,5,12,81,1,N,2,12708
1,1,1,2,4,N,81,1,N,2,6497
1,6,1,2,5,N,41,1,N,2,27252
2,6,1,2,0,N,30,1,N,2,10005
1,1,1,1,0,7,59,1,N,2,10931
2,1,1,1,7,5,37,1,N,2,21291
1,6,1,1,7,7,12,1,N,2,17624
1,1,1,1,4,9,73,1,N,2,21726
2,6,6,2,8,5,50,1,N,2,296
2,6,1,2,0,3,12,1,N,2,13747
1,6,9,1,0,3,22,1,N,2,18487
1,4,2,2,9,N,53,1,N,2,14433
2,6,1,2,4,7,8,1,N,2,17340
2,1,1,1,5,N,41,1,N,2,11530
2,1,1,2,2,5,37,1,N,2,10316
1,1,2,1,8,5,77,1,N,2,17103
2,6,2,1,4,8,72,1,N,2,11638
2,6,4,1,0,3,26,1,N,2,13749
1,1,5,1,7,7,65,1,N,2,14595
1,6,1,1,2,8,31,1,N,2,10892
2,N,1,0,N,7,36,1,N,2,14655
2,1,2,2,2,7,29,1,N,2,18186
2,6,2,2,1,4,24,1,N,2,9126
2,1,1,1,4,N,45,1,N,2,26034
2,6,1,1,8,12,24,1,N,2,25940
1,1,2,2,3,7,17,1,N,2,17355
2,1,1,1,3,5,40,1,N,2,20453
1,6,1,1,N,7,54,1,N,2,19988
1,1,6,1,7,7,37,1,N,2,19539
2,1,1,1,8,5,26,1,N,2,20545
2,6,2,2,6,7,26,1,N,2,26263
2,1,1,1,9,N,57,1,N,2,27252
1,4,2,2,4,5,25,1,N,2,9048
2,1,1,2,2,7,8,1,N,2,24651
1,6,1,1,3,N,34,1,N,2,22152
2,1,2,1,5,2,64,1,N,2,22430
1,1,6,1,5,N,46,1,N,2,2525
2,6,1,1,8,7,16,1,N,2,15139
2,1,1,1,0,7,63,1,N,2,9718
1,1,1,2,5,7,28,1,N,2,17514
2,6,1,1,6,7,45,1,N,2,9662
2,6,1,1,5,3,18,1,N,2,19964
2,1,1,1,3,7,69,2,N,2,11358
1,1,1,1,N,N,56,1,N,2,21175
2,1,2,1,6,7,26,1,N,2,20282
1,1,1,1,7,7,5,1,N,2,0
2,1,1,1,7,6,0,1,N,2,23485
2,1,1,0,N,3,71,1,N,2,10767
2,6,1,2,4,N,0,1,N,2,20230
1,1,1,2,2,5,25,1,N,2,24500
2,6,2,1,9,5,48,1,N,2,658
1,6,1,1,N,7,65,1,N,2,17042
2,1,2,1,2,4,21,1,N,2,11435
1,1,1,1,5,7,48,1,N,2,21221
1,6,1,1,8,9,33,1,N,2,18191
1,1,2,1,9,7,24,1,N,2,4213
2,1,1,1,1,11,33,2,N,2,9943
1,6,1,2,5,7,45,1,N,2,12771
2,6,1,1,0,6,25,1,N,2,25945
1,2,1,1,N,3,93,1,N,2,4854
2,6,2,2,6,5,66,1,N,2,2781
1,1,1,1,8,N,81,1,N,2,25008
2,6,1,2,N,N,36,1,N,2,0
2,1,1,1,7,N,72,1,N,2,26545
2,1,4,1,8,7,36,1,N,2,15613
1,1,1,1,N,6,9,1,N,2,20967
1,6,1,1,8,3,54,1,N,2,26560
1,6,1,1,0,11,34,2,N,2,21166
1,1,1,1,3,11,43,1,N,2,3944
2,1,1,1,7,N,37,1,N,2,21417
2,6,1,2,6,6,4,1,N,2,7796
2,1,1,2,7,7,66,1,N,2,21526
2,6,1,1,8,12,36,1,N,2,27252
2,1,3,2,2,4,48,1,2,2,19802
2,1,1,1,7,12,16,1,N,2,24114
2,N,1,1,8,7,75,1,N,2,16353
2,6,1,1,3,10,62,1,N,2,21824
2,1,3,1,0,7,68,1,N,2,17873
2,1,1,1,N,N,63,1,N,2,16437
1,6,2,1,6,7,6,1,N,2,9270
2,1,1,1,8,9,51,1,N,2,9012
2,1,1,0,6,5,78,1,N,2,15994
2,4,1,1,8,N,3,1,N,2,18953
2,6,1,1,2,5,11,1,N,2,8311
1,1,1,1,7,N,39,1,N,2,24668
2,6,1,1,1,8,16,1,N,2,6141
2,6,1,1,0,6,51,1,N,2,25379
2,6,1,1,N,7,25,1,N,2,18946
1,6,1,2,0,5,37,1,N,2,10141
2,2,1,1,7,6,38,1,N,2,20065
2,6,1,0,8,7,0,1,N,2,19951
1,6,1,2,1,7,10,1,N,2,10452
2,1,1,1,5,6,64,1,N,2,20858
2,1,6,2,0,N,54,1,N,2,15019
2,3,1,0,2,12,64,1,N,2,27252
2,4,1,2,0,N,27,1,5,2,14471
2,1,1,1,N,N,47,1,N,2,21747
2,6,1,2,8,7,19,1,N,2,19008
1,6,1,2,N,7,63,1,N,2,17172
2,6,2,1,0,8,4,1,N,2,21318
1,6,1,1,7,5,14,1,N,2,17119
2,6,3,0,6,7,45,1,N,2,14289
2,6,1,1,5,6,25,1,N,2,22192
2,1,1,2,7,N,0,1,N,2,12067
1,1,1,2,0,5,57,1,N,2,18476
2,6,1,2,9,7,44,1,N,2,13609
2,1,2,1,8,N,48,1,N,2,27252
1,1,1,1,4,5,84,1,N,2,16525
2,5,7,1,0,N,35,1,N,2,17739
1,6,1,1,0,N,5,1,N,2,14231
1,1,2,1,1,4,35,1,N,2,16896
1,4,1,1,4,9,32,1,N,2,16014
2,1,2,1,5,9,68,1,N,1,27252
1,4,1,2,4,5,73,1,N,2,16401
2,1,1,1,8,7,40,1,N,2,22665
2,6,1,2,0,6,15,1,N,2,9235
1,6,2,1,0,4,4,1,N,2,15647
2,6,1,1,6,7,53,2,N,2,16654
1,6,1,1,2,7,50,1,N,2,11314
2,6,2,1,4,7,57,1,N,2,14321
1,1,1,1,7,7,47,1,N,2,19940
1,6,1,1,9,7,30,1,N,2,7918
2,1,1,1,5,7,64,1,N,2,27252
2,4,1,1,4,7,24,1,N,2,27252
2,1,1,1,8,6,53,1,N,2,14068
2,1,1,1,7,7,25,1,N,2,14912
2,1,1,1,5,5,75,1,N,2,0
2,4,1,2,5,4,8,1,N,2,4300
1,1,1,1,3,7,22,1,N,2,17884
1,1,1,2,9,6,21,1,N,2,26275
2,6,1,2,2,6,20,1,N,2,15586
2,1,1,1,2,N,36,1,N,2,26017
2,2,2,1,1,7,33,1,N,2,17588
2,6,1,1,1,7,14,1,N,2,18304
1,1,1,1,3,7,13,1,N,2,14898
2,6,1,1,5,9,53,1,N,2,24105
1,6,2,1,8,7,44,1,N,2,15086
2,6,2,2,N,N,12,1,N,2,27252
2,1,2,1,9,6,47,1,N,2,8852
1,1,1,1,3,7,37,1,N,2,8928
2,6,1,1,4,12,53,1,N,2,20733
1,6,1,1,2,5,29,1,N,2,21787
1,1,1,1,9,3,73,1,N,2,5821
1,6,1,1,4,4,34,1,N,2,19910
1,1,1,1,8,7,88,1,N,2,1916
1,1,1,1,0,N,18,1,N,2,23614
2,2,3,2,8,7,41,1,N,2,21495
2,6,1,1,3,7,15,1,N,2,18176
1,6,1,2,8,N,62,1,N,2,25046
1,1,8,2,8,4,14,1,N,2,17487
1,1,2,1,2,11,82,1,N,2,13576
2,1,1,1,N,N,56,1,N,2,23248
2,1,2,0,N,7,76,1,N,2,14346
1,1,1,0,3,12,79,1,N,2,23472
2,6,1,2,8,6,35,1,N,2,6479
1,6,1,1,7,6,18,1,N,2,17831
1,1,2,2,5,6,36,1,N,2,16579
2,1,1,1,N,7,39,1,N,2,15566
2,1,1,2,7,7,11,1,N,2,14674
2,6,2,2,5,7,31,1,N,2,11478
2,6,1,2,6,5,79,1,N,2,11237
2,6,1,2,2,N,0,1,N,2,27252
1,1,1,1,8,N,54,1,N,2,17702
2,1,1,1,N,3,54,1,N,2,27252
2,1,1,1,8,N,93,1,N,2,21765
1,1,1,1,2,N,65,1,N,2,10828
1,1,1,1,0,12,49,1,N,2,9931
2,1,1,1,0,7,62,1,N,2,2936
1,1,1,1,3,7,19,1,N,2,26009
1,6,1,1,3,3,29,1,N,2,14214
2,6,1,1,4,7,11,1,N,2,15838
2,1,1,2,5,6,48,1,N,2,15820
1,1,1,1,0,6,69,1,N,2,9816
2,6,1,1,5,8,69,1,N,2,15952
2,4,2,1,N,7,12,1,N,2,14434
2,1,1,1,N,7,68,1,N,2,27252
2,1,1,2,N,7,58,1,N,2,23119
2,6,1,1,4,11,61,1,N,2,13719
2,1,1,1,4,N,54,1,N,2,14381
1,1,7,1,9,7,81,1,N,2,16026
1,6,2,1,N,7,61,1,N,2,4627
1,4,1,1,5,7,38,1,N,2,22221
1,6,1,2,9,7,21,1,N,2,22751
2,1,1,1,N,N,73,1,N,2,11222
2,1,1,2,2,5,11,1,N,2,4164
1,1,1,2,N,7,34,1,N,2,18784
2,1,1,1,9,6,64,1,N,2,22436
2,1,2,1,8,7,7,1,N,2,10166
2,1,1,1,N,7,62,1,N,2,11755
1,1,2,1,9,2,86,1,N,2,7734
2,1,1,1,4,N,58,1,N,2,21299
2,6,1,1,0,7,45,2,N,2,13868
2,6,1,1,6,7,23,1,N,2,8473
1,6,1,1,9,N,45,1,N,2,19988
2,6,2,1,2,12,58,1,N,2,11489
2,6,1,1,8,7,32,1,N,2,18266
1,1,7,1,7,N,44,1,N,2,23320
2,1,1,1,9,N,66,1,N,2,14867
1,6,2,1,8,7,3,1,N,2,13318
2,3,1,1,4,5,79,1,N,2,13609
2,1,1,1,6,2,19,1,N,2,24181
2,3,1,2,4,6,37,1,N,2,18880
2,1,1,1,N,7,5,1,N,2,6611
2,1,1,0,7,7,24,1,N,2,27252
1,6,1,1,9,N,29,1,N,2,11963
2,3,1,1,3,7,26,1,N,2,16891
1,6,1,2,5,5,12,1,N,2,12668
1,4,1,0,4,6,66,1,N,2,27252
1,6,6,1,0,7,35,1,N,2,15517
1,6,1,1,7,7,52,1,N,2,18879
2,6,1,1,6,8,33,1,N,2,22971
2,6,1,1,7,7,4,1,N,2,23978
2,4,1,1,7,5,62,1,N,2,4373
1,1,1,1,7,7,78,1,N,2,13376
1,4,1,1,1,3,56,3,N,2,18507
1,1,1,1,9,3,37,1,N,2,14001
2,4,2,1,8,7,41,1,6,2,19283
1,6,4,2,7,6,29,1,N,2,3744
2,1,1,1,7,N,45,1,N,2,24939
2,1,1,1,3,4,90,1,N,2,20997
1,4,4,1,9,7,70,1,N,2,22505
1,1,1,1,N,N,58,1,N,2,17035
2,1,1,1,3,1,10,1,N,2,27252
2,1,2,1,4,5,0,1,N,2,6252
2,1,2,1,1,4,63,1,N,2,12316
1,1,1,1,8,6,3,1,N,2,17852
1,6,1,1,3,11,50,1,N,2,15913
2,6,2,0,3,7,34,1,N,2,10217
1,1,1,2,9,7,87,1,N,2,2163
1,6,1,2,0,6,17,1,N,2,12039
1,1,1,1,3,2,41,1,N,2,19681
2,6,6,1,3,6,8,1,N,2,18793
1,1,1,1,6,7,81,1,N,2,16164
1,1,1,2,2,11,3,1,N,2,17748
1,1,1,1,5,7,71,1,N,2,12367
2,1,1,1,3,7,37,1,N,2,18947
2,6,5,2,0,4,19,1,N,2,6085
1,6,6,1,0,4,24,1,N,2,9427
1,4,3,2,0,4,70,1,N,2,14673
1,5,1,1,3,4,86,1,N,2,11240
1,6,2,0,9,5,0,1,N,2,16285
2,1,1,1,N,6,74,1,N,2,10274
2,6,1,2,5,6,79,1,N,2,10055
1,1,1,1,3,7,85,1,N,2,21265
2,6,2,1,5,6,59,1,N,2,5426
2,4,6,2,0,N,36,1,N,2,14453
2,6,2,1,5,4,13,1,N,2,16374
1,6,1,1,9,7,30,1,N,2,15962
1,1,1,1,2,4,21,1,N,2,8237
1,6,1,1,9,6,62,1,N,2,21544
1,6,1,1,6,6,33,1,N,2,16423
1,6,2,2,0,9,47,1,N,2,4748
1,1,2,1,8,7,59,1,N,2,24498
1,1,1,1,0,3,43,1,N,2,26372
1,3,1,1,2,6,60,1,N,2,3814
2,6,1,2,0,7,7,1,N,2,24939
1,1,1,1,6,7,46,1,N,2,13304
1,1,1,2,3,11,27,1,N,2,19164
1,6,2,2,3,4,30,1,N,2,15019
2,1,1,2,3,4,48,1,N,2,11421
1,1,1,1,9,5,43,1,N,2,24772
1,6,2,1,9,6,24,1,N,2,25291
1,1,1,0,6,7,84,1,N,2,20747
1,6,1,1,7,7,41,1,N,2,15946
2,6,1,1,0,N,51,1,N,2,20754
2,6,1,1,3,5,28,1,N,2,17348
1,1,1,2,8,11,45,1,N,2,14968
2,1,1,1,0,4,40,1,N,2,11723
1,1,1,1,N,N,55,1,N,2,18453
2,4,1,2,N,7,57,1,N,2,27207
2,6,1,2,0,7,19,1,N,2,24939
1,6,2,0,8,7,40,1,N,2,18657
1,1,3,1,N,N,34,1,N,2,27252
1,N,2,2,0,5,9,1,N,2,11279
2,6,1,1,3,4,16,1,N,2,13743
2,6,1,2,N,N,5,1,N,2,27252
1,1,1,1,4,9,24,1,N,2,12715
1,1,1,0,0,7,26,1,N,2,19042
1,1,1,1,6,N,9,1,N,2,15989
2,1,1,1,2,12,14,1,N,2,25257
1,6,1,1,5,7,14,1,N,2,16450
2,6,1,2,0,4,28,1,N,2,12633
2,4,6,1,4,3,40,1,N,2,19800
2,1,1,1,0,N,43,1,N,2,21298
1,3,1,2,0,N,9,1,N,2,5495
1,1,1,2,0,1,71,1,N,2,16111
2,1,1,1,3,7,53,1,N,2,11864
1,6,1,1,3,N,23,1,N,2,23238
2,6,1,2,8,7,5,1,N,2,20793
2,4,1,1,5,2,8,1,N,2,17155
1,1,1,1,6,N,32,1,N,2,21481
2,1,1,2,N,7,15,1,N,2,8482
2,1,1,1,9,7,42,1,N,2,23799
1,1,2,2,4,7,63,1,N,2,16253
1,6,1,1,1,6,32,1,N,2,734
1,3,5,2,5,7,31,1,N,2,16494
2,1,1,1,9,2,50,1,N,2,18044
2,6,1,1,0,11,15,1,N,2,8543
2,6,2,2,7,7,17,1,N,2,10575
1,6,1,1,8,7,47,1,N,2,15353
2,6,2,1,N,9,65,1,N,2,19790
2,6,1,2,9,7,35,1,N,2,7757
2,1,1,1,0,6,23,1,N,2,18207
1,6,9,1,6,3,49,1,N,2,19930
2,6,1,1,0,5,25,1,N,2,15997
1,6,1,1,1,12,37,1,N,2,24669
2,1,1,2,8,1,74,1,N,2,23128
2,6,1,0,8,6,68,1,N,2,17255
2,6,1,2,2,6,27,1,N,2,20565
1,1,1,1,1,6,93,1,N,2,13429
1,4,4,1,3,N,62,1,N,2,16425
2,1,1,2,N,7,63,1,N,2,21548
2,1,1,1,N,N,49,1,N,2,19563
2,1,1,1,N,N,18,1,N,2,19030
2,6,1,1,N,3,20,1,N,2,21329
1,1,1,1,5,6,32,1,N,2,20070
1,6,1,2,4,N,2,1,N,2,27252
1,1,1,2,6,8,20,1,N,2,14151
2,1,2,1,3,4,75,1,N,2,11289
1,1,1,1,3,9,72,2,N,2,12520
1,1,6,1,9,7,78,1,N,2,20011
2,1,1,2,9,N,59,1,N,2,2883
1,4,1,1,N,N,63,1,N,2,10639
2,6,1,0,N,7,50,2,N,2,24939
2,6,1,2,N,4,0,1,N,2,17063
2,1,1,1,3,9,16,1,N,2,4995
2,1,1,1,7,8,16,1,N,2,15359
1,6,1,2,9,7,24,1,N,2,19946
2,1,1,1,4,N,20,1,N,2,3687
2,3,1,1,1,7,80,1,N,2,21919
2,6,1,2,6,N,26,1,N,2,14402
1,6,1,0,2,7,54,1,N,2,17989
1,1,1,1,7,12,35,1,N,2,24109
1,1,1,2,8,N,49,1,N,2,12086
2,1,1,1,8,12,47,1,N,2,17096
2,6,1,1,4,6,1,1,N,2,17207
1,6,1,1,1,7,64,1,N,2,14351
2,6,1,1,2,5,33,1,N,2,18431
2,1,1,1,7,N,81,1,N,2,12872
2,1,1,1,9,8,64,1,N,2,13171
1,3,2,1,5,7,11,1,N,2,19870
1,1,1,1,N,7,57,1,N,2,5774
2,6,1,1,2,6,66,1,N,2,18003
2,1,1,1,9,6,21,1,N,2,13238
2,4,2,1,4,5,52,1,N,2,16872
1,6,1,2,0,6,41,1,N,2,1489
1,4,1,2,6,4,47,1,N,2,5694
2,2,1,1,4,9,72,1,N,2,9582
2,1,1,1,N,3,75,1,N,2,14252
2,6,1,1,9,6,46,1,N,2,9673
2,6,3,1,3,7,50,1,N,2,10841
1,1,1,0,5,12,0,1,N,2,27252
2,1,1,1,8,N,36,1,N,2,19916
2,1,1,1,N,7,28,1,N,2,9019
2,6,1,2,0,6,43,1,N,2,14659
2,1,2,1,1,9,90,1,N,2,18142
1,6,1,2,2,6,35,1,N,1,12370
1,1,1,2,9,6,60,1,N,2,7483
2,1,1,1,7,3,43,1,N,2,23242
1,N,2,1,N,7,41,1,N,2,13220
1,1,1,2,4,7,38,1,N,2,15777
1,1,1,1,7,7,80,1,N,2,13227
2,1,1,1,9,9,91,1,N,2,9390
2,1,1,2,7,9,68,1,N,2,18557
1,2,1,1,2,5,51,1,N,2,22239
2,1,7,1,7,2,69,1,N,2,23915
2,1,2,1,8,3,26,1,N,2,15832
1,6,1,2,6,7,57,1,N,2,16800
2,1,1,1,7,7,55,1,N,2,19633
2,1,2,1,8,9,61,1,N,2,16172
1,1,1,1,6,1,89,1,N,2,10727
1,1,2,1,6,9,74,1,N,2,15806
1,6,1,1,4,7,11,1,N,2,7280
1,1,1,1,9,6,15,1,5,2,18513
2,1,1,2,2,N,34,1,N,2,18259
1,4,2,1,N,3,34,1,N,2,21514
1,1,1,1,5,2,46,1,N,2,21399
2,3,1,1,0,6,21,1,N,2,14383
1,6,2,2,4,4,24,1,N,2,14576
1,1,1,2,9,N,69,1,N,2,13643
2,6,2,2,2,7,10,1,N,2,2395
1,4,2,2,9,N,28,1,N,2,12794
2,1,1,1,3,N,43,1,N,2,14468
2,6,1,1,1,7,23,1,N,1,22618
1,6,1,2,1,3,19,1,N,2,1601
1,1,1,1,N,3,15,1,N,2,18119
1,1,1,1,1,2,56,1,N,2,13666
2,6,1,1,7,N,92,1,N,2,15007
2,1,1,1,5,11,39,1,N,2,18606
1,1,2,2,3,5,26,1,N,2,13715
2,1,1,1,8,7,78,1,N,2,18268
1,6,1,1,9,8,4,1,N,2,21755
1,3,2,1,3,5,44,1,N,2,11750
1,1,1,1,N,7,56,1,N,2,20530
1,1,1,1,4,7,68,1,N,2,16945
2,6,2,1,8,12,44,1,N,2,18246
1,6,2,2,0,5,44,1,N,2,11356
2,1,8,1,7,7,31,1,N,2,11931
2,1,1,1,N,7,23,1,N,2,16477
1,4,1,1,0,5,57,1,N,2,18217
1,2,8,0,2,6,77,1,N,2,14697
2,1,3,1,N,3,32,1,N,2,13686
2,N,8,1,2,6,36,1,N,2,13802
2,6,1,2,2,6,0,1,N,2,16028
1,6,1,1,6,7,20,1,N,2,19894
2,4,1,2,8,N,15,1,N,2,19212
1,1,7,1,N,3,0,1,N,2,22893
2,5,1,1,5,5,21,1,N,2,17139
1,1,1,1,3,5,28,1,N,2,5540
2,1,1,1,8,7,51,1,N,2,20488
2,6,2,2,0,4,47,1,N,2,17092
2,1,1,1,3,N,70,1,N,2,21161
1,6,2,2,2,6,42,1,N,2,15702
2,6,1,1,8,7,78,1,N,2,14647
2,1,1,1,8,7,52,1,N,2,14367
1,1,1,1,3,7,37,1,N,2,25253
1,6,1,2,4,6,42,1,N,2,17200
2,6,1,1,8,N,64,1,N,2,18824
1,1,1,1,9,7,24,1,N,2,11689
1,1,2,2,0,6,18,1,N,2,8115
2,6,1,2,8,N,23,1,N,2,16038
2,6,2,2,0,5,23,1,N,2,17259
1,6,1,2,9,6,15,1,N,2,19783
2,6,2,1,N,3,79,1,N,2,12228
1,1,2,2,N,N,31,1,N,2,12912
1,6,2,2,2,4,33,1,N,2,9702
1,6,4,1,8,10,61,1,N,2,9465
2,6,1,2,5,7,36,1,N,1,23054
2,1,1,2,8,7,79,1,N,2,15895
1,1,1,1,0,5,68,1,N,2,13910
1,1,1,1,6,4,60,1,N,1,16325
2,6,1,1,0,11,54,1,N,2,24618
2,6,2,2,5,9,31,1,N,2,5267
1,1,1,1,0,4,53,1,N,2,12731
2,6,2,1,1,3,73,1,N,2,15931
2,1,2,2,8,7,58,1,N,2,1811
2,1,1,0,6,7,47,1,N,2,18052
2,6,1,1,1,7,35,1,N,2,2053
1,1,1,1,4,7,37,1,N,2,24966
2,6,1,2,3,7,33,2,N,2,21976
2,1,1,2,7,5,67,1,N,2,12574
2,6,2,1,8,7,26,1,N,2,11867
1,6,1,2,1,4,41,1,N,2,14951
1,1,1,1,6,9,50,1,1,1,9129
2,6,1,1,9,7,54,1,N,2,10218
2,6,1,1,5,7,77,1,N,2,19617
2,1,1,1,1,4,26,1,N,2,23402
2,4,2,2,0,6,61,1,N,2,13201
1,1,3,1,9,N,31,1,N,2,24939
1,1,1,1,0,7,40,1,N,2,19695
1,1,1,1,9,N,57,1,N,2,16263
2,1,2,2,7,5,22,1,N,2,9490
2,1,1,1,0,4,51,1,N,2,7030
1,1,7,1,2,8,47,1,N,2,1882
1,6,2,2,5,7,27,1,N,2,17256
1,6,2,2,9,7,20,1,N,2,15567
1,4,1,2,9,N,51,1,N,2,10104
1,1,4,1,7,N,25,1,N,2,17110
2,1,1,1,N,N,81,1,N,2,14676
2,1,1,1,N,7,37,1,N,2,24939
1,1,1,1,0,7,28,1,N,2,16468
2,1,2,1,N,3,46,1,N,2,20627
1,6,1,1,N,9,52,1,N,2,24320
1,6,1,2,4,7,3,1,N,2,21608
2,1,1,1,9,7,42,1,N,2,16230
1,6,2,1,1,4,46,1,N,2,14606
1,6,2,2,2,12,61,3,N,2,18010
1,1,1,2,8,5,52,1,N,2,24158
2,1,1,1,6,9,22,1,N,2,9428
2,6,1,2,N,7,71,2,N,2,18744
2,1,2,1,9,9,81,1,N,2,17106
1,1,2,1,1,4,0,2,N,2,7029
2,1,1,1,N,7,35,1,N,2,22485
2,1,1,1,3,7,53,1,N,2,11618
2,1,1,0,N,7,61,1,N,2,20267
1,6,1,1,N,7,28,1,N,2,12714
1,1,9,1,N,N,83,1,N,2,27252
1,1,1,0,5,3,14,1,N,2,0
2,1,1,1,8,7,31,1,N,2,21103
2,1,1,1,3,N,21,1,N,2,17582
1,1,1,1,7,5,55,1,N,2,22927
1,6,1,1,8,7,52,2,N,2,27252
2,6,1,2,N,7,33,1,N,2,22991
2,1,1,1,5,6,66,1,N,2,12153
1,6,1,0,6,6,43,1,N,2,11064
1,1,1,1,0,3,71,1,N,2,18183
1,6,8,1,N,7,56,1,N,2,22671
1,6,1,1,6,7,18,1,N,2,23563
2,1,1,1,4,7,33,1,N,2,16561
1,1,2,1,9,7,40,1,N,2,9590
1,6,2,2,9,7,67,1,N,2,16503
1,6,1,2,N,7,21,1,N,2,11013
1,4,1,1,4,N,62,1,N,2,16708
2,1,1,2,1,1,12,1,N,2,18758
2,1,1,1,8,4,53,1,N,2,0
1,1,1,2,N,N,78,1,N,2,27252
2,1,1,1,3,5,25,1,N,2,22200
1,6,1,0,N,7,65,1,N,2,15574
2,6,1,1,4,1,70,1,N,2,7400
1,1,4,2,4,10,56,1,N,2,12133
2,6,1,2,4,7,32,1,N,2,24939
1,5,2,1,0,9,60,1,N,2,13989
2,1,5,1,5,6,67,1,N,2,20997
2,1,1,2,5,6,32,1,N,2,1692
1,1,9,1,8,7,13,1,N,2,24939
1,1,9,1,7,9,38,1,N,2,13931
2,1,1,1,8,7,55,1,N,2,4985
2,6,1,1,7,10,44,1,N,2,19798
2,1,1,2,9,6,71,1,N,2,2751
2,6,9,2,2,6,23,1,N,2,16794
1,6,1,1,5,6,59,1,N,2,25741
1,6,1,1,9,7,61,1,N,2,16075
2,6,1,1,6,7,20,1,N,2,13849
1,N,1,2,0,N,36,1,N,2,11895
2,6,1,1,1,6,55,1,N,2,18905
1,1,1,1,8,N,40,1,N,2,13940
1,1,1,1,1,11,42,1,N,2,25202
2,1,1,1,N,3,68,1,N,2,27252
1,4,2,1,4,4,49,1,N,2,5663
1,1,1,1,N,6,68,1,N,2,7445
2,6,1,2,6,6,34,1,N,2,20872
2,6,1,1,N,7,48,1,N,2,26190
2,6,1,1,4,N,30,1,N,2,15163
2,1,1,1,N,7,26,1,N,2,17434
2,1,2,2,9,7,0,1,N,2,27252
1,1,1,1,9,7,47,1,N,2,18060
1,1,2,1,8,7,6,1,N,2,24939
1,1,8,1,8,12,60,1,N,2,19026
2,1,1,2,7,7,81,1,N,2,15070
1,1,1,1,3,6,53,1,N,2,0
2,1,2,2,0,9,44,1,N,2,18234
1,3,1,1,8,6,68,1,N,2,4857
1,3,6,1,3,7,56,1,N,2,4539
2,6,1,1,2,8,60,1,N,2,7200
2,6,1,2,4,5,13,1,N,2,14830
1,6,1,1,3,N,31,1,N,2,17864
2,1,1,1,7,7,47,1,N,2,12450
1,6,4,1,N,5,3,1,N,2,19262
2,2,1,2,5,N,21,1,N,2,23564
2,4,8,1,0,N,74,1,N,2,17446
2,6,2,1,5,4,56,1,N,2,21925
1,1,1,2,N,7,85,1,N,2,10005
2,1,1,1,9,N,32,2,N,2,22188
2,6,1,2,0,3,57,1,N,2,15320
2,6,2,2,9,7,68,1,N,2,13143
2,1,1,2,3,5,69,1,N,2,7990
2,6,1,2,8,7,53,1,N,2,20355
2,1,1,1,5,2,36,1,N,2,23157
2,6,1,1,N,7,24,1,N,2,11873
2,6,1,2,2,5,14,1,N,2,13901
2,1,1,1,7,4,27,1,N,2,12626
2,1,1,1,7,2,77,1,N,1,27252
1,1,1,1,3,3,76,1,N,2,16357
2,4,2,1,2,7,92,1,N,2,18681
2,1,1,1,5,6,68,1,N,2,19704
2,4,1,1,2,6,57,1,N,2,12698
2,1,1,1,9,N,24,1,N,2,20250
1,6,2,1,2,6,19,1,N,2,16842
1,1,1,1,8,9,48,1,N,2,14038
1,1,1,2,N,5,24,1,N,2,18506
1,1,1,2,0,8,51,1,N,2,3110
2,1,1,1,7,N,14,1,N,2,20659
2,1,1,1,7,3,22,1,N,2,13519
1,6,1,1,5,7,47,1,N,2,11853
2,1,2,1,5,6,35,1,N,2,3558
2,1,1,1,6,9,53,1,N,2,4757
1,1,1,1,9,7,24,1,N,2,20717
1,5,1,1,6,5,30,1,N,2,22756
2,1,1,1,7,12,55,1,N,2,19791
2,6,1,2,8,6,60,1,N,1,25853
1,1,1,1,9,5,45,1,N,2,16650
1,6,1,0,0,7,20,1,N,2,14612
1,1,1,1,3,4,70,1,N,2,15449
2,1,1,2,8,6,31,1,N,2,13094
1,1,1,1,9,7,50,1,N,2,16185
2,6,8,1,N,7,45,1,N,2,5253
2,6,2,2,6,5,0,1,N,2,24775
2,6,1,1,3,N,62,1,N,2,12897
2,6,1,2,6,5,0,1,N,2,19748
1,1,1,2,9,6,49,1,N,2,2005
1,6,2,1,6,N,88,1,1,2,16158
1,1,1,1,9,7,73,1,N,2,24176
2,6,2,1,6,6,57,1,N,2,27104
2,5,3,1,6,N,63,1,N,2,22924
2,6,1,1,2,6,27,1,N,2,19821
1,1,1,1,9,12,61,1,N,2,19277
1,1,1,1,8,3,46,1,N,2,23309
2,1,1,1,7,7,35,1,N,2,22970
1,6,2,2,2,3,19,1,N,2,6176
1,1,1,1,7,12,38,1,N,2,27252
2,6,1,2,N,2,13,1,N,2,21866
2,6,1,1,8,7,66,1,N,2,10350
1,3,1,0,9,2,81,1,N,2,14963
2,1,1,1,3,N,35,1,N,2,26305
2,6,1,2,N,7,42,1,N,2,16434
2,1,1,1,7,4,52,1,N,2,18461
2,6,4,2,6,6,38,1,N,2,14853
2,1,9,2,0,N,76,1,N,2,20234
1,6,1,1,0,4,52,1,N,2,10939
1,1,1,1,4,7,38,1,N,2,22262
2,1,1,1,7,7,45,1,N,2,25418
2,6,1,1,4,11,62,1,N,2,23085
2,1,1,1,8,N,76,1,N,2,21705
1,6,1,1,5,10,59,1,N,2,22149
2,1,2,1,N,7,61,1,N,2,14850
1,1,1,1,7,5,65,1,N,2,23577
2,6,1,1,6,7,27,1,N,2,12034
2,1,1,1,2,7,7,1,N,2,24320
1,3,1,1,7,7,53,1,N,2,23098
2,1,1,1,2,7,84,1,N,2,0
2,1,2,1,7,N,31,1,N,2,15549
1,1,1,2,2,5,8,1,N,2,27252
2,1,1,1,N,N,67,1,N,2,21671
2,4,1,1,0,8,18,1,N,2,14168
1,1,1,1,5,3,25,1,N,2,17814
2,6,1,1,N,3,34,1,N,2,20490
1,6,1,1,0,N,85,1,N,2,9264
2,2,2,1,7,N,31,2,1,2,11176
1,1,1,1,7,4,21,1,N,2,17675
2,1,1,1,6,11,23,1,2,2,16549
2,6,1,2,7,3,8,1,N,2,17477
2,1,1,1,N,3,51,1,N,2,23397
2,6,1,1,6,7,46,1,N,2,5779
1,1,1,1,N,6,66,1,N,2,21154
1,1,1,0,9,N,24,1,N,2,15672
1,6,2,2,2,5,28,1,N,2,14791
2,1,2,2,6,N,85,1,N,2,14608
2,6,1,1,9,N,18,1,N,2,15041
2,1,1,2,9,5,68,1,N,2,3568
2,1,8,1,5,N,29,1,N,2,23561
1,1,1,1,7,3,71,1,N,2,13543
1,1,1,1,7,7,35,1,N,2,18421
1,4,1,2,0,N,53,1,N,2,16598
2,1,1,1,0,3,35,1,N,2,22135
2,1,1,1,3,11,44,1,N,2,6243
2,1,1,1,2,3,59,1,N,2,27252
1,6,1,1,0,1,2,1,N,2,17225
2,6,1,1,3,6,10,1,N,2,22064
2,1,1,1,N,3,76,1,N,1,12125
2,6,1,2,6,7,51,1,N,2,12738
1,6,1,2,9,3,25,1,N,2,9108
2,1,1,2,9,7,71,1,N,2,8504
1,1,1,1,6,N,37,1,N,2,26164
2,1,1,1,4,11,50,1,N,2,18328
2,6,1,2,6,3,23,1,N,2,16391
1,4,1,1,0,9,35,1,N,2,14059
2,6,8,2,1,10,1,1,N,2,18721
1,6,1,1,N,7,63,1,N,2,14054
2,1,1,1,7,7,56,1,N,2,19718
2,2,1,1,8,8,51,1,N,2,8139
2,3,1,2,4,6,47,1,N,2,26910
2,1,1,2,N,7,42,1,N,2,17802
2,6,2,0,1,6,45,1,N,2,18382
1,4,1,1,4,6,59,1,N,2,23886
2,N,1,2,9,N,49,1,N,2,13071
1,6,1,2,5,7,26,1,N,2,15843
2,6,2,1,5,12,39,1,N,2,9890
2,1,2,1,2,5,32,1,N,2,27252
2,1,1,1,7,N,52,1,N,2,14404
1,6,1,2,2,7,40,1,N,2,20858
2,1,1,2,N,7,61,1,N,2,6004
2,6,6,1,0,9,62,1,N,2,11139
2,1,1,1,9,7,25,1,N,2,14945
2,6,2,1,4,7,26,1,N,2,19144
1,3,3,1,0,7,13,1,N,2,15761
2,1,1,1,N,7,52,1,N,2,20006
1,1,2,2,3,7,39,1,N,2,16096
2,6,1,1,8,N,29,1,N,2,18140
2,1,1,2,6,5,64,1,N,2,13253
1,4,3,2,5,11,62,1,N,2,11567
1,6,2,1,2,6,2,1,N,2,23727
1,6,1,1,4,4,22,1,N,2,10028
1,4,1,2,1,11,67,1,N,2,16938
2,1,1,1,6,9,57,3,N,2,15289
2,6,1,2,7,4,20,1,N,2,27176
1,3,1,2,9,7,68,1,N,2,1698
2,6,1,2,0,5,13,1,N,2,18079
1,1,2,1,2,4,32,1,N,2,27072
2,1,2,0,7,7,30,1,N,2,18462
1,6,2,1,5,7,48,1,N,2,13772
2,1,1,1,5,11,33,1,N,2,27026
2,4,2,1,4,6,34,1,N,2,0
2,6,1,2,8,N,66,1,N,2,23233
2,6,2,2,4,7,90,1,N,2,22894
1,6,1,2,2,7,36,1,N,2,15441
1,1,1,1,8,11,81,1,N,2,11578
1,6,1,1,9,7,81,1,N,2,18783
2,1,1,1,8,12,23,1,N,2,17764
2,1,2,2,1,5,61,1,N,2,9680
2,6,1,1,2,7,28,1,N,2,17228
2,1,1,1,N,7,88,1,N,2,17069
2,6,2,1,2,7,39,1,N,2,16921
2,6,1,1,5,6,19,1,N,2,17261
2,6,6,2,2,2,16,1,N,2,26181
1,1,2,1,N,7,75,1,N,2,20481
2,6,1,2,5,6,0,3,N,2,27252
2,1,1,2,N,N,22,1,N,2,15483
2,1,1,1,6,7,56,1,N,2,22113
1,6,1,1,N,7,29,1,N,2,24939
2,6,2,1,8,7,40,1,N,2,9418
2,1,1,1,8,2,39,1,N,2,27252
2,5,1,2,2,5,66,1,N,2,23530
2,1,1,2,0,5,17,1,N,2,14026
2,1,1,2,N,N,8,1,N,2,19317
2,6,1,2,0,5,54,1,N,2,13910
1,3,1,1,7,3,3,1,N,2,12959
2,6,1,1,N,7,16,1,N,2,22775
2,1,1,1,6,7,23,1,N,2,9721
1,6,3,0,4,5,22,1,N,2,16139
1,6,1,2,8,6,6,1,N,2,16843
1,1,8,1,6,7,42,1,N,2,16831
2,6,8,2,9,7,46,3,N,2,15194
2,1,1,1,6,6,37,1,N,2,12532
2,1,1,1,3,5,25,1,N,2,8175
2,3,1,2,8,5,43,1,N,2,26586
1,6,2,1,2,9,81,1,N,2,0
1,6,1,1,2,8,43,1,N,2,27252
2,1,5,1,0,9,59,1,N,2,24103
2,6,1,1,1,6,54,1,N,2,22886
2,6,1,2,N,7,48,1,N,2,6903
1,1,1,1,1,7,65,1,N,2,7211
2,6,2,2,9,N,24,1,N,2,11769
1,1,1,1,3,9,32,1,N,2,21604
2,1,2,1,3,11,28,1,N,2,18958
2,3,1,2,4,3,11,1,N,2,23437
1,6,9,2,6,7,41,1,N,2,21332
2,1,1,1,6,4,54,1,N,2,19842
2,1,1,1,6,N,71,1,N,2,25314
2,6,1,2,N,2,40,1,N,2,22523
2,4,4,1,9,N,41,1,N,2,27252
1,1,1,2,N,7,36,1,N,2,24364
2,6,2,2,0,2,5,1,N,2,1827
1,1,1,1,N,7,51,1,N,2,15634
2,6,1,2,7,7,18,1,N,2,10465
2,6,3,1,0,7,63,1,N,2,23978
2,6,1,2,4,7,15,1,N,2,17858
2,6,2,2,3,7,3,1,N,2,3127
2,4,1,2,3,7,75,1,N,2,15555
2,6,1,1,7,3,0,1,N,2,16743
2,6,1,2,5,4,33,1,N,2,9134
1,6,8,1,4,11,30,1,N,2,12145
1,1,1,1,N,N,25,1,N,2,21154
2,4,2,1,9,7,10,1,4,2,18746
2,4,1,1,7,7,77,1,N,2,7719
2,1,1,1,6,5,6,1,N,2,16291
1,6,1,1,8,N,75,1,N,2,16337
2,1,1,1,4,12,86,1,N,2,15031
1,4,1,1,5,7,57,1,N,2,10437
2,6,1,1,4,9,21,1,N,2,21361
1,1,1,1,0,2,53,1,N,2,15650
2,6,1,1,7,7,29,1,N,2,16094
2,1,1,1,0,6,25,1,N,2,23421
1,1,1,1,4,8,62,1,N,2,21632
2,4,9,1,4,11,68,1,N,1,8452
1,6,1,1,4,6,31,1,N,2,18748
1,1,1,1,8,N,15,1,N,2,24302
1,1,2,2,4,7,27,1,N,2,13753
2,6,2,1,8,6,4,1,N,2,24800
1,1,1,1,N,N,80,1,N,2,16717
2,6,1,1,8,N,26,1,N,2,6954
2,6,1,2,6,4,61,1,N,2,11007
1,6,1,1,8,N,0,1,N,2,23521
2,1,2,2,5,4,56,1,N,2,13221
1,6,1,1,8,7,36,1,N,2,26707
2,6,1,1,9,3,40,1,N,2,6826
2,1,1,1,2,N,19,1,N,2,10985
1,6,1,2,5,N,45,1,N,2,24298
1,6,1,2,1,8,9,1,N,2,23465
2,6,1,1,9,6,19,1,N,2,12015
1,4,1,2,0,7,32,1,N,2,18989
1,6,2,0,9,3,75,1,N,2,25526
2,6,1,2,2,6,18,1,N,2,14747
1,6,1,1,8,12,10,1,N,2,13808
1,4,1,2,3,5,10,1,N,2,8414
2,N,1,2,0,11,0,1,N,2,23746
1,6,2,1,3,3,32,1,N,2,22752
1,6,1,1,4,11,46,1,N,2,19498
1,6,1,1,9,N,55,1,N,2,18882
2,6,1,1,6,7,10,1,N,2,16843
2,1,1,1,0,9,24,1,N,2,22401
2,6,2,2,3,7,31,1,N,2,23058
2,6,1,1,4,10,58,1,N,2,9427
2,1,4,1,0,10,23,1,N,2,11269
1,6,6,2,2,5,50,1,N,2,6628
2,1,1,1,0,7,81,1,N,2,19392
1,6,1,1,8,7,68,1,N,2,23926
2,1,1,1,7,N,32,1,N,2,15582
2,2,1,1,2,7,0,1,N,2,21838
1,3,1,1,3,N,60,1,N,2,17358
2,2,1,1,0,9,36,1,N,2,17033
1,1,1,1,2,7,79,1,N,2,27252
2,1,1,1,8,7,68,1,N,2,18421
2,6,2,2,7,7,80,1,N,2,12142
1,4,1,2,5,7,47,1,N,2,26968
1,3,1,1,9,7,69,1,N,2,18691
2,1,1,2,4,7,75,1,N,2,27252
1,1,1,1,3,7,13,1,N,2,19540
2,1,1,1,6,3,9,1,N,2,24745
2,1,1,1,4,7,32,1,N,2,15720
1,1,3,1,7,N,67,1,N,2,12613
2,1,2,1,5,12,9,1,N,2,6216
1,1,2,2,N,N,50,1,N,2,12417
1,1,1,1,6,9,37,1,N,2,21135
2,6,1,1,2,7,66,1,N,2,15620
2,3,2,2,0,9,28,1,N,2,9427
2,6,1,1,2,7,13,1,N,2,17753
2,1,2,1,N,7,56,1,6,2,14756
1,1,1,1,3,7,61,1,N,2,25237
1,1,1,0,2,7,68,1,N,2,9866
1,6,1,2,3,7,15,1,N,2,18147
1,1,1,1,9,N,47,1,N,2,27252
2,1,8,2,8,3,58,1,N,2,21478
1,6,1,1,9,N,76,1,N,2,8597
1,1,2,0,6,7,86,1,N,2,11353
2,6,2,2,N,6,42,1,N,2,11953
1,1,2,1,N,2,86,1,N,2,20214
2,1,1,1,9,N,32,1,N,2,23312
2,2,1,2,4,7,56,1,N,2,14732
2,1,1,1,2,1,55,1,N,2,21970
1,6,1,2,8,6,17,1,N,2,16267
2,6,1,2,6,7,59,1,N,2,18715
1,1,1,1,9,7,67,1,N,2,19105
1,1,1,1,6,3,66,1,N,2,27155
2,4,2,1,7,7,93,1,N,2,7817
2,1,1,1,7,7,59,1,N,2,20237
1,1,1,1,N,7,43,1,N,2,15512
1,1,1,2,7,N,74,1,N,2,22617
1,3,1,2,5,7,60,1,N,2,23989
2,6,2,1,4,12,12,1,N,2,20829
2,2,1,1,5,9,61,1,N,2,14048
2,6,1,1,9,7,26,1,N,2,14808
2,5,2,1,0,7,13,1,N,2,27252
1,6,1,1,7,7,49,1,N,2,14372
1,6,1,2,5,12,18,1,N,2,27252
2,3,2,1,0,7,49,1,N,2,14764
1,6,1,1,N,7,75,1,N,2,16201
2,1,1,1,9,12,61,1,N,2,15245
1,6,3,1,7,3,91,1,N,2,23562
1,1,8,1,N,7,82,1,N,2,18144
2,6,1,1,6,7,24,1,N,2,23939
1,1,1,1,6,6,57,1,N,2,12582
1,1,1,1,8,6,41,1,N,2,15986
1,1,2,1,4,12,61,1,N,2,18896
2,4,1,2,2,8,18,1,N,2,13283
1,1,1,1,0,7,0,1,N,2,18021
2,3,1,1,7,N,85,1,N,2,18444
2,2,2,2,6,7,40,1,N,2,17223
1,1,1,2,N,7,25,1,N,2,14177
2,6,1,2,1,5,22,1,N,2,16268
1,1,1,1,7,N,44,1,N,2,21988
2,6,1,2,1,4,28,1,N,2,3875
1,1,1,2,5,N,57,1,N,2,20062
2,1,1,1,3,N,37,1,N,2,27252
1,6,1,1,0,3,41,1,N,2,14273
1,5,1,1,8,7,76,1,N,2,6977
2,6,1,2,0,11,36,1,N,2,20944
2,1,1,1,8,7,69,1,N,2,27252
2,1,2,1,8,5,43,1,N,2,12557
2,6,6,2,1,4,77,1,N,2,12022
2,6,1,1,5,N,55,1,N,2,27252
1,1,1,1,7,7,74,1,N,2,20600
2,6,1,2,0,4,74,1,N,2,4140
1,6,1,2,7,7,26,1,N,2,18875
2,1,1,1,1,4,50,1,N,2,10295
1,1,9,1,6,11,80,1,N,2,14642
1,1,1,1,N,3,92,1,N,2,12119
2,1,1,1,3,4,46,1,N,2,22881
1,6,2,2,6,7,21,1,N,2,11424
2,1,1,1,6,7,43,1,N,2,1952
1,6,1,2,9,N,50,1,N,2,26313
1,1,1,1,2,6,39,1,N,2,13852
1,4,1,2,6,7,48,1,N,2,22055
1,6,2,1,5,6,40,1,N,2,19271
1,6,1,1,0,6,38,1,N,2,18982
1,1,2,0,2,3,29,1,N,2,15138
1,1,1,2,9,7,14,1,N,2,20918
2,1,1,0,7,7,38,1,N,2,19416
2,1,1,1,0,12,29,1,N,2,12346
2,1,1,1,6,2,77,1,N,2,15087
2,1,1,2,3,7,30,1,N,2,16273
2,1,2,1,8,10,60,1,1,2,17573
2,6,1,1,7,9,59,1,N,2,1500
2,1,1,1,9,4,48,2,N,1,10455
2,1,1,2,9,6,28,1,N,2,20226
2,1,1,1,0,9,73,1,N,2,5051
1,1,1,1,N,3,51,1,N,2,27252
2,6,1,2,3,N,49,1,N,2,10957
2,6,1,1,N,N,51,1,N,2,14791
2,4,1,1,7,11,6,1,N,2,18933
1,6,1,1,0,1,60,1,N,2,16044
2,1,1,1,9,10,21,1,N,2,7614
2,6,2,1,0,4,11,1,N,2,17690
1,1,1,1,9,5,38,1,N,2,23350
2,1,1,1,N,3,30,1,N,2,12794
1,1,1,1,9,7,32,1,N,2,17390
2,3,1,1,7,2,71,1,N,2,15119
1,4,1,1,9,9,32,1,N,2,3142
2,3,1,1,0,10,8,1,N,2,17765
1,1,1,2,5,5,58,1,N,2,18133
2,2,1,1,1,5,67,1,N,2,8847
2,1,8,1,3,7,41,1,N,2,27252
2,6,1,1,2,6,18,1,N,2,12476
1,6,2,2,7,5,32,1,N,2,15581
2,6,1,2,4,9,13,1,N,2,8954
2,1,2,1,9,7,35,1,N,2,21013
2,1,5,1,7,7,95,1,N,2,20294
1,1,1,1,N,7,82,1,N,2,22130
2,6,1,1,2,5,27,1,N,2,21074
1,1,1,1,9,N,68,1,N,2,10217
2,6,1,2,9,7,31,1,N,2,6174
2,2,1,1,1,5,23,1,N,2,14425
1,1,2,1,2,7,37,1,N,2,10245
1,3,1,2,6,N,80,1,N,2,19791
1,1,5,2,7,4,95,1,N,2,13755
2,6,1,1,9,7,4,1,N,2,20601
2,6,1,1,0,3,0,1,N,2,27252
2,1,1,1,8,N,69,1,N,2,15003
2,6,1,2,5,6,37,1,N,2,23404
1,6,1,1,9,7,79,1,N,2,12744
2,1,1,1,N,N,59,1,N,2,17172
2,6,3,2,6,7,32,1,N,2,13671
1,1,1,2,2,6,55,1,N,2,9229
2,6,2,0,2,N,0,1,N,2,26130
1,1,1,1,0,N,32,1,N,2,21594
2,1,1,1,2,7,72,1,1,2,22144
1,6,1,1,7,2,72,1,N,2,20354
2,6,1,1,6,N,28,3,N,2,8806
2,6,3,1,5,2,51,1,N,2,18629
1,1,1,1,2,5,23,1,N,1,16554
2,1,1,1,8,7,50,1,N,2,18212
2,1,1,2,8,6,56,1,N,2,24156
2,6,1,2,0,3,7,1,N,2,25305
2,6,1,2,4,7,3,1,N,2,10767
1,1,1,2,2,7,26,2,N,2,9500
1,1,1,2,6,11,58,1,N,2,16229
1,4,1,1,2,3,31,1,N,2,10056
2,3,1,2,6,N,61,1,N,2,24939
2,1,1,1,N,7,44,1,N,2,9476
1,1,1,1,1,3,75,1,N,2,14537
2,6,1,1,1,8,67,1,N,2,5969
2,1,2,2,8,6,60,1,N,2,25198
2,6,2,1,9,3,22,1,N,2,27252
2,5,1,1,4,6,8,1,N,2,15473
2,6,2,2,3,6,26,1,N,2,15589
1,6,1,1,8,7,46,1,N,2,16106
2,6,1,2,0,4,19,1,N,2,14713
1,3,1,2,6,2,23,1,N,2,22108
2,1,1,0,N,4,38,1,N,2,12570
2,6,3,1,8,7,20,1,N,2,18716
2,1,1,1,3,7,54,1,N,2,15236
2,6,1,2,2,5,4,1,N,2,18674
2,1,1,1,1,9,0,1,N,2,19074
2,1,1,1,4,6,60,1,N,2,4212
2,N,1,2,7,4,48,1,N,2,24587
1,1,6,1,2,5,10,1,N,2,13869
2,1,1,1,4,12,39,1,N,2,1323
1,6,1,1,N,N,25,1,N,2,15574
1,6,1,2,8,7,33,1,N,2,10548
1,4,2,1,6,7,0,1,N,2,24916
2,1,7,1,0,3,49,1,N,2,26646
2,1,1,1,5,5,81,1,N,2,15731
2,6,1,2,2,5,46,1,N,2,9498
2,1,1,2,7,3,55,1,N,2,17520
2,1,3,1,9,12,63,1,N,2,17078
1,1,2,1,1,9,47,1,N,2,3917
2,4,2,2,4,7,63,3,N,2,1340
1,1,1,1,4,9,51,1,N,2,17140
2,1,1,1,8,12,71,1,N,2,16064
2,1,1,1,3,7,84,1,N,2,11446
1,1,1,1,3,6,47,1,N,2,15833
1,1,1,1,6,5,53,1,N,2,13447
1,6,1,1,0,7,39,1,N,2,18261
2,4,1,1,7,11,74,1,N,2,16336
2,4,1,1,4,6,0,1,N,2,16975
2,1,1,1,7,7,93,1,N,2,8421
1,1,1,2,3,N,83,1,N,2,8631
2,6,1,1,8,7,50,1,N,2,15519
1,1,1,1,3,4,62,1,N,2,3264
2,6,1,2,6,7,6,1,N,2,10451
2,6,1,1,3,7,31,1,N,2,14042
2,2,1,1,4,7,54,1,N,2,12009
2,1,1,1,5,7,39,1,N,2,27252
1,3,1,1,N,7,95,1,N,2,17077
1,1,1,1,8,7,95,1,N,2,18209
2,6,1,2,2,5,71,1,N,2,15773
1,1,1,1,4,N,72,1,N,2,18099
2,6,2,1,3,7,38,1,N,2,18275
2,6,1,1,3,9,22,1,N,2,17533
1,6,1,2,8,6,20,1,N,2,12172
2,6,1,2,0,3,14,1,N,2,13762
2,1,1,2,N,4,43,1,N,2,24416
2,6,1,0,1,5,72,1,N,2,15591
2,6,3,2,2,4,47,1,N,2,24939
1,4,2,1,8,2,8,1,N,2,15182
1,1,1,1,N,7,61,1,N,2,17641
2,1,1,1,9,7,27,1,N,2,16508
2,6,1,1,0,7,6,1,N,2,19897
1,6,2,2,3,7,51,1,N,2,3737
2,6,2,1,N,7,58,1,N,2,15854
2,3,9,1,N,7,40,1,N,2,12761
2,6,9,1,4,4,35,1,N,2,19180
2,6,2,1,0,7,46,1,N,2,10035
1,6,1,1,8,6,24,1,N,2,6828
2,1,1,1,N,7,69,1,N,2,17656
2,6,1,0,8,7,59,1,N,2,17563
1,6,2,1,4,4,55,1,N,2,20300
2,2,1,1,9,7,25,1,N,2,13196
2,1,1,1,9,6,45,1,N,2,11946
2,1,1,2,7,7,54,1,N,2,26623
2,4,2,2,4,N,26,1,N,2,9916
2,6,1,0,2,6,35,1,N,2,16416
1,1,1,1,N,7,29,1,N,2,3268
1,6,1,1,7,7,0,1,N,2,24939
2,3,2,1,4,6,0,1,N,2,19484
1,1,1,1,9,3,37,1,N,2,17545
2,1,2,1,4,6,4,1,N,2,15304
2,6,1,2,2,7,21,1,N,2,24939
2,1,1,1,5,6,16,1,N,2,19407
2,1,1,1,2,7,74,1,N,2,15022
1,1,1,1,N,N,6,1,N,2,8466
2,6,1,1,6,7,48,1,N,2,5127
2,1,1,1,8,7,66,1,N,2,8092
1,6,1,1,7,7,23,1,N,2,19420
1,1,5,1,1,4,27,1,N,2,24600
1,1,3,1,5,6,90,1,N,2,18946
1,1,2,1,0,4,76,1,N,2,7420
2,1,1,1,8,2,48,3,N,2,20036
1,6,9,2,4,6,0,1,N,2,16570
2,1,1,1,1,10,70,1,N,2,3072
1,4,1,2,3,5,18,1,N,2,6125
1,6,9,0,5,6,37,1,N,2,17237
2,6,3,2,3,9,28,1,N,2,14194
2,1,1,1,4,N,65,1,N,2,8185
1,4,1,1,3,7,22,1,N,2,17540
2,1,1,2,7,4,53,1,N,2,17097
2,5,6,1,5,5,11,1,N,2,24525
2,6,1,1,N,7,17,1,N,2,15733
1,1,1,1,2,7,63,1,N,2,25259
1,4,4,2,6,9,62,1,N,1,3500
2,1,1,1,0,9,5,1,N,2,19783
2,4,1,2,3,7,71,1,N,2,402
2,6,1,1,9,4,31,1,N,2,19910
1,4,1,1,0,9,21,1,N,2,16354
2,1,1,2,1,10,59,1,N,2,26854
2,1,1,1,N,2,95,1,N,2,1692
1,6,1,1,0,4,16,1,N,2,9003
2,1,1,1,N,7,12,1,N,2,24939
1,1,1,1,N,N,49,1,N,2,27252
1,1,1,1,9,4,88,1,N,2,14837
2,6,3,1,0,6,35,1,N,2,20588
1,6,1,1,9,7,74,1,N,2,27252
2,1,1,1,9,N,47,1,N,2,25043
2,1,1,1,0,4,70,1,4,2,2640
2,3,1,2,3,3,42,1,N,2,8992
1,1,1,0,3,7,22,1,N,2,27252
2,1,1,1,8,N,26,1,N,2,17719
1,6,1,1,3,N,19,1,N,2,18293
2,1,1,1,9,4,21,1,N,2,4992
1,6,1,1,2,6,38,1,N,2,19276
1,6,1,2,3,3,53,1,N,2,13452
2,1,1,2,1,6,22,1,N,2,7562
1,6,2,2,4,7,52,1,N,2,15328
2,6,2,0,5,7,47,1,N,2,7241
1,1,2,1,9,N,20,1,N,2,22212
1,1,1,0,1,11,65,1,N,2,6588
2,6,1,1,0,5,68,1,N,2,21125
2,3,1,1,3,10,47,1,N,2,14331
1,6,2,0,0,6,10,1,N,2,24651
2,1,1,1,5,7,15,1,N,2,11432
1,6,1,1,4,9,42,1,N,2,4762
2,1,1,1,N,3,19,1,N,2,17568
2,6,1,1,6,9,60,1,N,2,7598
2,6,1,2,6,7,11,1,N,2,18875
1,1,1,1,5,5,7,1,N,2,7758
2,6,1,2,5,6,3,1,N,2,24939
1,1,1,1,7,5,72,1,N,2,19387
2,6,1,1,2,N,74,1,N,2,14027
2,1,2,2,4,7,39,1,N,2,21279
1,1,1,1,N,N,39,3,N,2,27252
1,6,1,1,9,4,53,1,N,2,24495
1,6,1,2,3,7,26,1,5,2,21398
1,1,2,1,N,7,32,3,N,2,13569
1,6,3,1,7,7,27,1,N,2,25253
2,6,1,2,4,2,39,1,N,2,3085
1,1,1,1,N,7,42,1,N,2,20625
2,4,3,2,0,7,40,1,N,2,10247
2,6,1,1,5,7,29,1,N,2,13618
2,1,1,2,9,N,45,1,N,2,7105
1,6,1,2,1,9,0,1,N,2,27252
2,1,1,1,5,9,76,1,N,2,18426
1,6,1,2,5,6,14,1,N,2,9239
2,5,1,1,7,N,80,1,N,2,2083
2,1,1,1,6,7,44,3,N,2,3550
1,N,1,1,9,11,42,1,N,2,18927
2,1,4,2,1,4,37,1,N,2,13465
1,5,2,2,0,8,14,1,N,2,11488
1,1,1,1,1,9,47,1,N,2,22919
2,5,1,2,8,7,44,1,N,2,14592
2,1,1,1,8,N,41,1,N,2,11157
1,6,9,2,0,6,68,1,N,2,8540
2,1,1,1,1,9,37,1,N,2,9038
1,1,1,1,7,3,73,1,N,2,25833
2,1,1,2,7,2,15,1,N,2,21333
2,1,1,2,0,11,66,1,N,2,19460
1,6,3,2,2,4,33,1,N,2,3820
2,1,1,1,0,7,78,1,N,2,614
2,1,2,1,0,8,51,1,N,2,16074
1,1,8,1,3,6,54,1,N,2,13037
1,6,1,2,N,7,32,1,N,2,13135
1,4,1,1,0,6,32,1,N,2,8938
2,4,2,1,0,6,39,1,N,2,1930
2,1,1,1,2,7,44,1,N,2,21441
1,1,1,1,5,6,63,1,N,2,12451
2,1,1,1,1,8,32,1,N,2,24643
1,1,1,1,2,2,44,1,N,2,24939
2,6,1,1,4,7,66,1,N,1,21585
2,6,1,0,5,5,24,1,N,2,11900
2,6,1,1,1,4,48,1,N,2,20640
1,3,1,2,6,7,24,1,N,2,15526
1,1,1,1,4,12,55,1,N,2,24939
1,6,1,2,2,7,28,1,N,2,25057
2,1,1,2,0,6,44,1,N,2,27252
1,1,1,1,2,11,93,1,N,2,10950
2,1,1,1,2,N,55,1,N,2,24849
2,6,1,2,8,7,61,1,N,2,16292
2,1,2,2,9,3,69,1,N,2,24015
1,1,1,2,8,5,38,1,N,2,27252
2,4,2,1,2,6,0,1,N,2,12471
2,6,1,1,8,5,34,1,N,2,17694
2,1,1,1,6,5,71,1,N,2,12385
1,1,1,2,6,8,71,1,N,2,6053
2,4,1,2,1,7,2,1,N,2,19664
2,1,1,1,6,7,37,1,N,2,13515
2,4,1,1,7,9,59,1,N,2,22967
2,1,1,2,8,7,73,1,N,2,14633
1,N,1,2,6,7,54,1,N,2,7661
2,1,6,1,4,6,55,1,N,2,10228
1,6,1,1,8,N,58,1,N,2,18304
2,1,1,2,6,6,82,1,N,2,25292
1,6,2,2,5,9,9,1,N,2,15165
2,1,8,1,5,4,41,1,N,2,13821
2,6,1,1,5,N,71,1,N,2,6330
1,1,1,2,4,9,0,1,N,2,1838
1,1,1,2,8,N,40,1,N,2,4862
2,1,8,1,4,9,21,1,N,2,11299
2,6,1,2,1,6,38,1,N,2,18068
1,1,1,1,N,N,82,1,N,2,2771
2,2,1,2,0,7,44,1,5,2,25914
1,1,1,2,9,N,92,1,N,2,14626
2,1,1,1,4,2,69,1,N,2,17601
2,6,1,2,8,9,6,1,N,2,23282
1,6,8,1,4,5,21,1,N,2,23582
1,6,2,1,4,7,47,1,N,2,20880
1,1,1,1,3,5,69,1,N,2,13063
2,1,1,1,6,7,0,1,N,2,24939
1,6,1,2,9,7,70,1,N,2,24661
2,6,2,2,4,11,61,1,N,2,12797
2,6,1,2,4,N,31,1,1,2,14717
1,1,1,1,5,2,0,1,N,2,23808
2,1,1,1,N,7,51,1,N,2,25736
2,1,1,1,9,6,26,1,N,2,11425
2,6,6,2,0,4,18,1,N,2,14063
2,6,1,2,8,N,38,1,N,2,15445
1,6,2,1,N,7,15,1,N,2,22233
2,6,2,2,7,N,4,1,N,2,23316
1,6,1,2,9,6,35,1,N,2,12474
2,6,2,1,2,7,8,1,N,2,27063
2,1,1,1,8,3,55,1,N,2,19732
2,1,1,1,9,7,25,1,N,2,22499
2,1,1,1,9,7,54,1,N,2,21925
1,6,1,0,0,4,43,1,N,2,25088
2,6,1,1,2,7,51,1,N,2,3075
1,1,1,1,N,7,60,1,N,2,20109
2,1,1,1,6,6,93,1,N,2,16962
2,1,1,1,7,7,38,1,N,2,15068
1,1,3,1,6,2,91,1,N,2,12112
1,1,1,1,2,5,44,1,N,2,14322
2,6,1,2,0,5,81,1,N,2,15378
1,1,1,1,N,N,37,1,N,2,11287
2,1,1,1,7,7,30,1,N,2,12247
2,1,1,1,9,N,23,1,N,2,16130
1,6,1,2,9,5,30,1,N,2,27252
1,1,1,1,6,7,75,1,N,2,12627
2,6,1,0,7,6,6,1,N,2,27252
1,3,1,2,7,3,15,1,N,2,15991
1,1,1,1,9,7,52,1,N,2,18548
1,1,1,1,N,7,85,1,N,2,11331
1,1,1,1,2,3,49,1,N,2,27252
1,N,1,1,N,7,0,1,N,2,24918
1,6,1,1,4,5,0,1,N,2,13968
2,1,1,2,0,10,59,1,N,2,22195
2,6,2,2,7,7,12,1,N,2,19411
2,1,2,1,N,3,55,1,N,2,17788
2,6,1,1,3,3,48,1,N,2,27252
1,6,1,2,0,8,11,1,N,2,17381
2,1,1,1,6,10,38,1,N,2,8959
1,1,1,1,5,7,58,1,N,2,20665
2,6,9,2,8,5,75,1,N,2,7620
2,1,1,1,4,9,24,1,N,2,20741
2,6,3,1,N,7,15,1,N,2,16223
1,1,1,1,0,11,27,1,N,2,20665
1,1,1,1,1,N,24,1,N,2,23541
2,1,1,2,9,12,31,1,N,2,21247
2,1,1,1,7,7,85,1,N,2,12143
1,1,1,2,1,5,20,1,N,2,11949
2,3,7,2,7,7,58,1,N,2,11697
1,1,1,1,0,4,74,1,N,2,22414
2,1,2,1,5,7,76,1,N,2,16354
2,1,1,2,7,7,16,1,N,2,23692
1,1,1,1,N,7,74,1,N,2,24240
2,1,1,1,8,6,0,1,N,2,17004
2,6,2,2,9,7,44,1,N,2,20228
1,1,1,1,3,9,9,1,N,2,22390
2,1,1,1,7,7,95,1,N,2,18067
2,6,2,2,N,7,48,1,N,2,22501
2,3,1,1,0,7,59,1,N,2,16195
2,1,1,1,N,N,39,1,N,2,24118
1,6,2,2,N,7,19,1,N,2,16765
2,6,2,1,N,7,49,1,N,2,21451
2,1,1,1,4,5,81,1,N,2,23295
2,1,1,1,3,N,58,1,N,2,13063
1,1,1,2,8,6,23,1,N,2,21411
1,6,2,2,0,10,5,1,4,2,18431
2,1,1,1,8,6,17,1,N,2,10454
1,6,1,2,0,3,20,1,N,2,7301
2,1,1,1,N,7,59,1,N,2,22828
1,1,3,1,6,5,68,1,N,2,4209
1,3,1,1,9,N,70,1,N,2,14701
2,2,2,2,8,7,44,1,N,2,12265
2,1,1,2,4,7,13,1,N,2,19755
1,1,1,1,9,N,93,1,N,2,26135
2,1,1,1,N,7,45,1,N,2,18754
2,6,1,1,4,5,1,1,N,2,12753
2,6,2,2,2,3,11,1,N,2,13146
2,1,1,1,9,7,53,1,N,2,20928
2,3,2,2,0,5,70,1,N,2,7969
1,1,1,1,3,7,62,1,N,2,22127
2,1,1,2,9,7,73,1,N,2,19539
2,1,1,1,9,7,51,1,N,2,21533
2,6,1,2,9,10,50,1,N,2,21230
2,3,1,2,N,N,68,1,N,2,5033
2,1,8,1,8,N,80,1,N,2,8977
2,4,1,1,6,7,47,1,N,2,16945
1,4,1,1,8,7,38,1,N,2,19473
1,3,1,2,4,7,52,1,N,2,17424
1,4,1,1,6,7,23,3,N,2,15072
2,N,1,1,4,6,38,1,N,2,1692
2,4,2,1,N,7,11,1,N,2,9847
2,1,1,1,8,N,53,1,N,2,15631
2,1,1,2,8,9,53,1,N,2,7811
2,1,1,2,5,3,7,1,N,2,20060
2,6,1,2,N,7,29,1,N,2,14004
2,1,1,1,3,5,90,1,N,2,23671
1,6,1,2,1,4,35,1,N,2,15471
2,1,2,2,7,3,44,1,N,2,15747
2,6,1,2,2,3,61,1,N,2,23713
2,1,1,1,6,N,30,1,N,2,14364
2,1,1,1,N,7,58,1,N,2,27252
1,6,1,2,5,N,0,1,N,2,27252
2,1,1,1,7,7,70,1,N,2,20159
2,1,1,2,N,7,0,1,N,2,18640
2,1,1,1,9,7,28,1,N,2,7968
1,1,1,2,8,7,34,1,N,2,189
2,6,3,1,3,5,48,2,N,1,2267
2,6,1,2,3,6,31,1,N,2,22290
1,1,1,1,0,N,69,1,N,2,27252
1,6,2,2,3,8,9,1,N,2,12601
1,1,2,2,0,4,44,1,N,2,14984
2,6,2,2,0,4,37,1,N,2,11218
2,6,1,2,0,7,14,1,N,2,16451
1,6,1,1,3,7,37,1,N,2,24939
2,6,6,2,3,6,28,1,N,2,8787
2,1,1,2,6,N,53,1,N,2,27252
1,6,2,2,8,7,19,1,N,2,15493
2,1,1,1,N,3,30,1,N,2,5546
1,1,1,1,1,9,67,1,N,2,12165
2,1,1,1,2,7,64,1,N,2,14181
2,6,2,1,2,7,16,1,N,2,13068
1,3,2,2,7,9,16,1,N,2,15678
1,1,1,1,4,7,61,1,N,2,9816
1,1,1,1,N,3,30,1,N,2,27252
1,1,2,2,1,5,25,1,N,2,3373
1,1,1,1,N,3,85,1,N,2,14549
2,6,2,2,6,7,74,1,2,2,20026
1,6,2,2,0,12,27,1,N,2,23178
2,6,1,0,7,7,26,1,2,2,27252
1,6,2,2,N,12,84,1,N,2,14091
2,1,1,2,0,N,36,1,N,2,27252
2,2,1,1,8,5,29,1,N,2,16092
1,1,1,1,6,11,53,1,N,2,8874
2,1,2,1,8,7,57,1,N,2,15535
1,6,2,1,8,6,88,1,N,2,653
1,1,1,1,9,N,56,1,N,2,27252
1,1,2,2,1,9,34,1,N,2,24421
1,6,1,1,6,N,39,1,N,2,10630
1,3,1,0,0,8,0,1,N,2,26496
2,6,1,2,8,7,44,1,N,2,13804
1,1,1,2,8,12,15,1,N,2,27252
2,1,1,1,N,N,81,1,N,2,16693
1,1,6,1,0,N,24,1,N,2,20245
1,1,1,1,3,8,10,1,N,2,19883
1,6,1,1,6,5,48,1,N,2,24651
2,1,1,1,9,N,67,1,N,2,12354
2,3,8,1,9,9,8,1,N,2,11931
2,1,1,1,7,7,59,1,N,2,21691
2,1,1,1,4,9,49,1,N,2,20652
1,1,1,1,9,6,82,1,N,2,23532
2,6,1,2,3,10,44,1,N,2,7016
1,1,1,0,0,N,9,1,N,2,15040
1,6,2,1,0,6,21,1,N,2,19914
2,6,1,2,5,N,39,1,N,2,14607
1,3,1,2,0,1,52,2,N,2,9675
2,1,2,2,6,7,13,1,N,2,18874
2,1,1,1,9,6,70,1,N,2,17190
1,5,1,2,6,2,32,1,N,2,20275
1,6,2,2,3,4,53,1,N,2,0
2,6,2,1,N,6,28,1,N,2,18397
2,1,1,1,N,7,54,1,N,2,21494
2,1,1,1,5,9,10,1,N,2,12674
2,1,1,2,0,9,50,1,N,2,1513
2,1,1,1,0,8,29,1,N,2,25699
1,1,1,1,6,N,95,1,N,2,10375
2,1,1,1,6,7,44,1,N,2,7782
2,1,3,2,4,7,16,1,2,2,1907
2,1,1,1,5,N,52,1,N,2,24939
2,5,1,1,6,N,83,1,N,2,21117
1,3,1,1,8,8,77,1,N,2,14776
1,6,2,1,6,6,36,1,N,2,17137
2,2,1,1,8,7,7,1,N,2,7535
1,6,1,1,1,7,33,1,N,2,12689
2,6,3,1,4,5,21,1,N,2,17280
2,1,1,1,9,12,20,1,N,2,23805
2,1,1,2,4,9,5,1,N,2,25021
2,4,1,1,6,2,50,1,N,2,27252
2,3,1,1,3,7,26,3,N,2,21914
1,1,1,2,1,4,47,1,N,2,26683
2,1,1,1,3,3,32,1,N,1,10834
2,6,2,2,7,6,38,1,N,2,647
2,6,1,1,1,N,5,1,N,2,2147
2,6,2,1,2,7,24,1,N,2,18578
1,1,1,2,6,N,16,1,N,2,23172
2,6,2,2,5,6,33,1,N,2,7129
2,1,1,2,8,6,39,1,N,2,24004
1,6,1,1,N,7,25,1,N,2,14290
1,1,1,1,7,N,63,1,N,2,15414
2,5,2,2,0,7,64,1,N,2,0
2,6,1,1,4,4,61,1,N,2,21621
1,1,1,1,2,7,49,1,N,2,11302
1,4,1,1,7,7,93,1,N,2,15623
1,1,1,1,5,7,46,1,N,2,18742
2,6,2,1,8,6,10,1,N,2,27252
1,3,1,1,2,N,61,1,N,2,26851
2,1,1,2,3,N,54,1,N,2,23091
2,1,1,1,N,N,46,1,N,2,23150
1,6,1,2,2,6,40,1,N,2,19051
2,1,5,1,7,6,39,1,N,1,17076
2,6,1,2,9,5,32,1,N,2,6479
2,5,1,1,0,2,71,1,N,2,15134
2,6,2,2,9,6,9,1,N,2,13633
2,1,1,1,0,7,88,1,N,2,20984
2,1,1,1,N,N,59,1,N,2,13998
1,1,1,2,7,7,14,1,N,2,23684
2,1,1,1,5,7,87,1,N,2,4609
1,6,1,2,2,5,43,1,N,2,12191
1,4,1,1,8,6,48,1,N,2,4862
2,6,1,1,8,4,78,1,N,2,26619
2,6,1,1,5,8,10,1,N,2,24939
1,1,1,1,7,7,42,1,N,2,17217
2,3,1,2,3,11,11,2,N,2,2982
2,6,1,1,3,5,11,1,N,2,7820
1,6,2,2,4,10,52,1,N,2,23418
2,1,1,1,6,7,44,1,N,2,24272
2,1,1,1,9,3,51,1,N,2,2458
1,1,1,1,2,N,70,1,N,2,19797
1,2,1,1,5,12,3,1,N,2,20377
2,1,1,1,2,N,7,1,N,2,15044
1,6,1,2,6,5,45,1,N,2,8208
1,1,1,1,6,7,32,1,N,2,18395
1,1,1,1,4,3,51,1,N,2,27252
2,4,1,1,8,7,67,1,N,2,27252
1,4,1,0,5,6,44,1,N,2,11790
1,1,1,1,2,7,79,1,N,2,15077
2,1,1,1,1,5,89,1,N,2,18736
1,1,1,2,7,6,63,1,N,2,18007
2,6,1,1,9,7,30,1,N,2,16919
1,6,2,1,2,3,25,1,N,2,13811
2,1,1,1,8,N,66,1,N,2,22817
1,6,2,2,4,7,30,1,N,2,19394
2,1,1,1,7,10,72,1,N,2,16226
1,6,2,1,5,6,0,1,N,2,13292
2,6,6,2,3,6,27,1,N,2,9536
2,1,1,1,9,6,32,1,N,2,20480
2,1,1,2,9,N,54,1,N,2,22678
2,1,1,1,N,N,51,1,N,2,19473
1,1,1,1,3,7,12,1,N,2,19460
1,1,2,1,7,7,10,1,N,2,27252
2,6,1,2,0,7,46,1,6,2,21755
1,4,1,2,8,7,24,1,N,2,10234
1,1,1,1,N,N,92,1,N,2,27252
2,6,2,1,9,7,18,1,N,2,21282
2,1,1,1,N,7,39,1,N,2,16281
1,1,1,2,6,7,79,1,N,2,26486
1,1,2,1,7,7,80,1,N,2,13525
1,1,6,1,8,6,42,1,N,2,12114
1,1,2,1,9,2,47,1,N,2,21830
2,1,1,1,5,5,59,1,N,2,20603
1,6,1,2,9,8,61,1,N,2,9335
2,6,1,0,8,7,15,1,N,2,13556
2,1,3,1,7,6,57,1,N,2,10005
2,6,1,1,2,3,33,1,N,2,11272
2,6,2,2,6,N,45,1,N,2,21630
1,6,1,1,7,N,49,1,N,2,14637
1,6,1,2,1,2,72,1,N,2,0
1,6,1,1,0,8,44,1,N,2,15545
1,1,1,1,8,N,0,1,N,2,8252
2,1,1,1,N,7,34,1,N,2,16858
2,1,1,1,0,3,75,1,N,2,17922
2,6,1,1,1,4,29,1,N,2,20055
1,1,1,2,9,7,7,1,N,2,25464
2,1,1,1,5,N,0,1,N,2,19077
1,6,1,2,8,3,21,1,N,2,9760
2,6,1,2,7,N,21,1,N,2,23026
2,1,1,1,7,2,52,1,N,2,20804
2,1,1,1,5,9,31,1,N,2,24511
2,1,2,1,6,7,76,1,N,2,17269
2,1,2,1,1,5,47,1,N,2,22710
2,6,1,1,N,7,43,1,N,2,9440
2,6,1,2,9,7,28,3,N,2,13072
2,1,1,1,0,3,55,1,N,2,13151
2,6,2,1,2,7,14,1,N,2,10943
1,1,1,2,N,7,24,1,N,2,19296
1,6,2,2,2,7,12,1,N,2,16168
2,1,1,1,6,9,13,1,N,2,18905
1,1,1,1,5,11,7,1,N,2,23479
1,6,2,2,3,7,52,1,N,2,15188
2,6,1,0,2,7,95,1,N,2,8498
2,1,1,2,5,7,46,1,N,2,15882
1,1,1,1,1,6,59,1,N,2,0
1,6,1,2,3,3,8,1,N,2,24564
1,1,1,1,5,1,75,1,N,2,9427
2,1,1,1,3,3,73,1,N,2,8526
1,6,2,1,9,12,52,1,N,2,7501
1,1,1,1,9,11,42,1,N,2,17196
2,6,1,2,8,7,21,1,N,2,12420
2,6,1,1,6,N,17,1,N,2,15585
1,1,1,2,9,9,73,1,N,2,7762
2,6,1,1,7,6,75,1,N,2,19725
2,1,3,1,9,7,91,1,N,2,19343
2,1,1,1,9,3,43,1,N,2,17878
1,4,2,1,6,2,52,1,N,2,12805
2,6,9,2,8,7,23,1,N,2,17517
1,6,1,2,3,6,23,3,N,2,4065
2,4,1,1,8,6,89,1,N,2,13810
2,3,1,1,N,7,30,1,N,2,25738
2,6,1,2,3,6,22,1,N,1,9803
1,1,1,2,8,6,26,1,N,2,15228
2,1,1,1,N,N,13,1,N,2,18858
1,6,6,2,8,4,41,2,N,2,9321
2,3,2,1,9,7,51,1,2,2,17391
1,6,2,1,7,5,56,1,N,2,26920
1,N,1,1,7,11,41,1,N,2,27252
2,1,1,2,9,N,60,1,N,2,20693
1,6,1,2,7,6,46,1,N,2,15518
1,6,1,2,5,12,56,1,N,2,14161
1,1,1,1,3,3,23,1,N,2,11328
1,1,1,2,3,7,52,1,N,2,17988
1,6,4,1,5,7,45,1,N,2,13361
1,6,1,1,N,7,7,1,N,2,11494
1,1,1,1,9,3,39,1,N,2,26483
2,4,1,1,8,3,47,1,N,2,24939
2,1,1,1,8,N,44,1,N,2,26268
2,1,1,1,5,1,42,1,N,2,21997
1,1,3,1,6,N,46,1,N,2,12300
1,1,1,1,N,7,36,1,N,2,20537
1,6,1,1,5,6,58,1,N,2,16618
1,1,8,1,1,9,54,1,N,2,16104
2,6,1,1,N,N,8,1,N,2,13279
1,1,1,1,8,N,24,1,N,2,13755
2,6,1,1,4,2,79,1,N,2,27252
2,1,1,2,3,6,68,1,N,2,11997
1,1,1,0,6,12,6,1,N,2,11477
2,4,5,1,3,6,68,1,N,2,14058
2,6,2,2,3,7,22,1,N,2,13681
1,6,2,2,4,7,34,1,N,2,14569
1,6,1,1,5,7,4,1,N,2,12022
2,6,2,1,3,4,59,1,N,2,3353
1,1,1,2,6,4,32,1,N,2,8345
2,1,1,2,5,12,80,1,N,2,13616
2,1,6,1,7,7,41,1,N,2,21917
2,1,1,1,5,N,56,1,N,2,17848
2,1,8,1,5,3,55,1,N,2,10557
1,1,1,1,N,7,95,1,N,2,18312
1,1,1,1,0,1,26,1,N,2,17027
1,6,2,1,2,N,5,1,N,2,24371
2,1,1,1,8,5,64,1,N,2,22880
2,1,1,1,8,2,7,1,N,2,12416
1,1,3,1,5,N,29,1,N,2,18435
1,1,1,2,5,7,56,1,N,2,26477
2,4,1,2,5,N,35,1,N,2,16874
1,4,1,1,2,N,26,1,N,2,16547
2,1,1,1,7,9,82,1,N,2,0
1,6,1,1,9,7,68,3,N,2,6532
1,1,1,2,6,7,22,1,N,2,18294
2,1,1,1,6,7,93,1,N,2,12572
1,1,1,1,9,5,32,1,N,2,19386
1,6,1,1,2,N,7,1,N,2,22934
2,3,1,1,4,5,34,1,N,2,17795
1,1,1,1,N,N,73,1,N,2,21979
1,6,2,1,0,7,42,1,N,2,11858
1,6,1,1,N,7,0,1,N,2,15119
2,1,2,0,9,7,43,1,N,2,26212
1,1,1,2,5,7,27,1,N,2,10973
2,6,1,2,8,7,22,3,N,2,18552
2,1,8,1,N,5,41,1,N,2,23119
2,6,1,1,6,N,52,1,N,2,10844
2,3,1,1,9,7,73,1,N,2,20712
1,6,1,1,N,7,24,1,N,2,27252
2,6,9,1,5,N,29,1,N,2,12842
2,4,6,2,2,4,23,1,N,2,13907
2,3,2,2,5,6,14,1,N,2,20320
2,1,1,1,9,6,52,1,N,2,0
2,6,1,1,5,6,61,1,N,2,26125
2,6,9,1,5,7,4,1,N,1,19146
2,1,1,1,8,7,65,1,N,2,21155
2,6,2,1,9,7,52,1,N,2,10680
2,6,1,1,8,7,40,1,N,2,25321
2,6,1,1,9,7,89,1,N,2,20009
2,6,2,1,7,8,13,1,N,2,18817
2,6,1,1,7,12,35,1,N,2,10216
2,6,2,2,4,5,37,1,N,2,14020
2,1,2,1,0,8,61,1,N,2,12512
1,1,1,1,9,N,50,1,N,2,22745
2,1,2,2,8,5,62,1,3,2,10287
1,6,1,2,3,7,27,1,N,2,16908
2,6,1,1,4,7,8,1,N,2,22106
2,1,7,1,2,9,44,1,N,2,16915
1,1,2,1,2,6,33,1,N,2,11864
2,1,1,1,3,3,93,1,N,2,9761
1,1,1,2,0,6,63,1,N,2,14090
2,4,9,1,7,5,53,3,N,2,23944
2,1,1,1,N,7,39,1,N,2,17397
2,6,1,1,5,7,73,1,N,2,4953
2,1,1,1,N,7,46,1,N,2,20975
1,6,1,1,1,8,37,1,N,2,4048
1,6,2,1,9,7,71,1,N,2,16467
2,1,2,1,N,7,49,1,N,2,13313
2,4,1,1,0,N,49,1,N,2,16439
1,6,1,2,6,7,20,1,N,2,20250
2,1,1,2,8,7,79,1,N,1,18137
1,1,7,0,5,5,23,1,N,2,16053
1,1,2,1,9,12,34,1,N,2,13751
2,4,1,1,6,4,15,1,N,2,17735
2,6,1,2,2,5,57,1,N,2,4673
2,6,1,1,3,7,19,1,N,2,22266
1,6,1,2,2,4,58,1,N,2,22958
2,3,1,1,4,5,73,1,N,2,24028
1,1,1,2,N,7,63,1,1,2,8526
2,1,1,1,N,7,56,1,N,2,22867
1,6,1,1,N,7,67,1,N,2,23523
1,6,1,1,6,N,29,1,N,2,24132
2,1,1,1,7,7,78,1,N,2,22671
2,6,1,1,8,3,44,1,N,2,11955
2,1,1,1,N,3,59,1,N,2,21014
1,1,1,1,N,N,57,1,N,2,23331
2,4,1,1,4,6,47,1,N,2,27252
2,1,1,1,2,N,0,1,N,2,27252
1,1,9,1,9,1,50,1,N,2,1436
1,1,1,1,3,3,21,1,N,2,20747
1,N,2,1,N,7,28,1,N,2,19043
1,6,1,1,6,6,23,1,N,2,5163
2,1,2,1,2,7,53,1,N,2,14231
2,1,1,1,4,1,32,1,N,2,15553
2,1,1,1,N,6,38,1,N,2,19739
2,6,2,1,6,7,2,1,N,2,12812
1,1,1,1,3,3,0,1,N,2,18512
1,1,1,2,0,7,13,1,N,2,5760
1,1,1,1,N,N,56,1,N,2,27252
2,1,1,1,8,N,51,1,N,2,27201
2,6,1,1,7,7,28,1,N,2,17102
1,6,2,0,0,7,24,1,N,2,16980
1,N,1,1,8,7,40,1,N,2,24709
2,6,1,0,6,6,26,1,N,2,4914
2,6,1,2,0,5,34,1,N,2,18562
2,1,1,1,0,5,25,1,N,2,14295
1,4,1,2,2,7,9,2,N,2,3482
1,1,1,1,4,6,68,1,N,2,17478
2,6,1,1,5,7,16,1,N,2,19583
1,4,1,2,0,2,5,1,N,2,17930
2,1,1,1,6,5,5,1,N,2,23979
2,6,1,2,2,7,19,1,N,2,24303
1,4,2,2,9,5,32,1,N,2,23572
1,6,1,1,8,5,50,1,N,2,9189
1,6,1,1,7,7,22,1,N,2,18045
1,3,1,1,4,7,32,1,N,2,25211
2,4,5,1,3,7,32,1,6,2,0
1,1,1,1,3,6,57,1,N,2,16835
2,6,1,1,4,7,78,1,N,2,0
2,6,2,1,6,6,68,1,2,2,13833
1,6,6,1,0,5,12,1,N,2,17476
2,6,1,1,2,2,8,1,N,2,27252
2,1,2,1,8,N,33,1,N,2,15501
2,1,1,1,7,7,34,1,N,2,27252
1,1,1,1,7,8,58,1,N,2,16526
2,3,1,1,3,6,0,1,N,2,23750
2,3,1,2,3,7,41,1,N,2,21084
2,1,1,1,5,7,21,1,N,2,15429
2,6,1,1,2,N,5,1,N,2,18055
1,1,1,1,0,9,41,1,N,2,15047
1,3,1,2,3,6,52,1,N,2,15953
2,1,3,1,8,7,46,1,5,2,21826
2,1,1,1,0,6,40,1,N,2,20515
1,1,1,1,3,7,35,1,N,2,21142
1,1,1,2,3,7,69,1,N,2,12542
1,4,1,2,3,6,67,1,N,2,22301
2,1,1,2,3,2,70,1,N,2,19265
2,6,1,2,4,7,21,1,N,2,19238
1,6,2,1,4,5,49,1,N,2,15190
2,6,1,2,3,N,3,1,N,2,14287
2,6,1,1,0,3,20,1,N,2,20532
1,6,1,2,2,4,41,1,N,2,20760
1,1,1,1,5,3,53,1,N,2,21491
1,4,1,2,9,7,45,1,N,2,5058
1,6,1,2,2,3,76,1,N,2,18409
2,4,1,1,3,6,0,1,N,2,20807
2,4,1,1,N,N,35,1,N,2,27252
2,6,1,2,0,7,63,1,N,2,18369
2,1,2,2,8,5,51,1,N,2,13768
2,6,2,0,4,4,35,1,N,2,22714
1,6,8,1,1,6,0,1,1,2,19144
2,1,3,1,4,7,60,1,N,2,18622
2,6,1,1,3,12,72,1,N,2,26726
2,1,1,1,6,6,43,1,N,2,23335
2,1,1,1,N,N,57,1,N,2,27252
2,6,1,1,5,7,44,1,N,2,11438
2,1,1,1,8,11,57,1,N,2,24664
1,3,2,2,7,9,41,1,N,2,7953
1,2,1,2,0,N,33,1,N,2,9068
1,1,1,1,6,9,65,1,N,2,25529
2,1,1,1,6,N,40,1,N,2,27252
2,6,1,1,8,7,39,1,N,2,11660
2,1,1,1,N,7,55,1,N,2,20842
2,6,1,1,6,7,3,1,N,2,21352
1,1,1,2,N,7,69,1,N,2,9034
1,6,2,1,3,7,29,3,N,2,10984
1,1,1,2,8,1,48,3,N,2,13335
1,1,1,2,5,3,60,1,N,2,15811
2,6,8,2,6,1,56,3,N,2,12096
1,6,1,1,8,7,17,1,N,2,17677
1,1,1,1,3,4,20,1,N,2,13593
2,1,1,1,2,5,48,1,N,2,13506
1,1,1,1,7,9,11,1,N,2,14861
2,6,1,1,9,7,15,1,N,2,12437
1,6,1,2,2,6,42,1,N,2,3120
1,1,1,1,9,N,32,1,N,2,20521
2,1,1,2,3,8,58,1,N,2,6340
2,6,1,2,2,N,24,1,2,2,1932
2,1,1,1,N,N,36,1,N,2,17669
2,3,2,1,3,3,59,1,N,2,20749
1,1,1,1,2,N,80,1,N,2,10972
1,1,1,2,4,7,19,1,N,2,27252
2,6,1,1,7,7,35,1,N,2,17630
1,1,1,1,4,N,59,1,N,2,26076
2,1,1,1,3,7,67,1,N,2,3937
2,1,1,2,6,N,47,1,N,2,25985
1,6,1,0,8,N,61,1,N,2,23238
1,1,1,1,4,N,13,1,N,2,24939
2,1,1,0,7,9,75,1,N,2,21079
1,1,1,1,3,7,38,1,N,2,20424
1,6,1,1,3,N,11,1,N,2,23517
2,1,1,1,5,6,25,1,N,2,12325
1,1,1,1,0,12,38,1,N,2,8557
2,1,1,2,6,5,43,1,N,2,15653
2,6,1,2,1,7,10,1,N,2,11492
2,6,6,2,N,7,49,1,N,2,2699
2,1,1,1,3,8,44,1,N,2,2215
1,6,1,1,N,7,48,1,N,2,12210
1,1,2,2,2,7,1,1,N,2,14755
2,1,8,1,9,7,37,1,N,2,22614
1,5,7,2,2,5,40,1,N,2,18652
1,6,1,1,8,7,27,1,N,2,19430
2,1,1,1,6,N,75,1,N,2,9444
2,6,1,2,8,7,10,1,N,2,18633
1,3,1,1,8,7,38,1,N,2,25836
1,4,2,1,4,7,42,1,N,2,14003
1,6,2,1,0,2,64,1,N,2,13701
2,1,1,0,8,7,45,1,N,2,16346
1,6,1,2,3,4,5,1,N,2,18780
2,1,1,2,N,2,85,1,N,2,23655
1,6,1,2,8,6,77,3,N,2,19068
1,6,2,1,9,N,26,1,N,2,21214
1,6,1,1,1,5,68,1,N,2,9804
2,1,1,2,3,7,69,1,N,2,18554
1,6,1,1,9,9,33,1,N,2,24101
1,6,2,2,5,11,52,1,N,2,9619
1,6,1,1,9,N,68,1,N,2,10840
2,6,1,1,8,4,15,1,N,2,27252
1,1,1,1,5,2,60,1,N,2,23234
2,1,1,1,N,7,52,1,N,2,20084
2,6,1,2,5,6,64,1,N,2,18970
2,4,3,2,9,7,23,1,N,2,17093
2,1,1,1,2,N,0,1,N,2,17818
2,6,1,1,0,7,38,1,N,2,24939
2,6,8,1,0,8,27,1,N,2,14040
2,1,1,1,5,8,46,1,N,2,17575
2,6,1,1,3,7,22,1,N,2,27252
2,6,1,1,0,N,0,1,N,2,20884
2,6,1,2,6,7,27,1,N,2,20714
2,6,1,2,5,7,0,1,N,2,27252
2,6,2,1,0,5,41,1,N,2,11765
1,1,1,1,4,6,41,1,N,2,0
1,6,1,2,8,N,54,1,N,2,23287
2,6,1,1,6,7,43,1,N,2,27252
1,1,2,1,8,7,45,1,N,2,24939
1,6,1,1,2,11,34,1,N,2,13623
1,6,1,1,1,9,44,1,N,2,25097
2,1,1,1,8,2,36,1,N,2,8671
2,1,1,1,8,N,24,1,N,2,12516
2,6,8,1,6,N,65,1,N,2,24939
1,6,1,1,0,3,52,1,N,2,9899
1,1,1,1,1,11,45,1,N,2,16951
1,6,1,2,N,7,39,1,N,2,7367
2,3,6,1,6,4,74,1,N,2,20606
1,6,1,1,8,5,52,1,N,2,10985
2,1,1,1,5,7,66,1,N,2,18473
2,6,1,2,2,7,11,1,N,2,14096
1,3,1,0,4,4,52,1,1,2,17276
2,1,1,1,7,6,38,1,N,2,2074
2,1,2,2,7,N,45,1,N,2,19567
2,6,1,1,0,12,59,1,N,2,24794
1,1,1,1,8,6,17,1,N,2,11100
1,1,1,1,8,6,12,1,N,2,20201
1,6,1,2,2,7,25,1,N,2,20417
1,6,1,1,N,7,35,1,N,2,24621
2,1,1,1,2,11,69,1,N,2,8101
2,1,1,1,4,N,42,1,N,2,20324
1,4,2,1,2,5,0,1,N,2,16843
2,N,1,1,N,3,51,1,N,2,12030
2,1,2,2,8,5,45,1,N,2,13413
1,6,1,2,0,3,16,1,N,2,14293
2,6,1,1,3,7,82,1,N,2,12618
1,6,1,0,N,7,33,1,N,2,24277
1,1,1,1,2,3,64,1,N,1,26761
2,1,1,1,9,N,42,1,N,2,10294
2,3,1,1,7,9,54,1,N,2,9427
1,1,1,0,5,8,44,1,N,2,10177
1,6,9,0,0,6,0,1,N,2,6467
1,1,1,1,6,1,37,1,N,2,27252
2,4,1,2,4,5,24,1,N,2,25355
1,1,1,1,2,6,26,1,N,2,17537
2,1,1,1,8,7,54,1,N,2,23819
2,4,1,2,4,4,34,1,N,2,20411
1,6,2,2,7,6,16,1,N,2,17925
2,1,1,1,6,N,37,1,N,2,18845
1,1,1,1,9,2,76,1,N,2,16652
1,1,1,1,9,7,58,1,N,2,17713
2,1,3,1,3,N,64,1,N,2,16681
2,1,1,0,8,7,67,1,N,2,13902
1,1,1,1,8,N,30,1,N,2,6843
2,2,1,1,N,5,39,1,N,2,3732
1,1,1,2,2,7,81,1,N,2,12422
1,1,1,2,8,7,93,1,N,2,16012
2,6,1,2,0,10,81,1,N,2,9882
2,3,1,1,N,N,32,1,N,2,15186
1,6,1,1,0,7,55,1,N,2,9828
1,3,1,2,6,6,83,1,N,2,19092
2,6,1,1,9,3,77,1,N,2,1820
1,6,1,0,9,7,67,1,N,2,14420
2,6,2,1,0,1,8,1,N,2,18827
2,1,1,1,4,7,60,1,N,2,19951
2,4,3,1,6,2,36,1,6,2,17217
2,1,7,1,3,1,35,1,N,2,12556
2,1,1,1,3,N,31,1,N,2,27252
2,4,1,1,1,11,16,1,N,2,17895
2,1,1,1,9,5,51,1,N,2,19027
2,1,1,1,8,7,81,1,N,2,17175
2,1,2,2,2,9,16,1,N,2,18826
2,1,1,1,3,7,71,1,N,2,5459
2,1,1,1,4,5,45,1,N,2,19526
2,1,1,1,7,3,76,1,N,2,21493
2,1,1,2,8,9,39,1,N,2,17633
2,1,2,1,6,7,53,1,N,2,11717
2,4,2,1,0,4,29,1,N,2,23900
1,6,1,1,N,7,54,1,N,2,20647
1,1,1,1,9,N,75,1,N,2,15979
2,4,1,1,9,7,73,1,2,2,400
2,6,1,1,2,6,23,1,N,2,13030
1,6,1,1,2,7,15,1,N,1,14433
2,4,1,2,5,6,44,1,N,2,22260
1,6,2,1,2,7,0,1,N,2,21831
1,1,1,1,7,N,61,1,N,2,11517
1,1,1,1,7,N,86,1,N,2,20658
2,1,1,1,9,N,44,1,N,2,7716
2,1,1,1,N,6,64,1,N,2,16210
1,6,1,2,N,7,2,1,N,2,19037
2,4,1,1,0,N,12,1,N,2,27252
1,1,2,1,2,12,15,3,N,2,10410
2,1,1,1,5,7,54,1,N,2,4960
2,1,1,1,9,6,37,1,N,2,14020
1,6,1,2,7,4,21,1,N,2,27252
2,1,1,2,2,12,53,1,N,2,19125
2,3,1,1,7,11,55,1,N,2,14342
2,1,1,1,1,10,64,1,N,2,18221
1,6,1,2,9,7,59,1,N,2,14991
2,6,1,0,1,4,7,1,N,2,16645
1,1,1,1,0,12,35,1,N,2,18561
2,6,1,2,1,6,61,1,N,2,11807
2,1,1,1,9,7,69,1,N,2,16827
2,1,1,1,4,7,17,1,N,2,6760
2,6,8,1,N,7,2,1,N,2,17682
1,1,1,2,8,4,52,1,N,2,10268
2,1,1,2,N,N,81,1,N,2,10566
1,1,1,1,N,N,82,1,N,2,21772
1,6,1,1,9,9,32,1,N,2,15672
1,6,3,2,0,6,50,1,N,2,23255
2,6,1,2,3,7,34,1,N,2,20988
1,5,1,1,6,4,54,1,N,2,20306
1,6,1,0,7,6,24,1,N,2,15208
2,6,2,1,4,7,32,1,N,2,23517
2,6,1,2,8,7,9,1,N,2,2359
1,6,1,2,7,6,76,1,N,2,3227
2,1,1,1,N,N,83,1,N,2,14959
2,3,1,1,0,7,85,1,N,2,4330
1,6,1,1,8,N,51,1,N,2,16920
1,1,1,1,9,7,17,1,N,2,27140
1,1,9,1,8,7,35,1,N,2,22134
2,1,5,1,2,8,70,1,N,2,22550
2,1,1,1,N,7,49,1,N,2,12156
1,6,1,1,8,7,30,1,N,2,24822
2,6,1,2,2,7,7,1,N,2,21027
1,1,1,2,2,6,72,1,N,2,8196
2,1,7,1,5,6,86,1,N,2,21950
2,1,1,2,N,7,0,1,N,2,17726
1,1,2,2,6,4,76,1,N,2,9837
1,1,1,1,N,7,95,1,N,2,14915
2,1,1,1,7,7,36,1,N,2,15676
2,6,1,2,0,7,11,1,N,2,24861
1,6,1,2,1,11,39,1,N,2,7829
1,3,1,2,1,4,55,1,N,2,2958
2,1,1,1,N,7,33,1,N,2,21630
1,6,2,2,5,9,4,1,N,2,21706
2,1,2,2,8,N,38,1,N,2,17196
1,6,1,2,2,7,28,1,N,2,13731
2,4,3,1,7,5,68,1,N,2,20284
1,6,2,1,9,3,3,1,N,2,13180
2,4,2,2,6,6,29,1,N,2,18324
2,6,1,1,3,7,20,1,N,2,19188
1,6,9,2,2,11,44,1,N,2,15026
1,1,1,1,7,N,26,1,N,2,21535
2,6,2,1,2,6,19,1,N,2,13811
2,6,1,2,2,7,39,1,N,2,1214
1,1,1,2,8,N,15,1,N,2,21765
1,4,1,1,2,4,61,1,N,2,22931
1,6,6,2,4,5,11,1,N,2,12266
2,6,2,2,7,4,68,1,N,2,20629
1,4,1,1,1,6,22,1,N,2,11233
2,6,1,2,3,2,14,1,N,2,24901
1,6,2,1,N,6,31,1,N,2,18793
2,1,1,1,8,7,72,1,N,2,21520
2,1,1,1,0,6,41,1,N,2,17766
1,6,6,1,2,4,7,1,N,2,1818
2,6,2,1,1,N,24,1,N,2,27252
2,6,1,1,0,N,40,1,N,2,22317
2,6,2,1,0,7,0,1,N,2,21858
2,6,1,1,6,8,0,1,N,2,26215
1,1,2,0,0,3,44,1,N,2,6240
1,4,1,1,4,7,57,1,N,2,11744
2,1,1,0,0,N,23,1,N,2,19594
1,1,2,1,7,9,17,1,N,2,19705
2,6,1,2,8,6,16,1,N,2,14063
2,3,1,1,6,6,59,1,N,2,16179
1,1,1,1,8,7,31,1,N,2,17668
1,4,1,1,2,3,0,1,N,2,22875
2,2,4,2,N,7,16,1,N,2,14788
1,1,1,2,4,4,35,1,N,2,17167
2,6,6,2,3,3,73,1,N,2,9603
1,4,1,1,6,7,55,1,N,2,22346
1,6,1,2,4,6,0,1,N,2,13109
2,6,1,1,2,9,55,1,N,2,11759
2,1,1,1,7,N,24,1,N,2,27252
2,6,1,2,0,N,16,1,N,2,27252
2,6,1,1,9,7,55,1,N,2,13420
2,6,1,2,3,5,49,1,N,2,20566
2,1,1,1,4,3,57,1,N,2,25610
2,6,1,2,0,2,0,1,N,2,19234
1,1,1,1,9,7,36,1,N,2,15355
1,1,2,2,7,8,3,1,N,2,7408
2,6,2,2,0,4,35,1,N,2,7994
2,1,1,2,2,7,0,1,N,2,24939
1,6,1,1,8,7,4,1,N,2,13270
2,6,2,1,3,7,16,1,N,2,17272
1,1,1,1,8,N,55,1,N,2,21937
2,1,1,1,9,N,82,1,N,2,17236
2,1,1,1,6,9,46,1,N,2,18100
2,6,1,2,4,N,32,1,N,2,24354
2,1,1,1,5,7,30,1,N,2,24646
2,1,1,1,9,7,72,1,N,2,16070
1,1,1,1,9,7,61,1,N,2,13268
1,1,2,1,2,6,39,1,N,2,17036
2,1,1,2,2,7,5,1,N,2,16545
2,6,2,1,N,3,69,1,N,2,10192
1,6,5,2,8,7,0,1,N,2,24573
1,3,3,1,3,6,35,1,N,2,15715
2,1,1,1,5,12,61,1,N,2,26247
2,6,1,2,9,7,26,1,N,2,12149
2,6,2,1,0,N,13,1,N,2,24776
2,1,1,1,3,7,34,1,N,2,16206
2,6,1,2,8,7,47,1,N,2,23406
1,1,1,1,3,7,24,1,N,2,17106
1,1,1,1,9,11,28,3,5,2,14933
1,6,1,1,N,7,28,1,N,2,20775
1,1,1,1,7,N,63,1,N,2,17670
1,6,1,1,N,6,31,1,N,2,21776
2,4,1,1,7,6,52,1,N,2,13963
1,6,1,2,8,12,18,1,N,2,11430
2,4,1,1,N,3,53,1,N,2,10015
2,1,1,1,2,5,18,1,N,2,4153
1,1,1,2,4,9,58,1,N,2,12153
2,1,1,2,4,N,34,1,N,2,2849
2,1,1,1,5,N,68,1,N,2,10232
2,6,1,2,8,11,31,1,N,2,7757
2,1,1,1,5,6,68,1,N,2,24200
1,1,1,1,8,N,5,1,N,2,17618
2,1,1,1,3,7,75,1,N,2,12596
1,6,1,2,N,7,47,1,N,2,20204
1,1,1,2,0,3,25,1,N,2,23169
2,1,2,2,5,5,25,1,N,2,11313
2,1,1,1,3,9,10,1,N,2,15336
2,1,1,2,7,7,61,1,N,2,7130
2,1,1,1,9,1,14,1,N,2,7259
2,6,1,2,5,7,2,1,N,2,12626
2,1,9,1,6,3,69,1,N,2,20405
1,4,1,1,6,8,27,1,N,2,9801
1,6,6,1,4,N,27,1,N,2,23331
1,1,1,1,9,N,49,1,N,2,11112
1,1,1,1,1,5,40,1,N,2,24939
1,6,1,2,2,7,16,1,N,2,21293
2,5,1,1,2,2,56,1,N,2,11754
2,6,1,2,3,10,41,1,N,2,17868
2,6,1,1,9,7,58,1,N,2,25471
2,1,3,1,7,6,62,1,N,2,684
2,6,2,1,4,7,39,1,N,2,15926
2,1,1,2,N,3,76,1,N,2,23488
2,5,1,1,2,N,18,1,N,2,9293
2,1,1,2,0,7,23,1,N,2,17650
2,6,1,1,1,3,39,1,N,2,17908
1,4,1,1,0,N,68,1,N,2,27252
2,1,1,1,5,7,65,1,N,2,14718
1,3,1,1,N,9,40,1,N,2,15347
1,1,1,2,9,12,93,1,N,2,13358
2,6,2,1,6,11,46,1,N,2,27252
1,1,1,2,N,3,54,1,N,2,20163
1,1,2,1,9,7,23,1,N,2,13486
2,4,1,0,4,N,25,1,N,2,14541
1,1,1,1,N,2,51,1,N,2,24939
2,1,1,2,4,9,4,1,N,2,23849
1,1,1,1,4,7,42,1,N,2,23155
1,1,1,1,2,N,61,1,N,2,10663
1,6,1,2,0,6,25,1,N,2,6330
2,6,1,2,3,4,25,1,4,2,12931
1,6,1,1,2,7,21,1,N,2,12805
2,1,1,2,2,5,23,1,N,2,15744
2,6,1,2,5,7,32,1,N,2,13276
1,6,1,1,0,7,54,1,N,2,6490
2,6,1,1,6,1,43,1,N,2,17700
2,1,2,1,7,N,50,1,N,2,16679
1,1,1,1,0,3,77,1,N,2,26529
1,1,1,1,7,3,62,1,N,2,12088
1,6,1,1,3,7,52,1,N,2,9674
1,6,1,2,N,7,34,1,N,2,18847
1,6,1,1,3,N,19,1,N,2,21407
2,1,2,1,0,6,60,1,N,2,16668
2,6,1,1,3,4,43,1,N,2,14321
2,3,1,2,7,4,14,1,N,2,20703
2,1,1,1,9,7,65,1,N,2,20188
1,1,1,1,5,N,0,1,N,2,23410
2,1,1,1,9,7,33,1,N,2,2200
2,3,9,1,N,7,38,2,N,2,19312
2,6,1,2,8,7,8,1,N,2,16332
2,1,1,1,5,7,45,1,N,2,27252
2,6,2,2,N,7,61,1,N,2,4433
2,1,1,1,2,11,42,1,N,2,12523
2,1,1,1,5,6,37,1,N,2,24281
2,6,2,1,N,7,48,1,N,2,5861
1,6,1,1,8,6,0,1,N,2,16787
2,1,1,1,2,9,9,1,N,2,11696
1,4,5,1,4,2,95,1,N,2,11182
2,4,2,0,7,7,25,1,N,2,14538
2,1,1,1,2,7,27,1,N,2,17673
2,2,2,2,4,5,38,1,6,2,19919
2,1,1,1,3,6,10,1,N,2,6325
2,1,1,1,7,N,31,1,N,2,17910
2,1,1,1,N,7,53,1,N,2,19082
2,1,1,1,9,3,39,1,N,2,4493
1,3,1,2,7,2,3,1,N,2,7871
1,6,8,2,6,N,18,1,N,2,15722
1,1,1,1,1,2,31,1,1,2,3357
2,1,1,1,3,11,44,1,N,2,14844
2,1,9,1,4,2,73,1,N,2,8815
1,4,1,1,2,N,15,1,N,2,20921
2,1,1,1,N,6,20,1,N,2,18943
2,1,1,1,9,7,51,1,N,2,22212
2,1,1,1,7,7,24,1,N,2,22239
1,1,1,1,8,6,50,1,N,2,11883
2,1,1,1,5,8,36,1,N,2,22899
2,1,7,2,7,N,14,1,N,2,27252
2,1,1,1,5,2,33,1,N,2,3019
2,1,1,1,6,2,66,1,N,2,21125
2,6,1,2,6,8,18,1,N,2,21080
2,1,2,2,7,6,88,1,N,2,18028
1,1,1,1,N,N,81,1,N,2,23250
2,N,2,1,1,8,9,1,N,2,17797
2,1,1,1,7,7,65,1,N,2,27252
1,6,1,1,1,8,65,1,N,2,18740
2,6,1,1,8,7,4,1,N,2,24083
2,6,1,1,1,7,20,1,N,2,18041
1,1,1,2,6,N,29,1,N,2,15407
2,6,5,1,3,7,20,1,N,2,20617
2,1,1,1,7,12,50,1,N,2,9589
2,5,3,0,5,9,73,1,N,2,21807
2,1,6,1,6,7,69,1,N,2,12299
2,6,2,1,3,7,14,1,N,2,13802
1,6,1,2,4,7,39,1,N,2,11407
1,1,1,2,2,7,36,1,N,2,18040
2,6,1,1,N,7,29,1,N,2,25730
1,1,2,1,N,7,58,1,N,2,11538
1,1,1,2,7,N,82,1,N,2,22937
1,6,1,2,3,6,9,1,N,2,23943
2,1,6,1,6,7,43,1,N,2,25958
2,1,1,1,6,7,46,1,N,1,24985
2,1,1,1,4,9,36,1,N,2,15736
1,6,1,1,9,N,22,1,N,2,27252
2,6,1,1,N,7,25,1,N,2,13920
2,1,1,1,6,N,58,1,N,2,13236
1,6,1,1,0,7,38,1,N,2,13255
1,6,1,1,8,6,54,1,N,2,19233
1,1,1,1,7,7,45,1,N,2,9103
2,6,1,1,2,6,19,1,N,2,27252
1,6,1,2,7,5,16,1,N,2,21903
1,1,1,1,N,7,39,1,N,2,13024
1,1,1,1,6,4,60,1,N,2,14168
2,6,1,2,5,7,32,1,N,2,21891
2,6,1,2,7,6,18,1,1,2,25310
2,6,1,1,6,7,3,1,N,2,27252
1,6,1,1,7,9,44,1,N,2,4666
1,1,1,1,8,3,23,1,N,2,27252
1,6,1,1,6,4,21,1,N,2,15128
1,6,1,1,0,7,37,1,N,2,15901
2,6,1,1,4,9,12,1,N,2,18381
1,1,1,1,9,7,59,1,N,2,9592
2,1,1,1,2,4,14,1,N,2,6616
1,1,1,2,5,7,61,1,N,2,14506
2,6,1,1,3,7,8,1,N,2,22951
2,4,1,1,9,3,56,1,N,2,12174
2,1,1,1,8,6,5,1,N,2,27252
1,6,2,2,7,9,53,1,N,2,23354
2,1,2,1,7,6,46,2,N,2,8597
2,1,1,1,9,12,48,1,N,2,4651
2,6,1,2,6,6,64,1,N,2,16393
1,4,1,2,N,7,32,1,N,2,20291
2,1,2,1,8,7,62,1,N,2,20718
1,1,1,1,4,7,73,1,N,2,13031
1,1,2,2,6,2,48,1,N,2,23925
1,6,1,0,8,N,68,1,N,2,18436
2,1,1,1,9,7,40,1,N,2,27252
1,6,1,2,0,6,14,1,N,2,14781
1,N,1,2,9,7,37,1,N,2,1190
2,1,1,1,7,9,13,1,N,2,15714
1,1,1,1,1,1,21,1,N,2,15937
1,1,1,1,6,N,56,1,N,2,20114
2,6,3,2,8,7,3,1,N,2,23122
2,1,1,2,8,3,27,1,N,2,13145
2,1,1,2,3,7,62,1,N,2,13833
2,3,1,1,2,6,37,1,N,2,11496
2,1,1,2,N,N,29,1,N,2,23426
1,6,1,2,8,N,44,1,N,2,25980
2,6,1,1,0,5,56,1,N,2,21578
1,1,1,1,2,N,11,1,N,2,24036
2,1,1,0,1,7,23,1,N,2,23773
2,1,1,1,2,12,57,1,N,2,11200
2,1,1,2,6,7,18,1,N,2,24939
2,6,4,2,2,N,63,1,N,2,26422
1,1,1,1,2,12,38,1,N,2,27252
2,6,1,2,4,7,35,1,N,2,10293
1,1,1,1,N,N,46,1,N,2,21217
2,6,1,2,9,7,37,1,N,2,7543
1,1,1,1,5,7,31,1,N,2,14238
2,6,7,1,8,9,75,1,N,2,17871
2,6,1,1,2,7,21,1,N,2,8143
2,1,1,2,8,2,72,1,N,2,26999
1,6,2,2,N,5,14,1,N,2,491
1,1,1,0,4,5,41,1,N,2,15812
2,1,1,1,6,12,56,1,N,2,25116
2,1,2,1,6,N,50,1,N,2,18197
2,1,1,2,7,7,55,2,N,2,17391
2,1,1,1,4,8,30,1,N,2,11728
2,6,2,2,9,7,33,1,N,2,24885
2,1,1,1,5,6,65,1,N,2,18284
2,1,1,1,9,7,52,1,N,2,22590
1,1,1,1,2,8,48,1,N,2,17289
1,1,1,1,N,N,36,1,N,2,27252
1,1,1,2,7,8,30,1,N,2,22734
2,6,2,1,3,N,35,1,N,2,13530
1,1,1,1,0,N,69,1,N,2,13106
1,4,1,1,N,12,36,1,N,2,17746
1,3,8,1,2,6,0,1,N,2,10566
2,1,1,1,N,7,46,1,N,2,18204
1,6,1,2,7,6,19,1,N,2,12834
2,6,1,1,3,7,17,1,N,2,20175
1,1,1,1,N,3,54,1,N,2,26354
1,6,1,1,5,5,46,1,N,2,13144
2,1,1,1,5,12,61,1,N,2,20324
2,1,1,1,N,3,54,1,N,2,22321
2,6,1,1,3,7,3,1,N,2,18107
2,6,5,2,4,7,41,1,N,1,13008
1,6,1,2,9,7,63,1,N,2,7390
1,6,9,0,3,7,55,1,N,2,19068
1,6,1,1,4,5,46,1,N,2,4358
2,6,1,1,9,7,75,1,N,2,16727
2,4,2,1,3,N,58,1,N,2,2186
1,1,1,1,N,3,86,1,N,2,19356
2,6,1,0,9,7,63,1,N,2,16753
2,1,1,1,9,5,60,1,N,2,19658
2,6,1,1,N,3,52,1,N,2,11430
2,1,2,1,7,10,78,1,N,2,14206
2,2,1,2,0,N,73,1,N,2,14287
2,6,1,2,0,2,0,1,N,2,16760
1,1,1,1,5,6,84,1,N,2,12628
1,3,1,1,7,7,4,1,N,2,27252
1,1,1,1,N,N,65,1,N,2,21231
2,1,2,1,7,12,61,1,N,2,9971
1,1,1,1,9,3,42,1,N,2,15449
1,1,1,1,5,6,37,1,N,2,15896
2,1,1,1,5,7,52,1,N,2,15648
2,1,1,1,5,3,48,1,N,2,9972
1,6,1,2,3,6,12,1,N,2,14741
2,1,1,1,8,N,61,1,N,2,17478
1,1,1,1,8,N,84,1,N,2,21990
2,6,1,2,9,12,70,1,N,2,15141
2,1,1,1,9,7,72,1,N,2,20442
2,6,1,2,0,5,37,1,N,2,11179
2,6,1,1,9,7,46,1,N,2,13507
2,1,1,1,0,12,85,1,N,2,21213
2,4,1,1,0,7,10,1,N,2,27252
1,1,1,1,1,5,61,1,N,2,18717
2,6,6,1,3,8,41,1,N,2,12510
2,1,1,1,1,10,29,1,N,2,17146
1,1,2,2,2,10,12,2,N,2,8754
2,6,2,2,4,5,25,2,N,2,12050
2,4,2,2,8,2,45,1,N,2,19505
1,6,1,2,0,6,23,1,N,2,7944
1,6,2,1,3,7,28,1,N,2,18587
1,1,1,1,3,6,52,1,N,2,18669
1,6,1,0,0,9,16,1,N,2,21654
2,3,1,1,N,7,74,1,N,2,23097
1,6,1,2,5,7,4,1,N,2,20371
2,1,1,2,6,7,48,1,N,2,16024
2,N,1,1,2,N,27,1,N,2,2886
1,1,1,1,9,3,16,1,N,2,21006
1,1,1,1,6,7,84,1,N,2,25814
2,6,1,1,2,7,61,1,N,2,16670
2,1,1,1,7,6,44,1,N,2,9899
2,1,8,1,9,2,40,1,N,2,15514
1,2,1,1,0,9,5,1,N,2,26506
2,6,1,1,1,4,22,1,N,2,11356
2,2,1,1,1,6,0,1,N,2,27252
1,1,2,0,4,7,19,1,N,2,13917
2,6,2,1,8,11,34,1,N,2,17620
2,1,1,1,8,7,25,1,N,2,26953
2,4,1,2,1,6,37,1,N,2,14849
2,4,1,1,3,5,75,1,N,2,0
2,1,2,1,N,3,64,1,N,2,27252
1,1,1,1,0,7,27,1,N,2,14065
2,4,1,1,9,11,94,1,N,2,20546
1,1,1,2,6,7,26,1,N,2,20833
1,1,1,2,N,N,0,1,N,2,6524
2,6,2,2,3,5,28,1,N,2,21924
2,6,8,1,0,9,40,1,N,2,4570
2,6,1,2,4,7,28,1,N,2,21700
2,N,1,1,1,N,4,1,N,2,15318
2,1,1,1,8,2,58,1,N,2,14389
2,6,1,1,0,N,68,1,N,2,16321
1,1,2,1,N,7,52,1,N,2,15172
1,1,1,1,6,12,80,1,N,2,25532
2,6,1,2,0,7,17,1,N,2,17164
2,1,1,1,0,9,50,1,N,2,9949
1,6,1,1,8,12,13,1,N,2,22874
2,1,1,1,7,7,49,1,N,2,16436
1,4,1,1,9,3,24,1,N,2,19467
2,6,2,1,9,N,34,1,N,2,13972
2,1,1,2,7,7,67,1,N,2,26525
1,1,1,1,3,9,14,1,N,2,14716
1,3,1,1,6,6,44,1,N,2,20823
2,1,1,1,6,7,17,1,N,2,16253
2,1,1,2,8,7,26,1,N,2,22622
2,1,1,1,4,7,44,1,N,2,2380
2,1,1,1,9,12,34,1,N,2,25342
2,6,1,2,4,2,8,1,N,2,14929
2,6,6,1,9,7,13,1,N,2,20442
2,1,1,1,8,4,71,1,N,2,16045
2,4,2,1,3,2,0,1,3,2,13028
2,1,9,2,0,12,39,1,N,2,17994
2,1,7,1,1,3,61,1,N,2,1692
2,1,3,1,N,N,37,1,N,2,21248
1,2,1,1,6,6,15,1,N,2,20511
2,1,1,1,4,3,92,1,N,2,9349
1,6,3,1,8,3,9,1,N,2,3812
1,4,1,1,0,4,73,1,N,2,19021
1,6,1,1,7,10,14,1,N,2,23923
1,1,1,1,9,N,82,1,N,2,10405
2,4,1,2,9,7,19,1,N,2,27083
1,1,1,1,7,9,84,1,N,2,24646
2,4,1,1,3,8,20,3,N,2,14188
2,1,1,1,4,7,42,1,N,2,26772
2,N,2,2,0,5,45,1,N,2,5711
1,1,1,1,N,7,63,1,N,2,18849
2,4,1,2,6,7,21,1,N,2,23772
1,1,1,1,N,7,24,1,N,2,23878
2,1,1,1,7,N,40,1,N,2,24939
1,1,1,1,2,6,20,1,4,2,19323
2,1,1,1,N,3,47,1,N,2,23555
2,3,2,1,3,6,9,1,N,2,20022
2,1,1,2,N,7,27,1,N,2,16806
2,1,1,2,N,7,47,1,N,2,22054
1,1,1,1,9,4,35,1,N,2,14489
2,4,2,1,8,7,55,1,N,2,14288
2,1,1,1,8,5,28,1,N,2,12072
2,1,1,1,9,N,12,1,N,2,15405
1,1,1,2,1,7,53,1,N,2,16056
2,4,1,1,4,8,60,1,N,2,12093
2,1,1,1,0,N,63,1,N,2,23348
2,6,1,2,0,4,44,1,N,2,12835
1,1,2,1,9,7,36,1,N,2,19065
1,2,1,1,9,4,29,1,N,2,11894
1,4,2,1,N,7,62,1,N,2,17695
2,1,1,2,6,N,73,1,N,2,24147
1,1,1,1,7,7,10,1,N,2,27252
1,1,1,1,8,4,71,1,N,2,19568
1,1,1,1,0,3,55,2,N,2,7417
1,5,1,1,1,11,32,1,2,2,10894
2,1,1,1,2,N,39,1,N,2,6913
2,1,8,1,0,3,82,1,N,2,11705
2,1,1,1,7,N,74,1,N,2,16379
2,6,1,2,1,7,18,1,N,2,24524
2,6,1,2,8,7,63,1,N,2,15200
2,6,1,1,2,7,47,1,N,2,26191
2,6,2,1,0,4,34,1,N,2,2386
1,1,1,1,N,4,64,1,N,2,21365
2,3,1,1,2,N,47,1,N,2,24687
1,1,1,1,6,6,21,1,N,2,20914
2,1,1,1,5,11,35,1,N,2,15692
1,6,2,2,2,2,74,1,N,2,19593
2,1,1,1,9,N,84,1,N,2,19532
1,6,1,1,3,3,24,1,N,2,20967
1,6,9,2,5,9,63,1,N,2,23766
2,6,1,2,2,6,34,1,N,2,4358
2,1,1,1,8,7,56,1,N,2,17731
2,1,1,1,4,7,41,1,N,2,18436
2,6,6,1,N,7,41,1,N,2,16906
2,1,1,2,6,6,67,1,N,2,17573
2,1,1,1,7,7,33,1,N,2,21791
1,6,3,1,5,N,18,1,N,2,5786
1,6,1,1,N,4,37,1,N,2,23080
2,4,1,1,6,8,48,1,N,2,19016
2,1,1,1,2,3,65,1,N,2,21636
2,6,2,2,2,6,36,1,N,2,4937
2,1,1,1,5,N,67,1,N,2,16531
1,1,1,2,7,7,41,1,2,2,14304
1,6,1,2,5,7,35,1,N,2,17410
2,1,1,2,4,4,13,1,N,2,8572
2,6,1,1,9,7,89,1,N,2,12844
1,1,3,1,5,6,75,1,1,2,17788
1,6,2,1,N,6,15,1,N,2,10118
2,1,1,1,6,7,29,1,N,2,17624
2,1,1,1,N,7,50,1,N,2,16984
2,1,1,1,6,7,55,1,N,2,18876
2,6,2,2,3,7,74,1,N,2,12443
2,1,1,1,7,7,56,1,N,2,10831
2,6,1,2,3,4,72,1,N,2,20733
1,6,2,2,0,7,31,1,N,2,21334
1,1,1,1,4,7,30,2,N,2,24498
2,6,1,2,3,4,4,1,N,2,9565
2,6,1,2,3,7,62,1,N,2,18707
1,4,1,1,9,7,78,1,N,2,14176
1,6,1,1,N,3,17,1,N,2,14999
2,4,1,1,9,6,49,1,N,2,2731
2,6,5,0,5,N,57,1,N,2,24405
1,4,1,2,1,6,54,1,N,2,19758
1,4,1,2,N,N,9,1,N,2,16843
2,6,1,1,5,4,57,1,N,2,0
1,1,1,1,7,10,87,1,N,2,16789
2,1,1,1,N,3,56,1,N,2,14150
1,1,1,1,N,3,67,1,N,2,17195
2,1,1,1,7,7,59,1,N,2,18228
2,1,1,1,8,3,64,1,N,2,2370
1,6,1,1,2,8,77,1,N,2,0
2,1,1,1,1,3,74,1,N,2,9207
1,N,1,1,6,1,73,1,N,2,20453
1,6,1,2,3,5,13,1,N,1,21273
2,1,1,1,0,7,66,1,N,2,18714
1,1,1,1,N,N,57,1,N,2,22136
1,5,6,2,3,7,43,1,N,2,20763
2,6,1,1,N,N,19,1,N,2,22561
2,1,1,2,6,6,27,1,N,2,12275
2,1,9,1,5,2,71,1,N,2,21211
2,1,1,1,0,6,40,1,N,2,15169
1,1,1,1,4,N,12,1,N,2,378
2,1,1,1,5,3,86,1,N,2,11577
1,6,2,1,8,11,0,1,N,2,14132
2,1,2,2,N,7,37,1,N,2,26298
2,1,1,1,7,7,36,1,N,2,11682
1,1,1,1,3,7,84,3,N,2,0
1,3,1,1,6,7,67,1,N,2,20247
2,6,1,1,6,7,40,1,N,2,18321
1,1,2,2,3,7,0,1,N,2,10874
2,6,1,2,6,7,95,1,N,2,3036
2,1,1,2,8,N,47,1,N,2,1511
1,1,1,1,8,5,43,3,N,2,9427
2,1,1,1,4,N,42,1,N,2,22737
1,1,2,2,7,7,25,1,N,2,15825
1,1,1,1,5,7,75,1,N,2,19739
1,1,1,1,5,1,77,1,N,2,19459
1,1,1,1,6,2,52,1,N,2,23969
1,1,1,1,8,N,46,1,N,2,15894
1,6,2,1,2,12,6,3,N,2,14293
2,1,1,1,2,7,23,1,N,2,23858
1,1,1,1,8,9,57,1,N,2,27252
2,6,7,1,7,N,45,1,N,2,22858
2,1,2,2,8,N,48,1,N,2,24007
2,1,3,1,7,7,30,1,N,2,23880
2,6,6,1,4,7,47,2,N,2,17203
1,6,1,0,6,7,12,1,N,2,20886
2,6,1,2,4,6,18,1,N,2,12097
2,6,1,2,8,6,37,1,N,2,16118
2,1,5,1,6,11,65,1,N,2,19781
2,4,8,1,8,N,44,1,N,2,16020
1,3,2,1,2,7,49,1,N,2,20980
2,6,1,2,4,5,45,1,N,2,12327
1,6,6,1,7,7,31,1,N,2,18729
1,1,1,1,3,5,75,1,N,2,0
1,6,1,2,8,6,0,1,N,2,11919
2,6,2,2,0,3,28,1,N,2,10810
2,1,1,2,N,7,25,1,N,2,16334
1,6,1,1,6,N,0,1,N,2,27252
2,6,2,1,0,6,27,1,N,2,15122
2,6,1,2,7,6,6,1,N,2,14564
2,4,1,1,4,N,60,1,N,2,25892
2,6,2,2,8,5,29,1,N,2,16593
1,1,1,1,7,9,18,1,N,2,15373
2,1,1,1,N,N,42,1,N,2,15013
1,4,1,1,6,N,62,1,N,2,12488
2,6,3,2,5,7,11,1,N,2,8552
2,1,1,2,4,9,61,1,N,2,27252
2,1,1,1,8,7,51,1,N,2,19335
2,1,1,1,3,6,34,1,N,2,27252
1,4,2,1,7,7,14,1,N,2,24939
2,6,3,2,6,N,29,1,N,2,8576
2,1,1,1,N,N,58,1,N,2,22888
1,6,2,2,4,4,36,1,N,2,11670
1,1,1,1,2,N,66,1,N,2,13963
2,N,1,2,2,7,22,1,N,2,0
2,6,5,2,7,5,16,1,N,2,27252
2,1,1,2,N,6,39,1,N,2,9782
2,6,1,2,3,7,3,1,N,2,27252
1,1,8,1,0,3,24,1,N,2,20773
2,6,2,2,3,7,79,1,N,2,21828
1,1,2,1,6,3,66,1,N,2,19444
2,1,1,2,8,3,45,1,N,2,15162
2,1,1,1,8,7,80,1,N,2,18915
2,2,1,1,2,6,29,1,N,2,14626
1,1,1,0,9,6,25,1,N,2,24939
2,1,1,2,N,N,21,1,N,2,20218
2,1,1,1,N,N,72,1,N,2,7850
2,1,1,1,3,7,23,1,N,2,17567
2,6,1,1,8,9,53,1,N,2,22559
1,1,1,1,N,7,27,1,N,1,22547
2,1,1,1,8,12,47,1,N,2,22575
1,6,1,2,2,N,52,1,N,2,14833
1,6,1,1,7,7,31,1,N,2,8203
1,1,1,1,N,N,44,1,N,2,6611
2,6,1,1,1,5,59,1,N,2,13478
1,1,1,1,8,3,54,1,N,2,26949
2,6,1,1,N,7,51,1,N,2,0
2,3,1,1,9,6,19,1,N,2,20478
1,1,1,1,0,6,6,1,N,2,6611
2,1,1,1,2,7,44,1,N,2,12487
2,1,1,1,N,7,39,1,N,2,22966
2,4,6,1,1,5,44,1,N,2,15338
2,1,1,1,2,N,61,1,N,2,23977
2,5,1,2,6,3,57,1,N,1,9456
2,6,1,2,4,5,40,1,N,2,11420
2,4,1,1,7,7,61,1,N,2,16749
1,6,1,2,0,6,25,3,N,2,15869
1,6,3,1,7,6,24,1,N,2,26448
2,1,1,2,3,9,81,1,N,2,10563
2,1,3,1,6,7,50,1,N,2,27060
2,6,1,1,3,7,60,1,N,2,15059
2,6,1,1,N,6,14,1,N,2,12841
1,1,1,1,3,7,61,1,N,2,11921
1,1,2,2,6,7,0,1,N,2,24939
2,6,1,1,0,4,58,1,N,2,4316
2,1,1,1,9,6,85,1,N,2,21275
2,4,1,1,8,7,66,1,N,2,19943
2,6,9,2,7,6,35,1,N,2,17965
2,1,1,1,6,6,32,1,N,2,20652
2,6,1,1,4,9,61,1,N,2,21793
1,6,1,1,N,7,67,1,N,2,14438
2,1,2,1,6,7,34,1,N,2,19837
1,6,2,2,8,9,48,1,N,2,14854
1,1,1,1,4,5,24,1,N,2,9067
2,6,1,1,7,9,62,1,N,2,23831
2,1,1,1,7,5,26,1,N,2,18841
2,1,6,1,6,5,60,1,N,2,19509
1,6,1,2,5,7,38,1,N,2,27252
2,1,1,1,7,3,50,1,N,2,18146
2,1,1,1,3,6,23,1,N,2,2368
1,1,1,1,8,11,67,1,N,2,17156
1,N,1,1,0,4,40,1,N,2,19704
1,6,2,2,1,9,23,1,N,2,17160
1,1,1,1,5,7,33,1,N,2,9993
1,1,1,2,3,9,36,1,N,2,12342
2,6,1,1,3,3,17,1,N,2,11823
1,4,1,1,4,3,62,1,N,2,12219
1,1,1,1,3,7,36,1,N,2,24891
2,4,1,1,7,12,31,1,N,2,9200
2,6,2,1,9,5,48,1,N,2,26413
2,4,1,1,3,7,46,1,N,2,27209
2,1,1,1,7,6,64,1,N,2,3180
2,1,1,1,N,N,43,1,N,2,23063
2,6,6,2,0,7,40,1,N,2,9902
2,6,1,1,7,9,21,1,N,2,11955
2,4,1,1,N,7,42,1,N,2,20022
2,4,1,1,7,N,29,1,N,2,11365
2,1,1,1,N,7,77,1,N,2,2566
1,1,1,1,9,7,38,1,N,2,14926
2,6,1,2,3,7,4,1,N,2,4819
2,1,1,1,N,7,51,1,N,2,24939
1,4,2,1,6,7,28,1,N,2,20843
2,6,2,1,9,7,51,1,N,2,13314
1,6,2,1,N,7,44,1,N,2,23058
1,6,2,1,3,3,50,1,N,2,24649
2,6,1,0,9,7,0,1,N,2,23113
1,6,1,1,9,6,39,1,N,2,14973
1,3,2,1,N,7,36,1,N,2,13236
2,1,2,1,9,7,57,1,N,2,19330
2,1,1,1,0,3,26,1,N,2,11764
1,6,6,2,N,7,47,1,N,2,12487
1,1,1,1,N,7,43,1,N,2,6455
2,6,3,2,1,4,35,1,N,2,5216
2,6,9,1,1,3,33,1,N,2,18782
1,1,1,1,9,7,36,1,N,2,17730
2,1,1,2,1,7,48,1,N,2,26066
2,6,2,0,7,5,74,1,N,2,3862
1,1,2,0,7,5,50,1,N,2,14584
1,1,1,2,2,5,26,1,N,2,27252
2,6,1,2,0,9,10,1,N,2,13384
2,6,1,2,4,7,28,1,N,2,16958
1,6,1,1,9,6,95,1,N,2,18920
2,4,1,0,1,5,46,1,N,2,14825
2,6,1,1,7,9,54,1,N,2,17586
1,1,1,1,N,N,30,1,N,2,22551
2,6,1,1,7,7,0,1,N,2,20973
2,1,2,1,3,7,75,1,N,2,20790
1,5,1,2,2,10,23,1,N,2,5633
1,1,1,2,0,5,83,1,N,2,17978
2,6,7,1,7,7,15,1,N,2,14275
2,6,1,1,4,7,61,1,N,2,16981
1,6,1,1,0,7,41,1,N,2,12838
1,4,4,1,2,7,42,1,N,2,20312
2,1,1,1,N,N,71,1,N,2,20505
1,1,1,1,9,7,23,1,N,2,18475
1,1,4,2,0,7,29,1,N,2,15561
2,1,1,1,4,7,49,1,N,2,15801
1,3,1,1,5,7,55,1,N,2,20200
1,6,3,1,7,7,33,1,N,2,10398
1,1,1,2,9,7,61,1,N,2,10693
1,6,1,2,8,4,34,1,N,2,17186
1,6,1,2,N,2,23,1,N,2,18462
2,1,1,1,5,N,39,1,N,2,18040
1,1,1,2,N,N,60,1,N,2,22752
2,6,1,2,1,1,23,1,N,2,6621
2,6,1,2,2,N,24,1,N,2,14764
2,1,1,2,9,N,52,1,N,2,25763
2,1,1,1,5,3,26,1,N,2,6766
2,4,2,2,2,7,24,1,3,2,2793
1,6,1,0,3,7,8,1,N,2,15276
2,6,1,1,8,8,17,1,N,2,7516
2,1,1,1,9,3,65,1,N,2,1166
1,1,1,1,5,6,31,1,N,2,5432
2,1,1,1,8,7,37,1,N,2,27252
1,6,1,1,5,8,16,1,N,2,22460
2,4,1,1,2,7,14,1,N,2,16062
1,6,2,2,3,7,22,1,N,2,18014
2,6,8,2,2,7,34,1,N,2,18769
2,6,2,1,2,6,39,1,1,2,12422
1,6,1,2,3,8,3,1,N,2,24939
2,6,2,1,1,5,7,1,N,2,18087
2,1,1,1,6,2,71,1,N,2,27252
1,6,2,2,9,6,43,1,N,2,9016
2,6,2,2,5,7,55,1,N,2,8959
2,1,1,1,9,7,22,1,N,2,19362
2,1,2,1,0,4,16,1,N,2,22182
2,3,1,1,7,9,45,1,N,2,24373
2,1,1,1,4,5,54,1,N,2,16577
1,2,2,2,7,N,40,1,N,2,18343
1,6,1,2,2,6,16,1,N,2,23355
2,4,2,0,8,7,25,3,N,2,18030
2,2,1,2,0,7,67,2,N,2,17341
2,6,1,2,8,5,75,1,N,2,13773
2,3,1,1,3,9,0,1,N,2,9023
2,1,1,1,4,12,49,1,N,2,19612
1,1,1,1,8,5,43,1,N,2,27252
1,6,1,2,5,7,41,1,N,2,16649
2,4,1,1,N,7,24,1,N,2,26152
2,6,1,1,0,7,48,1,N,2,10370
2,6,1,2,0,7,25,1,N,2,24838
2,1,1,1,6,6,43,1,N,2,18873
1,6,8,2,9,7,54,1,N,2,18473
1,6,1,1,8,7,21,1,N,2,16166
2,6,1,2,N,7,15,1,N,2,4797
1,3,1,1,N,7,26,1,N,2,15685
1,6,1,1,6,N,38,1,N,2,20289
1,4,1,1,6,N,63,1,N,2,17620
1,6,1,2,0,2,25,3,N,2,11317
2,4,1,1,N,6,21,1,N,2,12877
1,1,1,1,2,N,22,1,N,2,12247
1,1,1,1,8,N,47,1,N,2,25902
1,6,6,2,0,6,33,1,N,2,19559
2,3,1,2,9,3,9,1,N,2,7907
2,1,1,1,N,7,58,1,N,2,13892
2,1,1,2,4,N,45,3,N,2,14356
1,1,1,2,7,N,63,1,N,2,5148
2,4,1,1,N,7,50,1,N,2,947
1,1,1,1,4,5,35,1,N,2,16666
2,6,2,1,8,7,20,1,N,2,13501
1,1,1,1,N,7,59,1,N,2,17028
2,1,2,1,2,7,32,1,N,2,13755
1,4,1,1,7,7,65,1,N,2,16331
2,1,2,1,8,4,50,1,N,2,2238
2,3,1,2,N,7,32,1,N,2,3929
1,6,1,0,0,9,0,1,N,2,22294
2,6,1,1,2,4,54,3,N,2,4357
2,1,1,2,3,9,43,1,N,2,8477
2,1,1,1,3,11,67,1,N,2,3397
2,6,1,2,5,7,17,1,N,2,21259
1,6,1,1,3,5,33,1,N,2,22007
2,6,1,2,N,5,59,1,N,2,15896
1,6,2,1,1,3,45,1,6,2,14667
2,1,1,1,8,9,19,1,N,2,25151
2,1,1,1,6,8,24,1,N,2,1297
1,6,9,1,7,6,13,1,N,2,24732
2,1,1,1,7,3,68,1,N,2,6693
1,6,1,1,3,7,64,1,N,2,7001
2,6,1,2,0,7,64,1,N,2,7132
2,1,1,1,4,9,81,1,N,2,16081
1,1,1,1,1,N,56,1,N,2,7018
2,1,1,1,7,12,88,1,N,2,6824
1,6,2,2,0,4,9,1,N,2,15019
1,6,1,2,4,7,21,1,N,2,21324
1,3,1,1,6,6,68,1,N,2,20765
1,4,2,1,7,1,52,1,N,2,27113
2,1,1,1,N,N,51,1,N,2,23834
1,6,1,0,6,N,58,1,N,2,18172
2,5,1,1,3,6,49,1,N,2,22892
2,1,1,1,4,N,64,1,N,2,3257
2,1,1,1,0,8,60,1,N,2,7652
2,1,1,1,0,1,32,1,N,2,20809
2,1,6,2,8,6,36,1,N,2,9154
1,1,1,0,9,N,14,1,N,2,24939
1,6,1,0,2,6,37,1,N,2,2663
2,1,2,2,2,3,85,1,N,2,1692
2,6,6,1,9,N,0,1,N,2,13779
1,5,1,1,9,5,53,1,N,2,17880
2,3,1,1,8,N,0,1,6,2,19428
2,1,1,1,N,7,64,1,N,2,12547
1,1,1,1,N,N,95,1,N,2,9943
1,6,1,1,N,2,22,1,N,2,24939
2,1,8,1,9,N,92,1,N,2,4216
1,6,2,1,2,5,18,1,N,2,19668
1,3,1,1,6,4,28,1,N,2,8908
1,1,1,1,5,11,62,1,N,2,18994
1,6,1,2,0,1,4,1,N,1,17063
2,4,1,1,6,3,23,1,N,2,21166
1,1,1,1,9,2,70,1,N,2,23826
2,1,1,1,9,N,10,1,N,2,25771
1,1,1,1,2,7,21,1,3,2,15401
1,5,1,2,3,7,67,1,N,2,11656
2,1,5,1,7,7,60,3,N,2,12665
2,1,1,1,0,7,55,1,N,2,21893
1,4,1,2,5,6,9,1,N,2,13725
1,1,7,1,N,3,88,1,N,2,20911
2,1,1,1,9,N,53,1,N,2,26831
2,1,1,1,1,6,13,1,N,2,12381
1,1,1,1,9,8,64,1,N,2,12872
2,1,1,1,9,5,49,1,N,2,5595
2,1,1,2,6,5,60,1,N,2,8845
2,6,1,2,5,N,0,1,N,2,25441
2,1,1,1,9,N,60,1,N,2,15307
2,6,3,1,7,6,49,1,3,2,7780
1,1,1,1,2,4,63,1,N,2,8137
2,6,1,1,N,5,95,1,N,2,5267
2,6,1,2,2,6,38,2,N,2,600
2,1,1,2,4,4,57,1,N,2,10189
1,1,1,1,7,7,39,1,N,2,22277
2,6,1,1,5,7,59,1,N,2,5681
1,6,1,1,8,7,29,1,N,2,12016
1,1,1,1,7,N,6,1,N,2,22584
1,6,2,2,N,7,40,1,N,2,19642
2,1,1,1,4,2,91,1,N,2,18824
1,1,1,1,N,7,38,1,N,2,27252
2,1,1,1,1,5,82,1,N,2,17760
1,1,1,1,0,4,58,1,N,2,20250
1,3,1,1,0,8,55,1,1,2,27252
2,1,1,0,0,12,70,1,N,2,24939
1,6,1,1,N,7,62,1,3,2,22658
1,3,2,0,7,7,0,1,N,2,27252
2,1,1,2,8,9,90,1,N,2,12202
2,1,1,1,0,N,92,1,N,2,10382
2,1,1,1,7,N,57,1,N,2,6563
2,1,1,1,N,7,84,1,N,2,1377
1,1,1,1,9,N,75,1,N,2,18709
2,1,2,2,N,3,60,1,N,2,26784
2,6,2,2,6,3,35,1,N,2,459
1,1,1,1,N,3,48,1,N,2,14197
1,1,1,1,2,5,0,1,N,2,17320
2,1,9,2,N,6,53,1,N,2,7742
2,1,2,1,0,4,67,1,N,2,1560
1,3,1,1,N,6,7,1,N,2,27252
2,6,1,1,N,7,20,1,N,2,23381
2,6,1,1,8,N,95,1,N,2,16558
2,1,1,2,N,7,68,1,N,2,13401
1,1,1,2,N,N,41,1,N,2,21128
2,1,1,2,9,7,43,1,N,2,21609
2,6,2,2,2,6,32,1,N,2,20756
1,1,1,1,N,3,69,1,N,2,17124
2,1,1,1,4,9,38,1,N,2,27252
2,4,1,1,3,3,54,1,N,2,8232
1,4,1,2,4,6,9,1,N,2,17040
2,6,1,2,N,7,17,1,N,2,14271
2,6,1,1,4,3,52,1,N,2,0
2,6,2,2,8,7,0,1,N,2,21998
1,4,1,2,0,7,51,1,N,2,16303
1,6,2,1,3,6,27,1,N,2,12381
2,6,1,1,7,4,11,1,N,2,13950
2,1,1,1,8,N,80,1,N,2,13727
2,1,1,1,6,7,12,1,N,2,18927
1,6,1,2,5,6,42,1,N,2,13303
2,1,1,2,1,6,70,1,N,2,18382
1,6,2,2,3,7,77,1,N,2,6147
1,1,1,1,3,7,31,1,N,2,14026
1,1,1,1,9,3,64,1,N,2,13445
1,1,1,1,3,6,73,1,N,2,25582
2,1,1,1,8,N,47,1,N,2,19788
2,1,1,1,8,6,43,1,N,2,16334
1,6,1,2,3,10,22,1,N,2,5595
1,1,8,1,1,6,47,1,N,2,19077
1,1,1,0,0,6,53,1,N,2,22558
1,1,1,2,0,9,54,1,N,2,12443
1,4,2,2,0,6,12,1,N,2,16843
2,4,1,1,3,6,89,1,N,2,18166
1,6,1,2,4,7,45,1,N,2,17658
2,6,1,1,9,5,46,1,N,2,10657
2,3,2,2,7,7,39,1,N,2,19960
2,1,1,1,9,N,57,1,N,2,10446
2,3,1,2,4,10,28,1,N,2,17927
1,6,1,1,5,3,32,1,2,2,9056
2,1,1,1,7,5,73,1,N,2,18194
2,6,2,1,N,7,81,1,N,2,23029
2,6,1,2,0,5,35,1,N,2,19396
2,1,1,1,7,N,32,1,N,2,27252
1,1,8,1,9,7,51,1,N,2,20444
1,1,1,1,N,7,90,1,N,2,14101
2,6,2,1,3,3,0,1,N,2,24939
2,1,1,0,3,4,7,1,N,2,17790
2,6,1,1,N,2,58,1,N,2,4133
1,1,1,1,0,7,37,1,N,2,18020
2,1,2,1,6,7,54,1,N,2,26838
2,3,8,1,6,6,7,1,N,2,22370
2,N,1,1,N,N,39,1,N,2,7051
1,2,6,2,0,7,39,1,N,2,9572
2,6,1,1,9,7,57,1,N,2,13107
2,1,1,1,7,6,52,1,N,2,6913
2,1,1,1,7,2,67,1,N,2,25026
1,1,1,1,2,3,4,1,N,1,17658
2,4,3,1,0,1,47,1,N,2,6321
2,1,2,1,N,3,89,1,N,2,10001
1,6,2,0,0,7,36,1,N,2,19199
1,6,1,1,4,11,20,1,N,2,27252
2,4,1,0,N,N,65,1,N,2,15953
2,5,1,1,0,7,0,1,N,2,9231
2,6,2,1,7,7,14,1,N,2,20982
2,1,1,1,6,7,29,1,N,2,25898
2,6,2,1,1,9,16,1,N,2,20614
1,1,3,2,6,5,41,1,N,2,7950
2,1,1,2,6,N,77,1,N,2,12648
2,4,1,1,5,5,59,1,N,2,12632
2,6,1,2,3,6,9,1,N,2,11676
2,6,2,1,0,7,18,1,N,2,13217
2,6,1,1,9,5,3,1,N,2,15641
2,4,1,2,6,6,23,2,N,2,7656
2,6,2,2,2,7,61,1,N,2,20811
2,5,1,1,5,N,0,1,N,2,10193
1,6,2,2,2,6,0,1,N,2,1477
1,6,2,1,4,7,0,1,N,2,18279
2,6,1,1,5,7,32,1,N,2,15270
2,6,1,2,8,N,55,1,N,2,22896
2,4,1,1,6,6,95,1,N,2,1692
1,1,6,2,N,7,39,1,N,2,22465
1,1,1,2,0,7,43,1,N,2,14475
2,6,8,2,7,8,70,1,N,2,27252
1,2,1,2,4,7,61,1,N,2,22496
2,1,1,1,7,12,53,1,N,2,16347
2,1,1,1,7,N,51,1,N,2,16500
2,1,1,1,7,9,79,1,N,2,20665
1,6,2,1,2,9,23,1,N,2,13493
2,1,1,1,8,6,77,1,N,2,22407
2,3,2,2,7,6,63,1,N,2,16339
1,6,2,2,6,7,24,1,N,2,23046
2,6,1,2,5,7,49,1,N,2,19624
1,6,1,1,9,3,24,1,N,2,27252
1,1,9,2,5,7,47,1,N,2,20966
2,6,1,2,4,2,34,1,N,2,23336
1,6,1,0,4,9,0,1,N,2,3893
2,1,9,1,4,9,56,1,N,2,11391
2,6,6,1,N,7,61,1,N,2,1579
1,6,1,2,8,6,0,1,N,2,15990
2,6,1,0,0,7,60,1,N,2,1188
1,1,1,1,9,N,61,1,N,2,11150
2,6,1,2,4,9,49,1,N,2,19416
2,1,1,1,6,9,85,1,N,2,22348
2,6,1,2,6,N,56,1,N,2,27252
1,1,1,1,7,7,34,1,N,2,27252
2,4,2,2,0,3,40,1,N,2,6381
1,6,1,1,0,5,49,1,N,2,23933
2,1,6,1,5,7,51,1,N,2,13026
2,1,3,1,4,9,53,1,N,2,20042
2,1,1,1,N,N,91,1,N,2,15672
2,1,1,1,8,6,76,1,N,2,9419
1,1,1,2,7,3,36,1,N,2,12386
1,4,2,1,2,5,59,1,N,2,6908
1,1,1,2,5,N,47,1,5,2,4326
1,4,1,2,2,3,4,1,4,2,12340
2,1,1,1,9,3,32,1,N,2,11170
2,1,1,1,1,6,68,1,N,2,13087
1,1,1,1,5,6,88,1,N,2,24231
1,1,1,1,0,9,32,1,N,2,18195
1,1,2,1,7,5,56,1,N,2,7861
2,1,1,2,8,7,70,1,N,2,18489
1,1,1,1,9,N,67,1,N,2,14201
2,5,6,1,0,9,8,1,N,2,20413
1,1,1,1,9,6,0,1,N,2,23589
1,1,1,1,8,N,38,1,N,2,17846
2,1,2,1,1,4,78,1,N,2,14677
2,1,1,1,7,3,38,1,N,2,22687
1,1,1,1,8,4,50,1,N,2,15696
2,6,1,1,8,7,44,1,N,2,22964
2,1,1,1,5,6,38,2,N,2,13395
1,1,2,1,4,11,56,1,N,2,15035
1,1,1,1,9,N,55,1,N,2,15467
1,6,2,0,2,7,15,1,N,2,12398
1,1,1,1,N,N,50,1,N,2,22262
2,6,2,1,9,5,13,1,N,2,19358
2,4,3,1,5,6,11,1,N,2,18682
2,4,1,2,3,7,68,1,N,2,27252
1,1,1,1,0,9,0,1,N,2,27252
2,1,1,1,6,3,57,1,N,2,25285
2,1,1,2,4,4,60,1,N,2,19658
2,1,2,2,6,N,38,1,N,2,12988
2,1,1,1,7,7,40,1,N,2,15806
2,6,8,1,9,3,92,1,N,2,0
2,1,1,1,7,7,32,1,N,2,18292
1,1,1,1,8,N,60,1,N,2,19799
1,6,1,2,2,6,18,1,N,2,22347
2,4,1,2,8,N,26,1,N,2,3699
1,1,1,1,4,9,26,1,N,2,21162
2,6,1,1,2,12,42,1,N,2,7141
2,1,1,1,9,N,43,1,N,2,26652
2,1,1,1,4,7,81,1,N,2,27166
1,1,1,1,6,10,40,1,N,2,0
2,6,1,2,8,7,73,1,N,2,25242
2,6,1,1,3,4,13,1,N,2,18442
2,1,2,1,8,N,32,1,N,1,24939
2,4,1,1,7,6,38,1,N,2,24405
2,1,1,1,5,9,40,1,N,2,6072
1,2,1,1,0,12,15,1,N,2,27252
1,1,1,2,4,4,6,1,N,2,21340
1,6,1,1,2,6,42,1,N,2,21628
1,1,1,1,6,7,10,1,N,2,21656
1,1,1,2,0,7,66,1,N,2,15408
1,1,1,1,3,3,29,1,N,2,27119
1,4,3,1,N,7,53,1,N,2,5788
1,1,1,1,6,2,56,1,N,2,21126
1,3,5,2,N,7,77,1,N,2,16853
2,1,1,1,3,7,66,1,N,2,13968
1,1,8,1,7,7,44,1,N,2,16566
1,3,9,1,8,N,18,1,5,2,16553
2,6,2,2,0,7,23,1,N,2,14870
2,1,1,2,7,7,68,1,N,2,18242
2,6,1,1,3,7,69,1,N,2,19705
2,1,1,1,9,9,56,1,N,2,17939
1,1,8,2,1,7,78,1,1,2,7863
2,6,1,1,1,5,20,1,N,2,15464
2,6,1,1,4,9,25,1,N,2,19844
2,1,1,2,1,10,77,1,N,2,2811
1,2,2,2,9,11,38,1,N,2,16406
1,6,1,2,2,7,25,1,N,2,2162
2,4,1,1,7,7,67,1,N,2,27252
1,1,1,2,7,N,70,1,N,2,15295
2,1,1,1,6,7,53,1,N,2,19496
2,6,1,1,1,6,58,1,N,2,21096
2,1,1,0,1,8,9,1,N,2,17449
2,1,2,1,9,7,58,1,N,2,27252
1,4,1,2,9,6,20,1,N,2,16651
2,1,1,1,N,4,69,1,N,2,27252
2,1,4,1,0,6,69,1,N,2,16488
2,1,1,1,7,7,81,1,N,2,11405
1,4,1,1,3,1,70,1,N,2,531
1,6,1,1,N,3,7,1,N,2,17324
1,1,2,1,5,4,25,1,N,2,13429
1,6,8,1,8,5,65,1,N,2,26816
2,6,1,1,0,7,47,1,N,2,14253
2,1,1,2,1,12,38,1,N,2,21171
1,6,1,1,7,7,12,1,N,2,24996
2,1,1,1,N,3,52,1,N,2,3232
1,6,1,2,1,5,12,1,N,2,13061
2,6,1,1,1,5,33,1,N,2,24939
2,4,1,1,9,3,40,1,1,2,20587
2,4,1,1,9,5,74,1,N,2,15854
2,1,1,1,0,5,90,1,N,2,12118
1,1,1,1,8,7,54,1,N,2,13908
1,3,1,2,N,3,38,1,N,2,16955
2,1,1,1,0,2,67,1,N,2,14598
2,4,3,1,5,9,66,1,N,2,16114
1,2,1,0,2,11,71,1,N,2,13885
2,6,1,1,7,4,8,1,N,2,4982
2,1,1,1,N,3,57,1,N,2,13744
2,1,4,1,8,7,69,1,N,2,8477
2,1,1,1,1,5,53,1,N,2,18793
2,1,1,1,9,7,2,1,N,2,19933
1,6,2,2,6,6,35,1,N,2,9283
2,3,1,2,N,7,84,1,N,2,18482
1,1,2,1,7,7,69,1,N,2,23145
1,6,1,2,9,3,46,1,N,2,14700
1,6,1,1,1,N,10,1,N,2,16948
2,6,2,2,N,7,23,1,N,2,20437
2,4,1,1,N,3,79,1,N,2,19457
2,3,1,1,9,4,82,1,N,2,0
1,6,8,2,0,5,29,1,N,2,16587
1,1,1,1,N,7,72,1,N,2,16881
2,6,1,1,8,7,12,1,N,2,17524
2,4,2,1,7,7,60,1,N,2,6763
2,1,1,1,3,7,54,1,N,2,12505
1,3,7,1,9,7,67,1,N,2,16835
1,4,1,1,7,5,9,1,N,2,27023
1,1,1,1,0,9,58,1,N,2,4275
2,6,2,2,1,7,8,1,N,2,15922
1,1,3,1,2,11,89,1,N,2,22817
1,6,8,2,1,4,0,2,N,2,15742
2,4,1,1,0,5,26,1,6,2,14793
2,1,1,1,N,6,54,1,N,2,19629
2,6,1,2,4,7,8,1,N,2,14663
1,3,1,1,7,9,18,1,N,2,20528
1,1,1,1,6,7,49,1,N,2,10012
1,6,1,1,7,6,39,1,N,2,117
2,1,1,1,8,12,28,1,N,2,27190
1,6,1,2,9,12,79,1,N,2,15275
2,1,1,2,7,N,51,1,N,2,15959
2,1,1,1,9,1,57,1,N,2,10479
1,6,1,2,9,12,37,1,N,2,22079
2,6,6,1,8,9,61,1,1,2,1539
2,6,1,2,0,6,15,1,N,2,16805
1,1,1,1,7,2,46,1,N,2,8893
1,1,1,0,6,3,67,1,N,2,19927
2,6,1,1,0,3,55,1,N,2,25173
2,1,9,1,6,2,50,3,N,2,21677
2,6,1,1,2,N,63,1,N,2,11044
2,1,1,1,2,5,70,1,N,2,22927
2,6,1,1,2,7,23,1,N,2,19826
1,1,1,1,7,7,62,1,N,2,15238
2,4,1,1,2,7,69,1,6,2,8857
2,1,6,1,9,7,22,1,N,2,22525
2,1,1,1,N,7,81,1,N,2,18728
2,6,1,1,0,7,20,1,N,2,13920
2,1,1,2,2,6,52,1,N,2,18211
2,3,3,1,4,11,68,3,N,2,24431
2,6,2,1,3,7,43,1,N,2,10878
2,1,1,1,3,4,58,1,N,2,3098
1,4,3,2,2,4,7,1,N,2,16095
2,6,1,1,6,7,25,1,N,2,14320
2,6,1,2,0,9,24,1,N,2,13785
1,6,2,2,4,7,30,1,N,2,13767
2,1,1,1,7,9,95,1,N,2,691
2,1,1,2,N,3,50,1,N,2,2039
2,6,1,2,6,7,21,1,N,2,17213
2,6,1,1,4,9,9,1,N,2,23799
2,1,2,2,4,8,20,1,N,2,13403
2,6,1,2,5,2,26,1,N,2,13826
1,1,1,1,N,7,72,1,N,2,19306
2,1,2,2,9,3,23,1,N,2,7499
2,6,1,1,6,7,0,1,N,2,19330
2,1,1,1,N,N,63,1,N,2,20616
1,1,1,2,9,9,0,1,N,2,27252
2,1,1,1,9,9,57,1,N,2,19296
1,1,1,1,3,3,66,1,N,2,19539
1,1,1,1,0,8,18,1,N,2,22566
2,1,1,1,8,N,40,1,N,2,6606
2,1,2,1,9,7,44,1,N,2,21041
1,6,1,1,N,N,85,1,N,2,7727
2,6,2,1,0,5,53,1,N,2,10630
1,6,1,2,5,N,55,1,N,2,19231
1,3,1,2,N,3,15,1,N,2,27252
2,1,1,1,4,5,48,1,N,2,13526
2,1,1,1,N,N,55,1,N,2,19184
2,6,1,2,7,7,67,1,N,2,1530
1,6,1,1,2,7,17,1,5,2,17980
2,6,1,2,5,7,29,1,N,2,9987
2,1,1,1,7,6,88,1,N,2,15531
2,6,2,2,5,5,19,1,N,2,12594
2,6,1,1,6,7,61,1,N,2,20450
1,6,6,1,8,5,13,1,N,2,18595
2,6,8,1,6,5,5,1,N,2,12488
1,6,1,1,5,3,36,1,N,2,27252
2,6,1,1,9,N,49,1,N,2,10865
1,1,1,1,4,12,26,1,N,2,20827
1,6,2,2,2,6,60,1,N,2,12296
1,1,1,1,7,N,32,1,N,2,11319
2,1,2,2,7,7,11,1,N,2,13229
2,6,1,1,N,N,14,1,N,2,19207
2,1,1,1,7,N,75,1,N,2,8619
1,6,1,1,9,7,75,1,N,2,20956
1,6,1,1,3,7,10,1,N,2,17407
1,N,1,2,N,7,60,1,N,2,26378
2,6,1,1,9,7,0,1,N,2,20050
1,1,1,1,N,12,85,1,N,2,10670
1,1,1,1,N,N,69,1,N,2,21163
2,1,1,1,3,8,45,1,N,2,9164
2,6,1,1,5,7,79,1,3,2,946
2,1,1,2,5,N,85,1,N,2,20410
1,6,6,2,6,7,29,1,N,2,24894
1,6,7,2,5,7,51,1,N,2,17479
1,6,2,0,7,N,17,1,N,2,27252
1,1,1,2,6,6,51,1,N,2,26197
1,6,3,2,7,7,60,1,N,2,19329
2,6,2,2,2,7,71,1,N,2,17550
1,1,8,1,0,N,86,1,N,2,14544
2,1,1,1,4,5,71,1,N,2,20758
1,6,1,1,2,6,31,1,N,2,15260
2,3,2,1,5,6,34,1,N,1,18746
2,6,1,2,4,N,30,1,N,2,26724
2,1,1,2,5,5,44,1,N,2,18504
2,1,1,1,9,9,26,1,N,2,11184
1,1,1,2,N,N,21,1,N,2,27202
2,3,1,2,2,5,68,2,N,2,7391
1,1,1,1,8,12,53,1,N,2,20244
2,4,1,1,9,6,24,1,N,2,20227
2,1,1,1,7,7,38,1,N,2,16953
2,1,1,1,6,9,52,1,N,2,25752
1,1,2,1,4,N,35,1,N,2,19299
1,1,1,1,2,N,40,1,N,2,10251
2,3,2,1,N,7,26,1,N,2,19289
1,6,5,2,1,6,29,1,N,2,7897
1,1,1,1,7,3,65,1,N,2,11653
2,6,1,2,4,6,5,1,N,2,18415
2,2,2,2,2,3,49,1,N,2,12853
2,6,1,1,3,3,4,1,N,2,20632
2,4,1,1,8,9,76,1,N,2,1026
2,1,1,2,7,N,36,1,N,2,21624
1,N,2,2,N,7,53,1,N,2,9333
2,1,1,1,9,7,71,1,N,2,16950
2,1,1,1,2,6,68,1,N,2,27252
2,6,1,1,9,5,39,1,N,2,13596
1,1,1,1,N,6,47,1,N,2,1692
2,6,1,1,3,9,0,1,N,2,20432
2,1,1,1,9,1,6,1,N,2,16206
2,6,2,2,4,6,8,1,N,2,8212
2,1,1,1,5,10,69,1,4,2,9460
2,6,5,1,6,1,32,1,N,2,19539
2,1,2,1,N,N,69,1,N,2,23278
1,4,6,1,0,4,38,1,N,2,19034
1,6,1,2,5,7,31,1,N,2,13274
1,1,1,1,8,6,58,1,N,2,271
2,6,2,1,4,5,33,1,N,2,17418
2,1,1,1,6,7,21,1,N,2,15313
1,1,1,1,6,9,20,1,N,2,20302
2,1,9,2,6,3,88,1,N,2,18620
1,6,1,1,3,7,61,1,N,2,11012
1,4,1,2,5,4,20,1,N,2,26621
1,6,1,1,2,6,4,1,N,2,9045
2,2,1,1,0,6,60,1,N,2,9969
2,6,1,1,3,7,0,1,N,2,11929
2,6,1,2,6,6,14,1,N,2,16442
2,1,1,2,2,9,69,1,N,2,14636
1,1,2,1,N,4,51,1,N,2,18272
2,6,2,2,2,3,20,1,N,2,17460
2,6,1,1,6,2,32,1,N,2,3731
1,6,1,1,0,9,46,1,N,2,9181
2,6,1,1,1,7,38,1,N,2,19561
1,6,1,2,5,6,23,1,N,2,9924
2,3,1,1,N,N,62,1,N,2,27252
2,1,1,2,N,6,72,1,N,2,16632
2,1,1,1,7,3,55,1,N,2,17354
2,6,1,1,3,9,42,1,N,2,8171
1,1,1,2,4,7,15,1,N,2,24463
1,6,1,1,2,6,29,1,N,2,19281
2,6,1,1,5,7,0,1,N,2,13107
2,3,1,1,N,7,11,1,N,2,27252
2,4,9,2,2,7,20,1,N,2,4612
2,1,1,1,5,7,66,1,N,2,4589
2,6,2,1,0,6,30,1,N,2,19276
1,1,1,1,7,9,35,1,N,2,17865
2,1,1,1,N,7,44,1,N,2,24939
2,6,1,1,0,7,35,1,N,2,17070
1,5,1,2,2,6,83,1,N,2,14414
2,1,1,1,8,7,34,1,N,2,13335
1,6,1,2,5,9,56,1,N,2,15433
2,1,1,1,8,3,13,1,N,2,14868
1,6,1,1,5,7,51,1,N,2,8147
2,1,1,1,9,N,95,1,N,2,1963
2,6,1,2,8,7,35,1,N,2,11666
2,5,1,1,5,10,45,1,N,2,25699
2,1,4,2,0,8,48,1,N,2,18058
2,3,1,1,9,7,51,1,N,2,19785
2,1,1,2,5,7,65,1,N,2,26958
2,1,1,1,N,N,77,1,N,2,22370
2,3,1,2,N,3,55,1,N,2,14454
2,1,1,1,9,N,81,1,N,2,1500
2,1,1,1,N,N,45,1,N,2,12078
1,6,6,1,6,1,52,1,N,2,18856
2,1,1,1,9,7,70,1,N,2,20644
2,6,1,2,8,7,23,1,N,2,16405
1,6,3,2,3,4,82,1,N,2,5696
2,6,5,2,3,7,34,1,N,2,16843
1,6,2,2,4,5,64,1,N,2,8005
2,N,2,1,9,11,53,1,N,2,23192
2,6,1,2,2,6,67,1,N,2,11397
1,6,3,1,2,9,25,1,N,2,21251
1,1,1,1,2,7,53,1,N,2,27252
2,1,1,1,8,12,94,1,N,2,14844
1,1,2,1,9,7,57,1,N,2,18355
1,1,1,1,9,N,69,1,N,2,16842
2,6,1,2,0,9,33,1,N,2,13044
2,N,9,2,6,11,45,1,4,1,19868
1,6,1,1,0,5,34,1,N,2,18596
2,1,2,1,6,7,49,1,N,2,7448
2,6,1,2,4,7,15,1,N,2,21714
2,6,2,1,7,N,0,1,N,2,17200
2,1,9,2,4,3,20,1,N,2,25044
2,1,1,1,3,N,26,1,N,2,14065
1,1,1,2,4,N,25,1,N,2,11585
1,1,1,1,7,9,75,1,N,2,9662
2,6,1,2,1,10,31,1,N,2,22202
1,6,1,2,5,7,61,1,N,2,17582
2,1,1,0,1,9,23,1,N,2,24939
2,6,1,1,6,7,32,1,N,2,16794
2,3,1,1,0,7,51,1,N,2,12955
2,1,1,1,N,7,32,1,N,2,27252
2,1,1,1,N,7,40,1,N,2,16179
2,1,1,1,N,2,57,1,N,2,13571
2,6,1,2,7,6,44,1,N,2,7676
2,1,1,1,0,4,62,1,N,2,18022
2,6,2,2,6,7,21,1,N,2,21219
1,1,1,2,2,N,20,1,1,2,13938
2,N,1,2,8,5,38,2,N,2,21438
2,1,1,1,8,1,45,1,N,2,3577
2,1,1,1,4,2,49,1,N,2,15628
2,1,8,1,9,7,48,1,N,2,18257
1,1,1,2,0,7,19,1,N,2,24939
1,1,1,1,1,5,23,1,N,2,21672
1,6,2,1,8,7,23,1,N,2,24939
2,6,1,2,4,3,68,1,N,2,739
1,1,2,1,8,N,0,1,N,2,15698
2,N,1,1,N,N,89,1,N,2,20581
1,2,1,1,9,7,90,1,N,2,25722
1,1,1,1,6,6,44,1,N,2,9615
2,6,1,2,N,7,6,1,N,2,20934
2,6,1,2,9,3,49,1,N,2,14550
2,1,1,1,7,5,29,1,N,2,3319
2,6,1,1,7,7,12,1,N,2,22977
1,1,1,1,7,9,65,1,N,2,12743
2,6,1,1,8,7,37,1,N,2,16383
2,1,1,1,4,5,44,1,N,2,16780
2,1,1,2,N,4,10,1,N,2,27252
1,1,2,2,8,N,79,1,N,2,11610
2,6,1,1,9,7,9,1,N,2,19088
2,1,1,1,7,1,90,3,2,2,10447
2,1,1,2,5,9,67,1,N,2,18369
2,6,2,2,9,6,27,1,N,2,20144
1,1,1,1,4,9,68,1,N,2,5830
2,4,1,2,3,5,30,1,N,2,1258
2,1,3,2,4,7,57,1,N,2,24566
2,6,1,2,4,5,43,1,N,2,21675
1,6,2,1,7,6,19,1,N,2,10698
1,5,1,2,0,4,43,1,N,2,269
2,6,1,2,1,5,18,1,N,2,18570
1,1,1,2,9,6,34,1,N,2,27252
1,6,2,2,7,7,24,3,N,2,8143
2,1,2,1,3,7,65,1,N,2,5430
2,1,6,1,3,6,50,1,N,2,17684
2,1,1,1,9,6,93,1,N,2,15669
1,1,1,1,9,5,81,1,N,2,11023
2,6,1,1,3,N,17,1,N,2,16387
2,4,1,1,5,7,55,1,N,2,14473
2,1,1,2,4,5,15,1,N,2,22804
1,6,1,1,4,4,34,1,N,2,17521
2,4,1,2,1,7,67,1,N,2,5924
1,1,1,1,7,8,69,1,N,2,17304
1,4,1,1,8,N,57,1,N,2,17701
2,1,3,1,6,9,6,1,N,2,26337
2,6,1,2,0,8,0,1,N,2,16061
1,4,1,1,7,5,76,1,N,2,21729
2,6,1,2,8,4,23,1,N,2,7171
1,N,1,2,9,4,8,1,N,2,19935
2,6,2,1,0,N,26,1,N,2,19515
2,1,1,1,4,4,32,1,N,2,8592
1,6,1,1,2,7,30,1,N,2,13695
1,6,7,1,3,N,31,1,N,2,9571
2,1,1,1,4,9,80,1,N,2,14444
1,1,1,1,N,N,43,1,N,2,16333
2,1,1,1,7,5,22,1,N,2,19926
2,1,1,1,N,7,17,1,N,2,21783
2,3,1,2,N,7,21,1,N,2,9219
1,4,1,1,8,7,40,1,N,2,9847
2,1,6,1,N,6,52,1,N,2,15863
2,1,1,1,N,N,61,1,N,2,24086
2,6,2,2,6,4,24,1,N,2,5266
1,6,1,2,0,N,69,1,N,2,18948
2,1,1,1,0,3,64,1,N,2,27252
2,4,1,2,4,11,39,1,N,2,19001
2,1,1,1,7,N,59,1,N,2,14924
1,1,1,1,6,3,0,1,N,2,20991
2,6,1,1,9,12,4,1,N,2,12077
1,6,1,2,8,7,61,1,N,2,12202
1,6,1,1,3,7,20,1,N,2,18922
1,6,1,2,N,7,13,1,N,2,23929
2,6,1,1,4,5,27,1,N,2,15767
1,6,2,2,3,7,88,1,N,2,9574
2,1,1,1,5,6,35,1,N,2,18629
1,1,1,1,8,N,68,1,N,2,14062
2,3,2,1,5,11,89,1,N,2,15334
1,1,1,1,7,5,55,1,N,2,17738
1,6,1,1,N,7,71,1,N,2,16535
2,1,1,1,3,7,49,1,N,2,10652
2,1,1,1,N,7,7,1,N,2,26552
1,6,6,2,4,4,61,1,N,2,15162
2,1,1,0,6,10,27,1,N,2,0
1,4,1,1,7,10,58,1,N,2,15954
2,6,1,2,9,3,34,1,N,2,27252
2,1,1,1,7,5,49,1,N,2,12768
2,1,1,2,7,7,45,1,N,2,16987
1,1,2,1,8,11,72,1,N,2,3800
1,1,2,1,1,7,45,1,N,2,14997
2,1,4,2,2,6,30,1,N,2,3847
2,1,1,1,7,7,51,1,N,2,22242
2,1,2,1,2,6,16,1,N,2,17328
2,4,1,1,6,7,61,1,N,2,9181
2,1,1,1,6,7,65,1,N,2,23977
2,1,1,1,9,N,34,1,N,2,27231
2,6,3,1,9,7,51,1,N,2,17759
1,1,1,1,7,9,70,1,N,2,21976
2,1,1,1,6,1,57,1,N,2,21066
2,1,1,1,2,N,56,1,N,2,22195
1,1,1,1,N,3,36,1,N,2,20314
1,6,6,1,5,11,62,1,N,2,25239
2,5,1,2,3,7,50,1,N,2,14708
1,6,1,1,5,6,71,1,N,2,15270
1,5,6,2,0,8,44,1,N,2,8311
1,4,6,1,6,6,87,1,N,2,19323
2,N,7,1,1,5,47,1,N,2,11650
1,1,1,2,N,9,29,1,N,2,16487
2,6,1,2,1,2,8,1,N,2,18987
2,1,1,1,3,9,72,1,N,1,23199
1,6,1,1,9,N,65,1,N,2,13605
2,6,2,1,8,6,69,1,N,2,11213
2,6,2,2,6,4,79,1,6,2,14163
2,1,1,2,1,5,39,1,N,2,8670
2,1,1,1,6,6,32,1,N,2,17660
2,1,1,1,9,7,39,1,N,2,22509
1,N,2,1,0,7,0,1,N,2,18121
2,5,2,1,0,4,26,1,6,2,14337
2,1,2,2,6,4,76,1,N,2,14350
2,6,1,1,5,4,17,1,N,2,16161
2,1,1,2,7,N,47,1,N,2,18444
2,1,1,1,5,7,70,1,5,2,16471
2,4,1,2,6,6,29,1,N,2,16859
2,1,1,1,N,7,68,1,N,2,16338
2,4,1,2,0,N,53,1,N,2,26229
1,1,1,1,9,N,34,1,N,2,19959
2,1,3,1,0,7,36,1,N,2,1839
2,6,1,1,0,5,15,1,N,2,10083
2,1,1,1,N,3,95,1,N,2,12391
1,1,1,1,N,N,53,1,N,2,16371
2,1,1,1,9,N,45,1,N,2,25248
2,1,1,2,5,11,23,1,N,2,19776
1,1,3,1,6,7,28,1,N,2,20835
2,1,1,1,N,N,78,1,N,2,27252
1,6,1,2,0,2,56,1,N,2,25595
2,1,1,1,0,7,9,1,N,2,20769
2,1,1,1,7,N,68,1,N,2,13829
2,4,1,2,2,7,40,1,N,2,18112
1,6,1,1,N,7,33,1,N,2,18424
2,1,1,1,7,7,66,1,N,2,23250
2,6,1,1,4,6,34,1,N,2,12081
1,1,1,1,1,9,33,1,N,2,16234
2,6,1,0,N,3,84,1,N,2,15986
2,6,1,1,0,N,38,1,N,2,11938
2,6,1,2,0,4,70,1,N,2,14835
1,6,1,1,9,2,49,1,N,2,9702
2,6,1,2,4,7,46,1,N,2,25420
1,2,1,1,1,7,51,1,N,2,27252
1,3,2,1,1,N,10,1,N,2,21492
1,6,2,1,0,6,23,1,N,2,16259
2,6,1,1,6,N,34,1,N,2,27252
1,1,1,1,0,N,42,1,N,2,17974
1,1,1,1,1,N,85,1,N,2,14911
1,1,1,1,2,N,42,1,N,2,17725
1,1,1,1,7,N,55,1,N,2,18548
1,1,2,1,4,7,39,1,N,2,27252
2,6,2,1,7,1,10,1,N,2,15844
2,3,5,2,4,11,10,1,N,2,6611
2,5,1,2,6,7,46,1,N,2,16445
2,6,1,1,5,3,33,1,N,2,10730
1,1,1,1,8,6,34,1,N,2,2950
1,1,1,2,0,7,59,1,N,2,15369
2,6,1,1,7,7,77,1,N,2,19343
2,4,1,1,6,7,31,1,N,2,9086
1,4,1,1,6,5,35,1,N,2,13830
2,1,1,1,8,7,25,1,N,2,17230
2,6,1,1,8,11,12,1,N,2,25775
2,6,1,2,4,5,25,1,N,2,10274
1,6,2,2,4,N,25,1,N,2,21314
2,1,1,1,0,6,41,1,N,2,22532
2,6,1,1,9,N,51,1,N,2,23211
2,1,3,1,9,N,56,1,N,2,19985
1,4,1,1,9,7,27,1,N,2,21749
1,1,1,1,7,1,64,1,N,2,17049
2,6,6,1,9,7,54,1,N,2,24878
2,N,1,1,3,7,65,1,N,2,20105
2,6,1,2,N,N,65,1,N,2,7799
1,6,1,1,3,2,20,1,N,2,18316
1,4,1,1,2,6,26,1,N,2,23276
1,2,1,1,0,7,19,1,N,2,16339
1,6,2,1,0,5,4,1,N,2,17805
1,1,1,1,2,7,61,1,N,2,18950
1,1,1,1,4,7,12,1,N,2,15184
2,4,1,2,0,N,47,1,N,2,23324
2,1,1,1,4,7,25,1,N,2,12667
1,1,1,1,5,2,73,1,N,2,22058
2,6,2,1,1,5,21,1,N,2,7020
2,3,1,2,N,7,95,1,N,2,12239
2,6,1,1,3,7,42,1,N,2,16704
1,1,1,1,N,7,72,1,N,2,23486
2,6,2,2,0,7,48,3,N,2,17767
2,1,2,1,4,N,12,1,N,2,22332
2,1,2,1,2,6,57,1,N,2,17260
2,6,1,2,4,7,31,1,N,2,14592
2,1,1,1,7,2,63,1,4,2,19134
2,6,1,2,4,5,14,1,N,2,574
1,1,1,1,7,11,41,1,N,2,13353
2,6,1,1,7,7,26,1,N,2,19556
2,6,1,1,N,3,63,1,N,2,15626
2,4,1,1,7,7,82,1,N,2,11422
2,1,1,1,3,12,80,1,N,2,5427
1,6,1,1,2,3,61,1,N,2,5538
1,5,1,2,N,N,48,1,N,2,11651
2,1,1,1,5,6,72,1,N,2,17306
2,6,6,1,9,5,20,1,N,2,7378
2,1,2,1,6,7,35,1,N,2,22619
1,1,1,1,N,7,93,1,N,2,7500
2,1,1,0,3,3,4,1,N,2,27252
1,1,1,1,7,6,26,1,N,2,17524
2,6,2,2,1,3,20,1,N,2,14190
2,6,7,1,7,3,19,1,N,2,27252
1,6,1,1,1,6,23,1,N,2,18644
1,6,1,1,3,7,8,1,N,2,16919
2,6,1,0,3,8,22,1,N,2,23871
2,1,1,1,8,N,81,1,N,2,27252
2,3,9,2,7,5,32,1,N,2,18496
1,6,2,1,9,12,53,1,N,2,17853
1,1,1,1,9,7,53,1,N,2,8777
1,1,1,1,0,7,28,1,N,2,8343
2,6,1,1,9,6,32,1,N,2,22980
2,1,1,1,N,7,50,1,N,2,16267
1,6,1,1,9,7,25,1,N,2,18083
2,6,1,1,9,2,75,1,N,2,20809
1,1,1,1,N,7,49,1,N,2,20487
1,1,1,1,3,6,70,1,N,2,27252
1,1,1,1,N,9,14,1,N,2,22790
1,5,7,1,1,7,75,2,N,2,17275
2,6,1,1,3,7,32,1,N,2,19742
1,1,2,1,N,7,56,1,N,2,12840
1,1,1,1,9,6,78,1,N,2,6507
2,6,1,1,3,7,88,1,N,2,6334
1,6,1,2,5,7,68,1,N,2,14914
2,1,1,1,N,3,48,1,N,2,16113
2,1,1,1,7,7,15,1,N,2,24234
1,1,1,1,0,9,52,1,N,2,5704
1,6,2,2,9,4,36,1,N,2,9014
2,1,1,1,8,6,72,1,N,2,12476
1,1,2,1,9,7,64,1,N,2,22829
1,5,3,1,0,2,31,1,N,2,26434
2,6,1,1,2,7,12,1,N,2,14552
1,6,1,2,8,N,13,1,N,2,22019
1,6,9,2,9,6,60,1,N,2,0
1,3,5,2,8,10,48,1,N,2,17398
2,1,1,1,4,6,31,1,N,2,24939
2,4,1,1,N,7,64,1,N,2,14744
1,1,7,2,1,6,60,1,N,2,7824
1,4,1,1,8,N,41,1,N,2,18406
2,6,1,1,4,7,43,1,N,2,20502
2,6,1,1,2,6,29,1,N,2,13685
1,1,1,1,2,7,54,1,N,2,7532
2,1,1,2,8,N,32,1,N,2,16995
2,6,1,1,N,N,62,1,N,2,24869
2,1,1,2,2,7,34,1,N,2,18351
1,6,6,2,5,12,34,1,N,2,13735
2,6,2,2,0,7,59,1,N,2,14023
1,1,1,1,7,9,41,1,N,2,25673
2,1,1,2,N,11,52,1,N,2,27252
1,6,1,1,4,5,41,1,N,2,18519
2,1,1,1,9,3,76,1,N,2,18060
2,6,1,1,0,5,50,2,N,2,19227
2,6,2,0,0,7,26,1,N,2,17930
2,1,1,1,6,3,52,1,N,2,18064
2,6,1,1,9,12,79,1,N,2,18992
1,1,1,1,6,6,42,1,N,2,22658
2,3,1,0,1,8,38,1,N,2,24939
2,1,1,1,5,2,11,1,N,2,5409
2,1,1,1,7,11,61,1,N,2,12507
2,6,6,1,5,7,62,1,N,2,1002
1,1,1,2,6,7,47,1,N,2,17706
2,1,1,1,4,7,28,1,N,2,13315
1,6,1,1,5,1,42,1,N,2,21769
2,6,1,2,2,7,42,1,N,2,14440
1,1,1,1,3,11,47,1,N,2,22656
2,1,1,1,N,3,37,1,N,2,22385
2,1,1,1,8,7,47,1,N,2,11230
1,6,1,2,0,7,51,1,N,2,14340
1,6,1,2,8,7,12,1,N,2,17419
1,1,1,1,N,6,62,1,N,2,13276
2,6,2,2,5,6,1,1,N,2,12990
2,1,1,1,3,7,72,1,N,2,19192
2,1,1,1,7,11,38,1,N,2,17089
1,1,1,1,N,N,53,1,N,2,25006
1,1,1,1,7,N,40,1,N,2,23266
1,4,2,2,9,7,63,1,N,2,18879
1,6,1,2,4,6,0,1,N,2,9323
2,1,1,0,6,8,50,1,N,2,21446
2,6,6,2,2,N,2,1,N,2,14643
1,1,9,2,4,3,56,1,N,2,27252
2,1,1,1,N,N,45,1,N,2,11473
2,6,1,2,8,7,73,1,N,2,11693
2,1,1,1,N,3,59,1,N,2,20032
2,1,9,1,0,N,14,1,N,2,19835
2,6,1,1,7,N,80,1,N,2,9901
2,6,2,1,2,6,18,1,N,2,15103
2,6,4,2,9,12,41,1,N,2,24791
1,1,1,1,7,7,57,1,N,2,18412
2,2,1,0,2,7,19,1,N,2,20113
2,6,1,1,3,5,39,1,N,2,12808
2,6,1,2,0,4,40,1,N,2,11261
1,6,1,1,9,3,33,1,N,2,7836
2,1,2,1,9,N,83,2,N,2,21262
2,6,1,1,N,6,67,1,N,2,15920
2,1,1,2,3,5,72,1,N,2,5613
1,1,1,1,7,N,17,1,N,2,14074
2,6,2,2,4,6,53,1,N,2,11002
1,1,1,1,8,12,81,1,N,2,19798
2,1,1,1,9,7,61,1,N,2,17653
1,6,1,1,N,7,61,1,N,2,21826
2,1,1,1,0,7,47,1,N,2,26078
1,1,1,1,9,3,57,1,N,2,24922
1,6,1,1,7,N,13,1,N,2,27252
1,6,2,1,3,1,34,1,N,2,12320
1,6,1,2,0,2,32,1,N,2,13407
1,1,2,1,N,7,74,1,N,2,15542
1,6,1,1,4,8,50,1,N,2,25702
2,6,1,2,N,6,79,1,N,2,0
1,1,1,1,0,8,46,1,N,2,23457
1,6,2,0,1,5,12,1,N,2,21520
2,6,1,2,0,6,27,1,N,2,25211
2,1,1,2,0,9,55,1,N,2,21408
2,1,1,1,4,7,43,1,N,2,17738
2,1,1,1,7,N,76,1,N,2,19448
2,1,1,1,5,4,66,1,N,2,18315
2,1,1,1,N,N,49,1,N,2,20855
1,1,2,1,5,8,47,1,N,2,24327
2,1,1,1,9,N,14,1,N,2,24939
1,1,1,1,9,7,6,1,N,2,8570
2,1,1,1,N,12,58,1,N,2,6958
2,1,1,2,5,11,83,3,N,2,22942
1,1,1,1,3,N,81,1,N,2,23432
1,1,1,1,N,N,18,1,N,2,3977
2,1,1,1,0,11,29,1,N,2,20159
1,6,1,1,N,7,74,1,N,2,17734
2,6,2,1,8,3,10,1,N,2,18985
2,N,7,1,5,4,35,1,N,2,20226
1,1,2,1,6,1,52,1,N,2,19630
2,6,1,2,9,3,41,1,N,2,2788
1,1,1,1,9,N,67,1,N,2,11524
2,6,1,1,2,6,40,1,N,2,27252
2,1,1,1,N,3,73,1,N,2,20003
1,1,2,0,N,6,28,1,N,2,24883
2,1,1,1,9,3,89,1,N,2,12562
2,1,1,1,N,7,93,1,N,2,5632
2,1,1,1,0,10,25,1,N,2,25744
2,1,1,1,7,N,58,1,N,2,15604
2,6,1,2,9,7,56,1,N,2,13235
2,6,1,2,N,N,81,1,N,2,8925
2,1,1,1,7,7,84,1,N,2,10974
2,5,6,1,9,N,41,1,N,2,7300
1,6,2,2,N,7,80,1,N,2,13788
2,1,1,1,9,N,36,1,N,2,26433
1,6,2,2,4,7,12,1,N,2,14966
2,1,1,1,9,N,42,1,N,2,26611
1,N,2,1,7,7,75,1,N,2,6228
2,6,2,1,N,7,49,1,N,2,17617
1,6,1,1,1,5,39,1,N,2,4701
1,6,1,2,8,N,20,1,N,2,13908
2,1,1,2,8,N,52,1,N,2,24380
2,1,1,1,9,12,51,1,N,2,12920
2,1,1,1,N,7,0,1,N,2,24939
2,4,1,1,N,7,18,2,1,2,10059
2,1,6,1,3,7,40,1,N,2,22155
1,1,1,1,8,3,72,1,N,2,17980
2,6,1,2,6,7,15,1,N,2,15349
2,1,1,2,0,7,31,1,N,2,23567
2,1,1,2,9,7,59,1,N,2,7938
2,6,1,2,2,6,45,1,N,2,12305
2,1,1,2,1,5,46,1,N,2,9470
1,1,1,0,7,11,77,1,N,2,15132
1,6,1,2,2,5,0,1,N,2,14968
2,1,1,2,9,N,60,1,N,2,17078
1,4,2,1,N,N,36,1,N,2,10382
1,1,1,1,8,6,22,1,N,2,7720
2,6,1,2,7,7,40,1,N,2,22143
2,1,2,1,N,7,54,1,N,2,20420
2,1,1,2,7,6,36,1,N,2,14991
2,1,1,0,9,7,34,1,N,2,22612
2,6,1,2,6,6,34,1,N,2,15548
1,3,1,1,2,5,33,1,N,2,24939
2,5,1,1,7,7,57,1,N,2,27252
2,6,1,1,4,7,38,1,1,2,10987
1,1,8,2,8,12,8,1,N,2,17229
1,1,2,1,0,9,63,2,N,2,12190
1,4,1,2,4,5,47,1,N,2,14590
2,6,1,1,0,6,40,1,N,2,20019
1,6,1,2,8,2,50,1,N,2,0
2,1,1,1,8,6,38,1,N,2,4891
2,6,1,1,5,4,54,1,N,2,9427
2,1,2,1,N,5,21,1,N,2,22947
2,1,1,1,2,7,33,1,N,2,3413
1,1,1,1,3,7,39,1,N,2,25458
1,6,2,2,8,7,13,1,N,2,17295
1,6,2,2,6,7,49,1,N,2,15621
1,1,1,1,5,5,61,1,N,2,10904
1,1,1,1,N,2,84,1,N,2,18427
1,6,1,1,N,3,71,1,N,2,27252
1,6,2,2,6,6,7,1,N,2,17459
2,1,2,1,N,3,21,1,N,2,13966
1,6,1,2,3,7,2,1,N,2,5970
2,1,6,0,9,6,66,1,N,2,14002
2,1,1,1,9,7,76,1,N,2,13242
1,1,1,1,8,4,38,1,N,2,16854
2,6,1,1,6,5,51,1,N,2,14701
2,1,1,1,4,6,52,1,N,2,16111
2,1,1,2,0,7,55,1,N,2,15556
1,1,2,1,0,12,65,1,N,2,11963
2,1,9,2,N,7,27,1,N,2,5772
1,1,1,2,7,2,48,1,N,2,16835
2,1,1,1,9,6,52,1,N,2,14270
1,4,2,1,3,7,9,1,N,2,24310
1,4,1,1,9,7,38,1,N,2,19883
1,6,3,1,5,11,36,3,N,2,0
1,1,2,1,6,6,70,1,N,2,11660
2,6,2,2,7,7,18,1,N,2,14193
2,6,2,1,4,7,23,1,N,2,13746
2,6,1,1,5,5,58,1,N,2,27252
1,6,1,1,7,7,4,1,N,2,27252
2,6,1,2,6,6,10,1,N,2,20839
2,1,1,1,7,11,34,3,N,2,17168
2,4,1,1,2,5,60,1,N,2,24428
2,5,1,1,0,7,33,3,N,2,23339
2,N,3,2,6,4,66,1,N,2,26435
2,6,2,1,8,7,27,1,N,2,21137
2,6,1,1,7,4,30,1,N,2,15836
1,6,1,2,0,1,32,1,N,2,5765
1,6,2,2,3,6,6,1,N,2,15243
2,1,1,1,8,5,30,1,N,2,22173
1,1,2,1,9,3,65,1,N,2,22934
2,6,1,1,1,9,14,1,N,2,23784
2,6,1,1,8,N,75,1,N,2,20735
2,1,1,1,4,6,30,1,N,2,13493
1,1,1,1,N,N,76,1,N,2,19988
2,1,1,1,4,7,59,1,N,2,11156
2,1,1,1,9,7,56,1,N,2,3190
2,1,1,1,0,3,34,1,N,2,16532
2,6,1,2,6,12,39,1,N,2,8022
1,1,1,2,7,6,52,1,N,2,19774
1,6,1,2,0,5,39,1,4,2,13105
1,1,1,1,9,7,23,1,N,2,13065
2,6,1,2,3,5,30,1,N,2,12620
2,4,1,1,5,2,60,1,N,2,9722
2,3,2,2,8,11,24,1,N,2,10261
2,1,1,2,1,7,58,1,N,2,17031
2,6,1,0,N,7,79,1,N,2,8071
1,6,2,2,1,7,14,1,N,2,8145
1,6,1,1,9,N,60,1,N,2,26980
1,6,1,1,0,6,50,1,N,2,12338
2,6,1,2,0,2,1,1,N,2,21223
2,6,1,2,4,9,44,1,N,2,24719
2,1,1,1,8,N,45,1,N,2,23798
1,1,1,2,N,7,37,1,N,1,21501
1,6,1,1,8,3,22,1,N,2,24939
2,6,1,1,6,N,44,1,N,2,16673
2,6,2,1,8,7,87,1,N,2,0
1,6,2,1,N,7,18,1,N,2,19718
2,4,1,1,6,5,81,1,N,2,11265
1,1,6,1,5,7,22,1,N,2,27252
2,1,1,1,8,2,22,1,N,2,1692
1,3,1,2,2,4,24,1,N,2,8640
2,6,2,1,5,2,65,1,N,2,6928
2,6,2,2,3,7,14,1,N,2,24939
1,1,1,1,9,3,37,1,N,2,27252
2,2,2,2,9,7,18,1,N,2,9175
2,1,1,1,5,N,65,1,N,2,7642
2,1,1,2,5,5,32,1,N,2,20769
2,1,1,1,9,N,56,1,N,2,9427
2,1,5,2,5,7,77,1,N,2,24394
2,6,6,1,0,N,24,1,N,2,12528
2,6,2,1,8,6,62,1,N,2,6882
2,1,1,1,9,2,43,1,N,2,20862
1,6,2,0,3,7,21,1,N,2,6923
1,6,2,2,1,7,4,1,N,2,18306
2,6,1,1,N,N,30,1,N,2,7599
1,1,1,1,3,7,28,1,N,2,15146
2,6,2,1,N,7,25,1,N,2,24712
1,1,1,1,4,7,42,1,N,2,22177
2,6,1,2,2,7,20,1,N,2,13034
2,1,1,2,3,10,54,1,N,2,9480
2,1,1,1,9,7,68,1,N,2,25483
2,3,1,2,0,7,25,1,N,2,14212
1,1,1,1,3,7,64,1,N,2,21580
2,1,1,1,6,7,75,1,N,2,14574
2,1,1,1,6,7,33,1,N,2,13759
2,6,2,0,7,5,17,1,N,2,14955
1,1,1,1,7,9,48,1,N,2,22354
2,1,1,1,0,N,35,1,N,2,14891
2,1,1,2,2,11,61,1,N,2,12801
2,1,1,0,7,11,46,1,N,2,15788
2,6,1,1,4,7,57,1,N,2,14716
1,6,1,2,6,11,67,1,N,2,19432
1,6,1,1,3,7,29,1,N,2,8406
1,1,1,2,7,N,74,1,N,2,17435
1,3,1,2,8,N,63,1,N,2,22896
2,1,1,2,6,7,65,1,N,2,15403
1,1,1,1,2,1,12,1,N,2,17970
1,4,1,1,N,7,8,1,N,2,27252
2,6,2,2,2,6,20,1,N,2,26771
2,4,7,1,8,2,62,1,N,2,14631
2,1,1,1,8,N,42,1,N,2,14091
1,6,1,1,4,7,31,1,N,2,9255
1,6,2,2,0,5,62,3,N,2,16874
2,6,2,1,9,N,55,1,N,2,17892
1,6,1,2,N,N,18,1,N,2,22661
2,6,1,1,9,7,17,1,N,2,19173
1,6,1,2,8,N,27,1,N,2,26528
2,1,1,2,4,7,33,1,N,2,27252
2,6,1,1,5,6,13,1,N,2,14340
2,1,1,1,9,3,71,1,N,2,14595
1,6,2,2,0,7,54,1,N,2,2030
2,1,1,1,8,N,29,1,N,2,11686
2,2,1,1,2,5,44,1,N,2,14082
1,1,1,1,5,N,31,1,N,2,23313
2,1,1,1,N,7,37,1,N,2,17984
2,1,1,1,0,8,31,1,N,2,16637
2,1,1,2,7,5,63,1,N,2,23303
1,1,1,1,9,7,27,1,N,2,22355
2,1,2,2,4,7,82,1,N,2,12031
1,1,9,2,4,10,30,1,1,2,16008
1,6,1,1,7,3,34,1,N,2,27252
2,6,1,1,7,N,80,1,N,2,19131
2,4,5,1,0,6,22,1,N,2,5587
2,6,1,2,0,7,59,1,N,2,15915
2,1,1,1,9,7,16,1,N,2,22670
1,6,8,2,5,5,79,1,N,2,22908
2,1,1,2,N,3,47,1,N,1,23046
2,1,1,1,7,6,64,1,N,2,23445
2,1,6,2,2,7,63,1,N,2,13923
2,6,1,2,6,6,17,1,N,2,18263
2,1,1,1,5,10,69,1,N,2,10726
1,1,1,0,0,3,3,1,N,2,21193
2,1,1,1,8,7,83,1,N,2,0
2,6,1,1,0,N,45,1,N,2,13695
1,1,1,1,6,6,66,1,N,2,12104
1,1,1,1,7,N,38,1,N,2,14047
2,6,1,1,5,7,59,1,N,2,20541
2,1,1,1,N,N,83,1,N,2,11719
1,1,1,1,7,7,95,1,N,2,23956
1,6,1,2,9,7,42,1,N,2,25136
1,6,2,1,2,3,32,1,N,2,18340
1,3,2,2,N,N,46,1,N,2,17535
1,6,1,2,5,6,76,1,N,2,4346
1,6,1,1,N,7,28,1,N,2,17127
2,1,1,1,7,6,46,1,N,2,20556
2,5,1,1,0,3,55,1,N,2,15464
1,6,2,2,4,5,58,1,N,2,9441
2,3,1,1,7,7,46,1,N,2,10536
1,6,1,1,0,3,66,1,N,2,3096
2,1,1,1,N,3,51,1,N,2,27252
2,6,1,1,7,N,36,1,N,2,14137
1,6,7,1,2,7,65,1,N,2,15587
1,1,1,1,4,6,40,1,N,1,21138
2,1,1,1,7,4,93,1,N,2,12839
1,4,2,2,5,N,64,1,N,2,11958
2,1,6,0,9,3,77,1,5,2,18154
2,1,1,1,1,12,16,1,N,2,16977
1,6,2,2,5,N,39,1,N,2,17192
1,6,1,1,2,N,6,1,N,2,24939
2,1,1,1,6,2,66,1,N,2,27252
2,6,1,1,6,7,20,1,N,2,13610
2,1,1,1,8,N,70,1,N,2,20231
1,3,1,1,N,7,29,1,N,2,21425
2,5,1,1,0,10,2,1,N,1,9403
2,1,1,1,9,6,40,1,N,2,14561
2,1,8,1,7,9,43,1,N,2,20929
2,6,1,2,7,7,41,1,N,2,10901
2,6,2,2,0,5,25,1,N,2,12968
2,6,1,2,4,7,60,1,N,2,15894
2,6,1,1,0,N,60,1,N,2,12172
2,1,1,2,4,6,42,1,N,2,13665
1,1,1,2,N,3,71,1,N,2,20396
2,4,1,2,N,4,76,1,N,2,10386
1,1,1,1,2,N,67,1,N,2,20604
1,2,1,0,9,6,77,2,N,2,25570
2,6,1,1,9,4,67,1,N,2,8030
2,1,1,1,7,6,40,1,N,2,14492
2,6,1,1,1,1,60,1,N,2,7799
1,1,2,1,N,7,67,1,N,2,23824
2,6,2,1,5,7,61,1,N,2,1692
2,6,1,1,0,7,4,1,N,2,5572
1,1,1,1,N,7,34,1,N,2,24906
1,3,1,1,N,7,42,1,N,2,25899
2,1,1,1,7,11,32,1,N,2,15632
1,6,2,1,0,3,11,3,N,2,20866
2,1,1,1,7,7,95,1,N,2,10599
2,6,1,1,5,4,59,1,N,2,576
2,6,1,2,5,6,19,1,N,2,17535
2,6,1,2,0,3,3,1,N,2,21805
2,1,1,1,1,5,5,1,N,2,23578
2,6,1,1,6,N,9,1,N,2,24142
1,6,1,2,5,6,0,1,N,2,24939
1,6,1,2,5,7,82,1,N,2,9427
2,1,1,1,N,3,78,1,N,2,16907
2,6,1,2,6,N,60,1,N,2,16929
2,1,1,1,4,N,81,1,N,2,10262
2,1,1,1,9,4,21,1,N,2,19642
1,1,2,1,7,7,61,1,N,2,17619
2,6,1,2,5,6,28,1,N,2,24481
1,1,1,2,7,10,43,1,N,2,17144
2,6,1,1,6,9,11,1,N,2,18995
2,1,3,1,9,6,75,1,N,2,24186
1,1,6,1,1,7,0,1,N,2,24816
1,6,8,1,2,6,19,1,N,2,6677
1,4,1,0,7,6,41,1,N,2,21767
1,1,1,1,9,7,13,1,N,2,13447
2,1,1,1,9,2,57,1,N,2,10082
2,6,2,1,7,N,24,2,N,2,762
1,1,1,1,3,4,17,1,N,2,18736
2,1,1,2,3,7,50,1,N,2,13817
2,6,2,2,6,7,51,1,N,2,17194
2,1,1,1,3,7,40,1,N,2,14158
1,1,1,1,8,7,47,1,N,2,1526
2,1,1,2,3,5,86,1,N,1,12150
1,1,2,1,0,7,12,1,N,2,17931
2,1,1,2,2,5,54,1,N,2,10300
2,6,2,1,5,7,46,1,N,2,14997
1,1,2,1,5,N,60,1,N,2,24939
2,1,2,1,9,7,75,1,N,2,20201
2,1,1,1,9,7,53,1,N,2,16921
1,4,1,1,0,7,51,1,N,2,18647
2,1,1,1,7,8,59,1,N,2,12152
2,1,1,1,1,4,61,1,N,2,5443
1,1,1,1,N,7,82,1,N,2,18125
2,6,1,1,7,7,3,1,N,2,22165
2,3,1,2,0,7,24,1,N,2,6836
2,1,1,1,9,7,74,1,N,2,12370
1,1,2,1,0,6,0,1,N,2,4637
2,2,1,1,1,5,76,1,N,2,20892
1,1,1,1,5,12,17,1,N,2,18295
1,5,3,2,2,7,1,1,N,2,19142
2,6,1,1,9,3,38,1,N,2,24849
2,1,1,1,6,7,37,1,N,2,6018
2,6,1,1,9,7,80,1,N,2,17021
2,1,2,1,6,3,70,1,N,2,0
2,1,1,1,8,1,38,1,N,2,20370
2,3,1,2,4,7,0,1,N,2,9208
1,6,1,1,5,7,47,1,N,2,14102
2,1,1,1,9,7,40,1,N,2,21073
2,1,1,0,2,12,53,1,N,2,19932
2,2,1,2,6,10,0,1,N,2,17249
1,1,1,1,2,4,36,1,N,2,14814
2,1,1,1,4,N,39,1,N,2,20235
1,1,1,1,6,5,47,1,N,2,20169
1,1,1,0,7,11,66,1,N,2,13370
1,1,1,1,2,12,3,1,N,2,25787
1,1,1,1,8,N,43,1,N,2,18582
2,1,1,1,8,7,73,1,N,2,17145
2,6,1,2,2,7,12,1,N,2,15200
1,1,1,1,9,7,76,1,N,2,21735
1,1,6,1,1,9,65,1,N,2,12947
2,1,1,1,1,9,45,1,N,2,14382
1,1,1,1,N,7,63,1,N,2,19630
2,1,1,1,N,3,80,1,N,2,9940
1,6,3,2,N,7,28,1,N,2,20435
2,6,1,2,6,6,35,1,N,2,7011
1,1,1,2,8,7,35,1,N,2,26158
1,6,2,2,3,7,43,1,N,2,8877
1,6,1,1,5,N,38,1,N,2,22457
1,6,1,1,8,N,27,1,N,2,15666
2,4,1,1,8,N,30,1,N,2,27252
2,1,1,1,9,7,55,1,N,2,19789
2,6,2,2,9,6,48,1,N,2,3141
2,4,2,2,9,7,22,1,N,2,12011
2,1,1,1,N,7,67,1,N,2,20117
2,1,9,2,4,7,79,1,N,2,22085
2,4,1,1,3,4,4,1,N,2,27252
1,6,2,1,9,4,13,1,N,2,18764
2,1,1,1,7,12,63,3,N,2,14579
1,1,1,1,9,7,50,1,N,2,27252
1,1,2,2,6,9,21,1,N,2,12091
2,1,2,1,2,N,43,1,N,2,13409
1,1,1,1,9,9,55,1,N,2,21111
1,1,1,1,7,9,76,1,N,2,0
2,1,1,1,3,3,18,1,N,2,22682
2,1,1,1,N,N,81,1,N,1,16774
2,1,2,1,9,3,71,1,N,2,22093
1,3,2,2,8,10,85,1,N,2,18320
2,6,1,0,8,7,9,1,N,2,24231
1,6,1,2,N,6,55,1,N,2,7191
1,1,2,1,7,N,69,1,N,2,19807
1,6,2,1,6,7,60,1,N,2,22464
1,6,1,1,3,7,14,1,N,2,20184
1,1,1,1,5,2,31,1,N,2,13805
2,6,1,2,6,5,19,1,N,2,8550
2,1,2,1,2,9,52,3,N,2,15399
1,1,1,1,8,7,19,1,N,2,21316
2,1,1,2,5,5,50,1,N,2,22569
2,1,2,2,9,3,78,1,N,2,22414
2,1,1,1,N,7,67,1,N,2,21776
2,6,2,2,N,7,45,1,N,2,9618
2,1,1,1,9,N,64,1,N,2,12327
2,6,2,2,1,9,18,1,N,2,10956
1,1,6,2,4,10,58,1,N,2,7773
1,1,1,1,9,7,71,1,N,2,27252
2,3,1,1,4,5,54,1,N,2,15582
2,1,1,1,7,7,62,1,N,1,12683
2,1,1,2,N,N,90,1,N,2,13138
2,1,1,1,9,N,60,1,N,2,24939
1,6,1,1,9,N,14,1,N,2,21593
2,1,1,1,5,N,55,1,N,2,8833
1,1,1,1,9,7,57,1,N,2,24939
1,1,1,1,8,7,45,1,N,2,25506
2,6,1,2,N,7,77,1,N,2,27252
1,6,1,2,0,N,18,1,N,2,13395
1,6,1,1,2,N,4,1,N,2,14211
2,6,1,1,3,6,66,1,N,2,18096
1,6,1,1,1,5,65,1,N,2,24454
2,1,2,0,N,7,18,1,N,2,0
1,1,1,2,8,N,43,1,N,2,16843
2,6,1,2,1,5,59,1,N,2,10038
2,1,3,1,N,N,78,1,N,2,17678
2,1,1,1,8,7,55,1,N,2,25607
2,6,1,2,4,7,48,1,N,2,2323
2,6,1,1,3,4,11,1,N,2,25068
2,6,1,1,7,7,16,1,N,2,26158
2,1,1,1,7,9,12,1,N,2,27252
2,1,1,1,4,6,60,1,N,2,18610
1,1,1,1,N,7,46,1,N,2,24939
1,1,1,1,9,9,65,1,N,2,17377
2,1,1,2,0,3,63,1,3,2,12728
2,3,6,1,4,6,75,2,N,2,17577
1,3,3,2,4,7,70,1,N,2,15308
1,1,1,1,3,N,51,1,N,2,24423
2,1,1,1,4,5,33,1,N,2,14532
2,3,1,1,N,2,75,1,N,2,564
1,1,1,2,N,7,46,1,5,2,18641
1,4,2,0,N,N,0,1,N,2,20205
2,1,1,1,9,7,53,1,N,2,26345
1,1,1,1,9,7,30,1,N,2,21600
2,1,1,1,N,N,65,1,N,2,27252
1,5,1,1,6,6,69,1,N,2,16145
2,6,2,1,7,7,39,1,N,2,10767
1,1,1,1,5,3,35,1,N,2,20188
1,6,2,2,2,4,30,1,N,2,17429
1,1,1,1,N,2,78,1,N,2,16699
2,1,1,1,8,7,11,1,N,2,17338
1,6,1,1,8,7,13,1,N,2,27252
1,4,1,1,3,N,42,1,N,2,24987
2,6,1,2,2,4,19,1,N,2,13504
2,1,1,1,N,3,51,1,N,2,22896
1,6,1,2,5,9,27,1,N,2,22012
2,1,1,0,9,7,95,1,N,2,15837
1,1,1,1,9,N,81,1,N,2,12595
1,6,1,2,9,3,22,1,N,2,14836
2,6,1,2,5,7,30,1,N,2,18721
1,6,1,2,1,5,1,1,N,2,11502
1,3,1,1,1,5,33,1,N,2,278
1,6,1,2,1,8,21,1,N,2,9613
1,1,1,0,5,8,45,1,N,2,17701
2,1,1,1,5,11,51,1,N,2,20686
1,1,1,1,7,N,73,1,N,2,5215
2,1,1,1,N,N,45,1,N,2,14845
1,1,1,1,N,7,11,1,N,2,27136
2,6,1,1,8,5,73,1,N,2,7509
2,1,1,1,0,7,64,1,N,2,0
2,6,1,2,0,6,57,1,4,2,27252
1,1,1,1,6,7,33,1,N,2,23039
2,1,1,1,9,4,72,1,N,2,17529
1,2,1,1,3,7,12,1,N,2,19260
2,6,1,1,8,N,59,1,N,2,13067
2,1,1,1,8,N,42,1,N,2,13623
2,4,1,2,N,6,22,1,N,2,14137
2,6,1,1,N,N,31,3,N,2,13654
1,1,1,1,6,5,0,1,N,2,19167
2,4,1,2,4,9,76,1,N,2,8508
1,1,1,1,8,2,75,1,N,2,24939
1,1,1,1,6,11,62,1,N,2,17659
1,6,1,1,6,3,33,1,5,2,4435
2,1,2,1,2,N,54,1,N,2,23666
2,1,1,1,0,4,27,1,N,2,20897
2,6,1,1,8,7,33,1,N,2,18615
1,6,2,0,6,7,42,1,N,2,25085
2,6,9,2,N,7,29,1,N,2,20775
2,1,1,1,7,6,28,1,N,2,16394
2,2,1,2,4,7,58,1,N,2,20948
2,1,1,0,N,7,17,1,N,2,4534
2,3,3,1,0,7,56,1,N,2,19244
1,1,1,1,N,N,67,1,N,2,8781
1,1,1,2,9,7,67,1,N,2,20450
2,6,2,1,6,N,48,1,N,2,20278
1,4,1,1,4,9,13,1,N,2,19069
2,6,1,1,6,7,29,1,N,2,25327
2,4,2,2,6,5,0,1,N,2,10586
1,1,1,2,5,8,34,1,N,2,6877
2,1,1,2,0,4,95,1,N,2,13119
2,1,1,1,8,N,38,1,N,2,3566
2,1,1,1,N,3,62,1,N,2,21521
2,1,1,1,1,9,71,1,N,2,17406
1,1,1,1,9,N,72,1,N,2,15957
1,1,1,1,6,11,58,1,N,2,15175
2,1,1,1,N,N,79,1,N,2,19366
1,1,1,1,4,3,60,1,N,2,23334
1,1,1,1,3,3,53,1,N,2,18581
2,1,2,1,8,12,52,1,N,2,8568
1,1,1,1,N,7,56,1,N,2,24939
2,3,5,2,8,11,88,1,N,2,26402
2,4,1,1,0,9,38,1,N,2,5789
2,4,2,2,8,N,65,1,N,2,22663
1,6,6,2,1,10,43,1,N,2,26570
1,1,1,1,0,5,52,1,N,2,16182
1,6,1,1,7,3,46,1,N,2,10288
1,6,1,2,9,7,25,1,N,2,12295
1,1,1,2,9,2,9,1,N,2,19267
1,6,9,1,7,7,24,1,N,2,13011
1,1,2,1,4,9,73,1,N,2,27252
2,6,1,2,0,7,41,1,N,2,27252
2,1,1,1,4,5,30,1,N,2,8194
1,1,1,1,3,8,50,1,N,2,14503
2,1,1,1,N,7,40,1,N,2,26618
1,3,1,1,N,7,55,1,N,2,7418
2,6,1,1,5,5,76,1,N,2,18395
2,1,1,1,6,11,34,1,N,2,24537
1,2,8,1,6,N,83,1,N,2,564
1,1,1,1,N,7,55,1,N,2,25136
1,1,1,1,6,6,61,1,N,2,22040
1,6,1,2,0,7,37,1,N,2,13328
1,1,1,1,9,8,24,1,N,2,20986
2,4,1,2,9,N,32,1,N,2,18543
1,2,9,1,3,5,26,1,N,2,16877
2,1,1,1,N,N,30,1,N,2,27252
1,6,1,1,6,N,24,1,N,2,24064
1,6,2,2,N,7,4,1,N,2,23198
1,6,2,1,8,11,49,1,N,2,24933
1,6,1,2,4,5,32,1,N,2,18040
2,6,1,1,8,6,30,1,N,2,16140
2,6,1,1,1,12,69,1,N,2,7472
2,3,2,2,8,1,12,1,N,2,20551
2,4,1,1,6,3,90,1,N,2,17563
2,1,1,1,3,7,35,1,N,2,21358
1,1,1,0,0,3,65,1,N,2,11548
2,6,1,1,0,5,33,1,N,2,4523
2,1,1,1,6,N,52,1,N,2,17164
2,6,1,1,5,7,26,1,4,2,16202
2,1,2,1,1,6,39,1,N,2,0
1,1,1,1,4,7,56,1,N,2,23311
1,1,1,1,2,7,40,1,N,2,24939
2,1,1,1,8,N,50,1,N,2,18793
2,1,1,1,3,1,33,1,N,2,16158
2,1,2,1,2,8,41,1,N,2,10476
2,1,1,2,0,7,57,1,N,2,13476
1,1,7,1,9,7,71,1,N,2,20902
2,4,1,2,9,12,59,1,N,2,18526
2,6,2,1,3,5,65,1,N,2,22529
2,1,1,1,3,12,28,1,N,2,10320
1,4,1,2,2,1,58,1,N,2,17537
1,5,1,1,9,7,24,1,N,2,19180
1,1,2,1,N,7,72,1,N,2,17673
2,1,1,1,9,7,88,1,N,2,20763
2,1,1,2,0,6,44,1,N,2,17678
2,3,6,1,8,7,35,1,N,2,3918
2,1,1,1,7,7,67,1,N,2,18604
1,1,1,1,6,N,22,1,N,2,6977
2,6,1,1,0,7,40,1,N,2,16324
1,1,1,1,7,6,27,1,N,2,2893
2,1,1,1,3,6,71,1,N,2,16613
1,6,1,1,5,6,63,1,N,2,27252
2,6,1,2,N,7,34,1,N,2,19056
2,1,1,1,8,2,58,1,N,2,20255
2,1,1,1,N,7,75,1,N,2,23269
2,1,3,1,6,11,54,1,N,2,8934
1,4,7,1,8,6,41,1,N,2,2002
1,6,1,2,1,6,29,1,N,2,8951
2,6,1,2,N,7,29,1,N,2,19391
1,6,1,2,0,5,11,1,N,2,20717
2,2,1,1,5,9,78,1,N,2,13461
2,6,1,2,8,6,32,1,N,2,27252
1,4,1,1,7,7,34,1,N,2,20070
1,1,1,1,6,N,10,1,N,2,18740
1,1,1,1,6,6,17,1,N,2,27252
2,1,1,2,4,6,16,1,N,2,0
1,6,1,2,N,7,22,1,N,2,24519
2,1,1,1,7,N,62,1,N,2,20855
2,6,2,2,5,6,34,1,N,2,16337
1,1,1,1,2,N,32,1,N,2,15781
1,6,6,2,6,7,94,1,N,2,23756
2,1,1,1,N,N,66,1,N,2,27252
2,6,1,1,9,12,61,1,N,2,9254
2,6,2,2,5,6,36,1,N,2,25943
1,6,1,2,4,5,11,1,N,2,3932
1,6,2,1,4,6,60,1,N,2,22427
2,4,1,2,7,N,16,1,N,2,1856
1,3,1,1,8,7,59,1,N,2,14310
1,6,9,2,7,5,11,1,N,2,15350
1,1,1,1,4,7,54,1,N,2,14963
1,6,1,1,4,N,0,1,N,2,13317
2,4,8,1,0,6,61,1,N,2,23468
2,6,1,1,8,7,48,1,N,2,19858
1,6,2,2,6,9,0,1,N,2,25282
2,6,1,1,0,N,9,1,N,2,14400
2,1,1,1,7,11,61,1,N,2,16527
1,1,1,2,7,9,58,1,N,2,18093
2,1,1,1,2,3,7,1,N,2,27252
2,1,1,1,5,7,65,1,N,2,13328
1,2,1,1,3,10,61,1,N,2,2040
1,1,1,1,N,7,78,1,N,2,16810
1,6,6,1,8,7,31,1,N,2,17968
1,6,1,1,0,7,14,1,N,2,24015
1,6,1,2,7,7,73,1,N,2,14204
2,6,1,2,3,7,16,1,N,2,10673
1,1,1,1,9,3,1,1,N,2,20748
2,6,1,1,0,5,14,1,N,2,16319
2,3,1,1,3,11,20,1,N,2,24054
2,1,4,1,4,7,36,2,N,2,26885
2,1,1,1,1,12,28,1,N,2,13071
1,4,1,1,1,5,28,1,N,2,19453
1,1,1,1,4,5,0,1,N,2,23864
1,1,1,1,9,3,19,1,1,2,21512
1,1,1,1,2,8,71,1,N,2,16901
2,6,1,2,2,7,22,1,N,2,23786
1,6,2,1,2,4,56,1,N,2,15876
2,1,1,1,0,7,56,1,N,2,7260
2,1,1,0,N,N,65,1,N,2,15870
1,1,1,1,N,7,84,1,N,2,18778
1,1,1,1,9,3,63,1,N,2,25804
2,4,1,2,0,7,22,1,N,2,14987
1,1,1,1,3,9,64,1,N,2,17611
2,1,1,1,9,7,44,1,N,2,27252
2,1,1,1,6,5,54,1,N,2,16701
2,6,1,2,2,7,16,1,3,2,13968
1,1,2,1,4,7,54,1,N,2,18906
1,6,2,1,3,7,28,1,N,2,12548
2,1,5,1,7,7,31,1,N,2,21340
2,6,1,1,3,6,78,1,N,2,13130
2,1,8,1,8,7,67,1,N,2,21793
1,3,1,2,5,2,12,1,N,2,16979
2,1,1,0,1,5,0,1,N,2,21911
1,6,2,2,3,7,38,1,N,2,23155
2,5,1,1,8,6,38,1,N,2,11140
1,4,1,1,8,4,32,1,N,2,12934
2,6,1,1,7,2,25,3,N,2,17092
1,1,1,1,9,12,87,1,N,2,5660
1,2,1,1,N,7,95,1,N,2,6486
1,6,1,1,0,7,30,1,N,2,17091
1,1,1,1,N,3,38,1,N,2,23482
2,6,1,2,5,6,23,1,N,2,17387
2,1,2,0,N,N,26,1,N,2,11106
2,6,1,2,3,9,52,1,N,2,21632
1,6,1,1,9,2,7,1,N,2,23152
2,1,1,1,0,7,52,1,N,2,18657
1,6,1,2,3,6,37,2,N,2,8156
2,1,1,1,9,9,38,1,N,2,15058
1,1,1,1,6,6,23,1,N,2,20682
1,6,1,2,3,4,26,1,N,2,12901
1,1,1,1,2,3,51,1,2,2,12635
2,1,1,2,3,7,32,1,N,2,8072
2,1,1,1,N,7,52,1,N,2,10460
2,6,1,1,N,7,18,1,N,2,10107
1,6,1,2,7,7,18,1,N,2,27252
1,1,1,1,2,5,32,1,N,2,5873
2,6,1,2,8,5,23,1,N,2,18093
1,1,2,2,1,5,48,1,N,2,12100
1,6,3,1,3,7,64,3,N,2,10861
1,6,1,2,0,6,12,1,N,2,21159
2,6,9,1,5,7,29,1,N,2,12241
2,3,8,0,0,6,57,1,N,2,9750
2,2,1,1,N,7,44,1,N,2,21745
1,6,8,1,4,6,34,1,N,2,5342
2,4,3,2,0,1,11,1,N,2,16255
1,1,1,2,4,7,47,1,N,2,11581
2,1,1,1,2,6,73,1,N,2,14212
2,6,2,1,N,N,26,1,N,2,23890
1,1,1,1,0,4,1,1,N,2,21980
1,6,1,1,3,7,0,1,N,2,22701
2,1,1,1,8,N,26,1,N,2,7903
2,1,1,1,0,7,73,1,N,2,13932
2,1,1,1,4,12,72,1,N,2,11002
1,1,5,1,3,6,32,1,N,2,15397
1,1,1,2,7,5,34,1,N,2,21946
2,1,1,1,4,N,30,1,N,2,18706
1,1,1,1,N,2,78,1,N,2,20517
2,1,8,1,6,4,74,1,N,2,12693
1,1,2,2,4,11,44,1,N,2,21361
2,3,1,2,3,6,6,1,N,2,21638
2,6,1,2,4,4,71,1,N,2,2635
2,1,1,1,1,9,58,1,N,2,1115
1,1,1,1,N,2,86,1,N,2,15704
2,1,1,1,8,6,0,1,N,2,26287
1,6,1,2,4,5,24,1,N,2,22358
2,1,1,1,7,6,47,1,N,2,13713
1,1,1,2,1,7,30,1,N,2,21673
2,6,9,1,1,7,24,1,N,2,20754
2,6,1,1,8,7,41,1,N,2,15604
2,6,2,2,N,6,14,1,N,2,6728
2,1,1,1,7,N,61,1,N,2,17472
1,1,1,2,1,6,63,3,N,2,5276
2,6,1,1,7,6,66,1,N,2,21452
1,1,1,1,1,4,26,1,N,2,20897
2,1,8,1,3,7,71,1,N,2,9443
2,6,1,1,N,7,36,1,N,2,14327
2,1,1,1,0,6,32,1,N,2,18238
1,6,2,1,5,N,20,1,N,2,15589
1,6,1,2,2,5,0,1,N,2,25175
1,1,2,1,N,7,53,1,N,2,26110
2,6,1,1,8,2,86,1,N,2,7901
2,6,2,1,N,7,77,1,N,2,1692
1,6,1,1,9,7,54,1,N,2,18235
1,1,1,1,6,7,57,1,N,2,6149
2,1,1,1,8,6,28,1,N,2,18293
1,1,1,1,1,11,50,1,N,2,27252
1,1,1,1,7,N,47,2,N,2,9644
2,1,1,1,9,N,48,1,N,2,17964
1,6,1,2,7,5,39,1,N,2,15623
2,1,1,0,9,7,20,1,N,2,21399
2,1,1,1,9,7,47,1,N,2,24937
1,6,2,2,3,N,29,1,N,2,23646
2,1,1,1,7,7,70,1,N,2,12006
2,2,1,1,4,7,33,1,N,2,25122
1,1,1,2,0,1,38,1,N,2,18682
1,1,5,2,4,6,26,1,N,2,14396
2,1,1,1,7,7,25,1,N,2,14179
1,1,1,1,9,6,28,1,N,2,25869
2,1,1,1,8,2,50,1,N,2,19998
1,6,1,1,5,7,89,1,N,2,20500
2,6,2,1,3,7,83,1,N,2,19869
2,1,8,1,2,N,46,1,N,2,20399
1,1,3,1,5,1,81,1,N,2,2887
1,4,1,1,N,N,60,1,N,2,8383
2,1,2,1,0,3,59,1,N,2,16294
2,6,1,1,4,7,70,1,N,2,13612
2,1,1,2,4,3,26,1,N,2,23251
1,1,1,1,7,7,53,1,N,2,20968
1,1,1,2,3,8,76,1,N,2,18643
2,1,1,1,7,7,56,1,N,2,19763
2,6,1,2,1,3,61,1,N,2,5040
2,6,2,2,1,6,32,1,N,2,20296
1,6,3,1,1,9,26,1,N,2,16349
2,1,1,1,9,7,57,1,N,2,26812
2,1,1,1,6,11,0,1,N,2,22844
1,6,2,0,7,7,17,1,N,2,18039
2,1,1,1,0,8,51,1,N,2,26531
1,1,1,0,N,3,54,1,N,2,15470
2,1,1,1,N,6,35,1,N,2,2174
1,6,1,1,3,N,49,1,N,2,14748
2,1,1,2,9,N,14,1,N,2,10841
2,6,8,2,1,4,51,1,N,2,21816
2,3,1,2,6,9,37,1,N,2,15486
1,1,1,1,N,7,49,1,N,2,23520
1,1,1,1,7,3,52,1,N,2,24759
1,1,1,1,5,1,93,1,6,2,13562
2,4,1,1,5,6,20,1,N,2,17248
1,1,1,1,4,9,27,1,N,2,25376
2,6,1,1,8,6,71,1,N,2,23488
2,1,1,1,6,5,70,1,N,2,16233
2,1,1,1,9,3,44,1,N,2,21453
2,6,1,1,5,4,16,1,N,2,21438
1,6,1,1,0,7,40,1,N,2,13959
2,6,1,1,2,3,71,1,N,2,22136
2,1,1,1,3,7,39,1,N,2,18409
2,1,1,2,5,5,60,1,N,2,15481
1,6,1,1,2,6,9,1,N,2,18042
1,1,1,1,3,7,22,1,N,2,15774
2,1,1,1,3,6,70,1,N,2,13711
1,6,1,1,6,7,64,1,N,2,13899
1,6,1,0,8,7,54,1,N,2,10089
2,1,8,1,8,N,51,1,N,2,27252
2,6,1,2,8,2,83,1,N,2,7995
2,6,1,1,4,5,21,1,N,2,18946
2,6,1,2,8,N,15,1,N,2,8551
2,1,1,1,1,6,75,1,N,2,18622
2,6,1,0,3,4,34,1,N,2,15253
1,4,1,1,1,6,14,1,N,2,2722
1,1,1,2,9,7,62,1,N,2,22336
1,1,1,1,9,9,59,1,N,2,23531
2,6,1,1,7,9,32,1,N,2,13924
1,6,2,2,2,7,17,1,N,2,12476
2,1,1,1,7,N,23,1,N,2,14893
2,6,1,1,2,N,56,1,N,2,12974
2,4,9,1,8,3,79,1,N,2,5627
2,6,1,2,4,7,0,1,N,2,24939
2,6,2,2,5,1,21,1,N,2,0
1,1,1,2,3,9,52,1,N,2,9427
2,5,1,1,5,7,31,1,N,2,26103
2,1,1,1,N,N,13,1,N,2,14968
2,3,1,1,5,7,29,1,N,2,23284
1,1,6,1,6,6,36,2,N,2,7427
1,6,2,2,2,7,11,1,N,2,6597
1,1,1,2,8,5,95,1,N,2,4388
1,6,2,2,7,4,35,1,1,2,12688
1,6,1,1,2,6,42,1,N,2,10686
2,1,2,1,4,5,43,1,N,2,17575
1,1,1,1,7,6,41,1,N,2,22147
1,6,2,2,7,4,44,1,N,2,15893
1,1,6,1,7,10,21,1,N,2,20143
2,6,1,1,1,6,49,1,N,2,27252
2,N,1,1,3,2,60,1,N,1,14063
2,6,1,1,1,5,40,3,N,2,27252
2,6,1,1,N,7,33,1,N,2,15173
1,6,1,0,2,3,39,1,N,2,13970
2,1,9,1,N,3,76,1,N,2,20206
1,1,1,1,2,N,84,1,N,2,18506
2,1,1,1,2,8,25,1,N,2,10749
2,6,1,1,3,N,14,1,N,2,22870
2,3,1,1,8,N,33,1,N,2,26658
2,1,1,1,9,7,55,1,N,2,2709
2,2,2,2,6,7,79,1,N,2,19742
1,1,1,2,2,5,0,1,N,2,24939
2,1,1,1,2,12,46,1,N,2,19643
2,6,2,2,9,N,68,1,N,2,14989
1,1,2,2,7,7,6,1,N,2,16405
1,1,1,1,0,5,47,1,N,2,14984
2,6,1,2,0,N,66,1,N,2,27252
2,6,3,1,8,N,16,1,N,2,22659
1,1,1,1,7,N,60,1,N,2,27252
2,1,1,1,9,7,78,3,N,2,21948
1,1,1,1,7,N,59,1,N,2,18121
2,1,9,1,9,9,67,1,N,2,21375
1,1,1,2,7,8,7,1,N,2,13306
2,1,1,1,7,7,55,1,N,2,27252
1,1,5,2,0,6,22,1,N,1,1191
2,1,3,1,0,6,15,1,N,2,17246
2,2,1,2,0,4,42,1,N,2,22397
2,2,7,0,1,6,67,1,N,2,14888
2,1,1,1,2,3,42,1,N,2,27252
1,1,1,2,4,12,69,1,N,2,17298
1,6,1,1,8,7,18,1,N,2,18945
2,6,1,1,4,6,66,1,N,2,2951
2,6,2,1,0,7,6,1,N,2,25990
2,1,1,1,7,N,46,1,N,2,18557
2,1,1,1,8,2,79,1,N,2,22727
1,6,2,2,7,7,5,1,N,2,16843
1,1,2,1,5,5,27,1,N,2,3681
2,6,1,2,2,7,9,1,N,2,9750
2,6,1,1,3,N,57,1,N,2,11397
2,6,1,2,4,7,26,1,N,2,17962
1,1,1,1,3,N,2,1,N,2,11372
2,4,1,1,8,12,42,1,N,2,14681
2,6,1,0,5,7,6,1,N,2,16159
2,3,1,2,6,6,62,1,N,2,18030
1,1,1,1,0,3,52,1,N,2,11863
2,6,1,1,N,N,15,1,N,2,15918
2,6,1,1,7,9,73,1,N,2,6782
2,5,1,2,8,6,27,1,N,2,26456
2,1,1,1,5,2,58,2,N,2,18894
2,3,1,1,8,7,38,1,N,2,27252
2,1,1,1,6,7,23,1,N,2,18437
1,1,1,1,N,6,49,1,N,2,27252
2,1,1,1,8,7,15,1,N,2,19938
1,6,1,1,1,5,58,1,N,2,12243
1,6,2,0,2,6,26,1,N,2,18523
2,1,1,2,N,N,60,1,N,2,18416
1,6,1,1,4,5,95,1,N,2,18322
2,1,1,2,6,7,42,1,N,2,14140
2,1,1,1,N,N,56,1,N,2,9709
1,6,8,2,4,N,48,1,N,2,21392
1,1,2,2,6,N,39,1,N,2,7011
1,1,4,1,6,6,55,1,N,2,17407
2,1,1,1,8,N,71,1,N,2,17085
2,6,1,1,4,9,40,1,N,2,15070
1,6,1,1,8,7,31,1,N,2,14143
2,1,2,1,5,6,45,1,N,2,17472
2,1,1,1,6,9,66,1,N,2,15381
2,6,1,2,3,5,3,1,N,1,0
2,1,1,1,8,2,27,1,N,2,27252
1,1,1,1,4,N,29,1,N,2,11023
2,1,1,1,7,7,34,1,N,2,17522
2,6,9,2,8,5,34,1,N,2,15521
1,1,1,1,N,N,69,1,N,2,26868
2,4,6,1,5,5,87,1,N,2,12329
1,1,1,1,8,7,48,2,N,2,17660
1,1,1,2,0,7,9,1,N,2,21927
2,6,4,2,5,6,0,1,N,2,15740
2,4,1,1,4,10,68,1,N,2,24157
2,4,1,1,8,6,65,1,N,2,16618
1,4,1,1,7,10,45,1,N,2,17759
2,1,4,1,9,8,38,1,N,2,24674
2,6,1,2,7,7,22,1,N,2,21779
1,3,1,1,N,N,72,1,N,2,10635
2,6,2,2,N,7,60,1,N,2,15697
1,1,1,1,6,7,24,1,N,2,16843
1,1,1,1,8,7,95,1,N,2,9288
2,1,2,1,0,7,54,1,N,2,17387
2,1,1,1,3,N,60,1,N,2,7414
2,4,1,2,3,9,42,1,N,2,15191
1,6,1,1,2,9,32,1,N,2,24939
2,6,7,2,N,7,43,1,N,2,21157
2,1,1,2,6,7,79,1,N,2,11095
2,1,2,1,5,6,27,1,N,2,6958
1,4,7,1,2,7,10,1,N,2,9666
2,4,1,1,3,N,76,2,N,2,18756
1,1,1,1,N,7,63,1,N,2,16375
1,1,1,1,6,N,26,1,N,2,18330
1,1,2,1,N,3,10,1,N,2,20255
2,1,1,1,N,N,73,1,N,2,27252
2,1,1,1,N,7,35,1,N,2,11096
2,1,1,1,4,7,11,1,N,2,18641
1,N,1,1,5,7,80,1,N,2,16552
2,1,1,1,N,11,95,1,N,2,13830
2,6,1,1,6,N,57,1,N,2,23099
2,6,1,1,1,3,76,1,N,2,25379
2,6,2,1,9,7,33,1,N,2,15396
2,1,1,1,8,N,36,1,N,2,27252
2,6,3,2,4,5,6,1,N,2,18065
2,1,1,1,3,7,54,1,N,2,20805
2,1,1,1,7,7,15,1,N,2,27252
2,6,1,1,0,8,34,1,N,2,855
1,1,1,1,2,7,55,1,N,2,22845
1,1,1,1,2,N,57,1,N,2,16976
2,1,1,1,N,2,79,1,N,2,10320
2,6,6,2,1,3,13,1,N,2,8800
2,6,1,2,N,7,28,1,N,2,15966
1,1,3,1,N,11,74,1,N,2,20050
1,1,1,1,6,7,17,1,N,2,24896
2,1,1,1,3,7,1,1,N,2,27252
1,1,1,1,9,N,81,1,N,2,24592
1,1,1,2,N,7,33,1,N,2,20697
2,1,1,1,4,7,81,1,N,2,15402
2,6,1,2,0,7,55,1,N,2,23707
1,6,1,1,3,7,0,1,N,2,23347
2,1,1,1,0,9,57,1,N,2,24909
1,N,1,1,6,8,81,1,N,2,23846
1,1,1,1,8,3,0,1,N,2,23720
1,6,1,2,3,4,52,1,N,2,25121
1,6,1,1,2,1,70,1,N,2,17616
1,6,2,2,0,7,72,3,N,2,11955
1,6,1,2,7,5,11,1,N,2,12666
2,1,1,1,7,7,56,1,N,2,13622
2,1,1,0,0,1,32,1,N,2,17531
1,1,1,0,3,7,51,1,N,2,26168
2,1,1,1,0,2,75,1,N,2,13138
2,6,8,2,9,5,5,1,N,2,17461
1,3,1,2,8,11,30,1,N,2,27252
1,1,2,1,2,N,39,1,N,2,18453
1,6,1,1,6,N,29,1,N,2,19953
2,1,1,2,0,12,66,1,N,2,15414
1,1,1,2,N,7,81,1,N,2,15369
1,1,1,1,8,7,24,1,N,2,13013
1,1,1,1,8,7,70,1,N,2,15077
1,6,2,2,7,7,31,1,N,2,20880
1,1,1,1,6,3,54,1,N,2,23386
1,1,2,1,3,N,47,1,N,2,16984
1,6,2,0,1,3,0,1,N,2,19310
2,6,2,1,4,5,0,1,N,2,19241
1,1,1,2,0,2,3,1,N,2,25891
2,1,2,1,8,N,37,1,N,2,16160
2,6,1,0,0,10,10,2,N,2,5821
2,1,1,2,N,7,62,1,N,2,9357
2,1,1,1,N,7,58,1,N,2,24939
2,6,2,1,3,7,16,1,N,2,13834
2,1,1,1,N,3,62,1,N,2,21293
2,6,2,1,8,N,12,1,N,2,16773
2,6,1,0,3,10,24,1,N,2,18819
2,6,1,1,2,N,30,1,N,2,9872
2,6,1,1,9,7,20,1,N,2,10583
2,1,1,1,4,4,65,1,N,2,7302
2,1,1,1,N,3,92,1,N,2,27252
1,1,1,1,N,N,52,1,N,2,16400
2,6,1,1,0,6,37,1,N,2,12185
2,6,1,2,1,7,67,1,N,2,13395
1,1,1,1,N,N,36,1,N,2,23427
2,1,1,1,6,7,84,1,N,2,21030
2,1,1,1,7,N,47,1,N,2,10960
2,1,1,1,9,7,53,2,N,2,27252
2,6,2,2,2,7,0,1,N,2,26868
1,1,1,1,8,7,56,1,N,2,3812
1,1,1,1,6,5,26,1,N,2,24025
1,6,1,1,3,7,30,1,N,2,12464
2,6,1,1,9,7,14,1,N,2,21914
1,6,1,1,6,7,43,1,N,2,8739
2,N,1,1,9,3,65,1,N,2,22688
2,1,1,1,7,N,28,1,N,2,8559
2,1,1,2,7,4,95,1,N,2,13069
2,4,2,2,1,5,6,1,N,2,10491
2,1,1,1,N,7,47,1,N,2,23927
1,6,1,1,0,N,17,1,N,2,18730
2,1,1,1,9,N,49,1,N,2,10590
2,4,1,1,7,3,88,1,N,2,19525
2,1,1,1,4,N,70,1,N,2,23817
1,1,1,2,0,6,31,1,N,2,9323
2,1,1,1,N,N,80,1,N,2,16665
2,6,1,2,1,N,26,1,N,2,15281
2,6,1,1,7,9,48,1,N,2,11711
2,1,1,1,N,7,74,1,N,2,20096
2,6,1,2,8,7,14,1,N,2,16070
1,1,1,1,N,7,33,1,N,2,6043
1,1,1,1,0,9,71,1,N,2,26981
1,3,1,1,5,12,66,1,N,2,22374
2,1,1,1,N,7,71,1,N,2,17661
2,1,1,1,N,7,34,1,N,2,23728
1,1,1,1,N,N,27,1,N,2,8185
1,1,1,1,6,N,52,1,N,2,14685
2,6,1,2,2,7,37,1,N,2,14406
1,6,1,2,0,N,21,1,N,2,8216
2,1,8,2,4,5,47,1,N,2,14644
1,6,2,2,4,7,21,1,N,2,21309
2,1,1,1,4,N,44,1,N,2,27252
1,1,1,1,7,11,94,1,N,2,16342
1,6,1,2,9,7,51,1,N,2,8747
2,6,1,1,9,7,19,1,N,2,13812
2,1,1,0,9,9,17,1,N,2,23903
2,4,1,1,9,7,50,1,N,2,19442
2,1,1,1,8,3,68,1,N,2,4257
2,1,1,1,9,N,77,1,N,2,15001
2,1,1,1,N,3,40,1,N,2,24770
1,1,1,1,N,3,46,1,N,2,11971
2,6,2,1,7,2,53,1,N,2,13082
2,6,2,2,9,7,38,1,N,2,8584
1,2,1,2,9,10,54,1,N,2,19690
2,6,1,1,N,7,83,1,N,2,23672
1,4,6,1,6,1,25,1,5,2,10474
1,6,2,2,2,7,12,1,N,2,23567
1,6,2,1,0,5,28,1,N,2,22789
1,6,6,1,6,6,51,1,N,2,4545
2,1,1,1,N,7,16,1,6,2,20461
2,4,6,1,0,12,63,1,N,2,21522
2,6,1,1,0,N,81,1,N,2,22658
2,1,1,1,8,N,58,1,N,2,19614
2,6,2,1,0,8,17,1,N,2,7198
2,6,1,1,9,7,52,1,N,2,16801
2,6,2,1,3,6,15,1,N,2,5630
1,1,2,1,N,N,59,1,N,2,12023
1,6,2,2,3,6,31,1,N,2,16264
2,1,1,2,N,7,20,1,N,2,17033
2,6,1,2,7,6,45,1,N,2,0
2,3,1,1,0,7,61,1,N,2,13507
1,1,1,1,N,3,48,1,N,2,26613
2,1,1,1,2,N,39,1,N,2,27252
2,1,1,0,1,4,53,2,N,2,11337
1,6,1,0,3,10,16,1,N,2,9427
2,1,1,1,N,7,70,1,N,2,15025
2,6,1,1,7,5,12,1,N,2,12515
1,1,1,1,6,7,31,1,N,2,22839
2,3,2,1,5,6,4,1,N,2,18182
2,6,6,1,2,N,95,1,N,2,1692
1,6,1,2,2,6,0,1,N,2,14584
2,3,1,1,8,2,65,1,N,2,16518
1,6,2,0,2,5,29,1,N,2,7478
1,5,1,1,7,5,73,1,N,2,8977
1,6,1,1,6,5,28,1,N,2,14477
2,1,1,1,3,4,47,1,N,2,16260
2,1,1,1,N,7,71,1,N,2,12339
2,1,1,1,8,N,42,1,N,2,22153
1,6,1,1,N,7,33,1,N,2,20013
1,1,2,2,5,N,56,1,N,2,19276
1,1,1,2,9,5,44,1,6,2,9808
1,1,1,2,7,7,56,1,N,2,13798
2,6,1,2,4,7,49,1,N,2,13965
1,4,9,2,1,N,7,3,N,2,16522
1,6,1,2,2,5,32,1,N,2,18438
1,1,1,1,N,7,64,1,N,2,16977
1,1,1,1,7,1,26,1,N,2,11757
2,6,1,2,6,7,18,1,N,2,15500
2,6,9,1,3,N,53,1,N,2,12296
2,4,1,1,7,N,13,1,N,2,27252
2,6,1,1,3,N,47,1,N,2,17487
2,1,1,1,6,2,71,1,N,2,12751
1,6,1,2,0,N,29,1,N,2,24559
2,6,1,2,2,N,43,1,N,2,16244
2,1,1,2,2,7,33,1,N,2,13448
1,6,6,2,0,5,23,1,N,2,1692
2,6,1,1,4,N,53,1,N,2,14839
1,1,1,1,9,8,56,1,N,2,3875
2,1,2,2,5,6,55,1,N,2,8036
2,6,2,1,7,N,59,1,N,2,17051
1,1,1,1,4,8,84,1,5,2,4772
1,1,1,1,8,12,32,1,N,2,25558
1,1,1,1,7,11,43,1,N,2,22169
1,4,1,1,9,11,57,1,N,2,21505
2,6,1,1,0,6,74,1,N,2,16343
1,1,3,1,4,11,7,1,N,2,24527
1,6,2,0,N,N,71,1,N,1,25143
2,1,1,1,7,3,30,1,N,2,22312
2,6,1,1,4,7,37,1,N,2,27252
1,1,1,1,5,6,10,1,N,2,23913
1,6,1,1,0,7,38,1,N,2,12364
2,1,6,1,8,3,77,1,N,2,2853
2,2,2,2,2,6,28,1,N,2,22939
2,1,1,1,7,7,24,1,N,2,21206
1,1,1,1,0,N,28,1,N,2,20218
1,1,1,1,7,1,42,1,N,2,16155
1,6,1,2,5,7,68,1,N,2,19454
1,6,1,2,8,7,62,1,N,2,16649
1,6,1,2,2,5,27,1,N,2,23788
2,1,1,1,1,N,2,1,N,2,22217
2,1,1,1,1,7,68,1,N,2,11155
2,6,1,1,1,1,33,1,N,2,0
1,6,1,1,3,5,59,1,N,2,10178
1,1,1,1,3,7,36,1,N,2,23505
2,4,1,1,9,7,45,1,N,2,19835
2,1,1,1,4,4,37,1,N,2,20554
2,6,1,1,N,7,38,1,N,2,8824
1,6,1,2,4,7,43,1,N,2,17331
1,6,2,2,6,5,24,1,N,2,14819
2,1,7,2,8,3,66,1,N,2,19827
2,6,1,1,2,9,93,1,N,2,13933
1,1,5,1,7,N,49,1,N,2,20364
1,4,1,0,2,5,56,1,N,2,20809
2,1,1,1,0,7,65,1,N,2,16108
2,6,1,2,4,7,37,1,N,2,15626
1,3,1,1,7,3,8,1,N,2,11237
1,4,2,1,9,11,68,1,N,2,17112
1,4,1,1,6,3,70,1,N,2,16246
2,4,1,2,9,7,30,1,N,2,15539
1,1,1,1,8,N,2,1,N,2,27252
2,1,1,1,7,3,42,1,N,2,26054
1,6,1,2,6,N,21,1,N,2,12547
1,N,1,1,8,5,76,1,N,2,8809
2,6,2,2,3,7,16,1,N,2,20874
2,1,2,2,3,8,37,1,N,2,14968
1,1,1,2,9,5,33,1,N,2,24390
2,1,1,2,N,N,16,1,N,2,16173
2,1,1,1,5,3,39,1,N,2,27252
2,1,1,1,9,7,74,1,N,2,14617
2,1,1,1,5,N,62,1,N,2,10216
2,4,1,1,N,N,68,1,N,2,27252
1,1,1,1,2,7,26,1,N,2,10476
2,1,1,1,8,N,61,2,N,2,0
2,1,2,1,0,4,58,1,N,2,11400
2,6,3,1,9,6,31,1,N,1,12432
1,1,1,2,7,5,46,1,N,2,15915
1,4,1,1,9,7,66,1,N,2,17100
1,1,1,1,N,3,47,1,N,2,14993
1,6,1,1,2,7,16,1,N,2,12678
1,6,1,2,6,10,52,1,N,2,9234
1,1,1,1,9,9,74,1,N,2,18798
1,1,1,1,6,11,45,1,N,2,19710
2,6,8,1,4,3,13,1,N,2,19359
2,6,1,1,5,5,75,1,N,2,1431
2,1,2,1,9,9,36,1,N,2,22151
1,1,1,1,5,2,42,1,N,2,12899
1,6,2,2,1,5,0,1,N,2,23522
2,1,1,1,N,7,20,1,N,2,14327
2,1,1,2,0,3,80,1,N,2,10491
2,6,1,2,0,N,5,1,N,2,24566
2,6,1,1,N,7,24,1,N,2,18561
2,6,2,1,4,4,95,1,N,2,23759
2,6,1,1,4,7,46,1,N,2,14465
2,4,1,1,N,N,7,1,N,2,20355
2,2,1,1,N,7,55,1,N,2,27252
1,1,1,1,6,N,48,1,N,2,21218
1,6,1,1,8,7,9,1,N,2,26527
2,6,2,1,9,7,25,1,N,2,22605
2,1,1,1,3,3,55,1,N,2,9318
1,6,1,1,9,6,7,1,N,2,23992
2,4,1,1,8,7,70,1,N,2,22287
1,6,1,2,0,7,35,1,N,2,21490
1,6,2,0,0,6,32,1,N,2,13914
2,1,2,1,2,6,51,1,N,2,16843
2,6,1,1,9,7,24,1,N,2,19982
1,6,1,2,N,7,30,1,N,2,13969
2,1,2,1,6,N,40,1,N,2,6996
1,1,1,1,9,8,46,1,N,2,26797
2,5,1,1,0,N,26,1,N,2,22994
1,6,2,2,5,6,45,3,N,2,7887
1,6,1,1,N,7,88,1,N,2,16068
2,1,1,2,N,7,57,1,N,2,13069
2,6,1,2,7,7,40,1,N,2,12397
1,1,2,1,9,7,82,1,N,2,17250
2,6,1,1,5,7,10,1,N,2,19981
1,1,5,1,9,10,47,1,N,2,8748
1,3,1,2,0,7,33,1,N,2,20516
2,3,1,2,1,1,44,1,2,2,9209
2,1,1,1,0,1,48,1,N,2,7226
2,6,6,2,1,6,36,1,N,2,17334
2,6,1,1,0,12,0,1,N,2,20431
2,1,1,2,6,N,44,1,N,2,27252
2,6,2,2,8,6,22,1,2,2,14365
2,6,1,1,7,8,23,1,N,2,6986
2,1,1,2,8,4,55,1,N,2,20501
2,6,1,2,4,5,22,1,N,2,10254
1,1,1,1,4,11,15,1,N,2,9427
1,6,1,1,6,2,95,1,N,2,13443
1,6,1,1,7,4,0,1,N,2,23066
1,1,1,1,9,7,95,1,N,2,10102
1,1,1,1,4,7,11,1,N,2,24817
1,1,2,1,4,12,64,1,N,2,12139
2,4,3,2,4,7,33,1,N,2,11495
2,1,1,1,0,3,28,1,N,2,3560
1,4,2,2,3,7,51,1,N,2,5147
2,6,1,1,N,N,44,1,N,2,15826
2,3,1,1,2,6,64,1,N,2,9072
1,N,2,0,N,7,39,1,N,2,23871
1,1,1,1,N,N,46,1,N,2,27252
1,1,1,1,7,9,64,1,N,2,17509
2,3,2,1,1,5,8,1,N,2,23219
2,1,1,2,3,7,65,1,N,2,10032
2,1,1,2,9,N,65,1,N,2,9916
2,1,1,1,8,2,17,1,N,2,27252
2,1,7,0,1,9,0,1,N,2,21084
1,1,7,1,4,5,84,1,N,2,15736
2,3,1,1,8,7,52,1,N,2,25411
1,4,1,2,8,8,0,1,N,2,23603
2,6,1,2,7,5,0,1,N,2,8915
2,1,1,1,7,5,42,1,6,2,0
1,1,1,1,5,6,28,1,N,2,18512
2,6,2,1,9,7,22,1,N,2,27252
2,6,1,1,1,6,46,1,N,2,11836
1,6,1,1,7,7,21,1,N,2,15867
1,4,6,1,2,5,83,1,N,2,7987
1,6,1,2,2,N,38,1,N,2,17691
2,6,6,1,6,4,58,1,N,2,7345
1,6,1,1,8,5,31,1,N,2,3793
2,1,1,1,3,2,70,1,N,2,17306
1,1,1,2,7,7,56,1,N,2,16462
1,6,1,1,8,N,53,1,N,2,23982
2,1,1,1,6,7,62,1,N,2,14906
2,1,1,1,9,7,19,1,N,2,24939
2,6,1,1,1,7,51,1,N,2,13090
2,1,1,1,8,12,88,1,N,2,19554
1,1,1,1,4,9,47,1,N,2,19573
1,1,1,1,0,7,66,1,N,2,11495
2,6,8,1,0,1,23,1,N,2,15915
1,1,2,2,0,3,42,1,N,2,24080
1,1,1,2,2,12,26,1,N,2,27252
2,1,1,2,8,5,32,1,N,2,20533
1,1,1,2,0,2,54,1,N,2,27252
2,5,2,1,2,6,10,1,N,2,14115
2,1,1,1,N,7,30,1,N,2,27252
2,1,1,1,9,9,68,1,N,2,19419
1,1,1,1,0,N,72,1,N,2,18005
1,3,1,2,7,2,68,1,N,2,3423
1,1,1,2,5,4,89,1,N,2,23807
2,6,2,2,4,9,73,1,6,2,11763
1,6,3,1,2,N,45,1,N,2,20810
1,1,1,1,9,3,49,1,N,2,24939
1,1,6,1,0,5,44,1,N,2,9486
2,6,2,2,7,6,42,3,N,2,4998
1,1,1,1,2,7,17,1,N,2,14016
2,1,1,1,N,3,40,1,N,2,27252
2,4,8,2,7,6,12,1,N,2,7836
2,4,1,1,8,2,38,1,N,2,25261
2,6,1,1,8,7,64,1,N,2,17974
1,6,1,1,8,3,36,1,N,2,8386
2,1,1,1,N,N,61,1,N,2,27252
2,1,1,2,6,6,23,1,N,2,14067
2,3,1,1,N,12,75,1,N,2,9048
1,1,1,1,9,7,31,1,N,2,24939
2,1,1,1,N,3,64,1,N,2,7378
2,6,2,1,2,2,29,1,N,2,24939
1,3,1,0,2,10,71,1,N,2,9103
2,6,2,1,7,7,23,1,N,2,18127
1,1,1,1,5,7,32,1,N,2,18150
2,1,1,1,9,10,57,1,N,2,13665
1,1,1,1,1,5,69,1,N,2,17174
2,1,1,1,7,7,71,1,N,2,27252
2,6,1,1,N,7,36,1,N,2,12466
2,1,1,1,3,1,32,1,N,2,20973
2,6,1,1,3,3,29,1,N,2,20866
1,6,1,2,3,7,4,1,N,2,15641
2,3,2,1,3,N,95,1,N,2,15481
2,1,1,1,9,7,93,1,N,2,3290
2,6,2,1,8,6,17,1,N,2,12582
2,1,1,2,6,N,72,1,N,2,12984
2,1,1,1,8,7,48,1,N,2,24229
2,1,1,1,2,11,41,1,N,2,14705
2,6,7,1,7,N,31,1,N,2,12978
1,1,1,1,8,3,46,1,N,1,19992
2,5,2,2,3,7,66,1,N,2,9864
2,1,2,2,6,7,23,1,N,2,22173
2,1,1,1,1,10,53,1,N,2,17702
2,1,1,1,9,7,75,1,N,2,27252
2,6,1,1,7,9,23,1,N,2,19386
1,6,1,1,6,N,76,1,N,2,12532
2,1,1,1,N,7,52,1,N,2,12295
2,1,1,0,5,6,89,1,N,2,15153
2,1,1,1,9,7,6,1,N,2,17587
1,6,1,2,9,6,16,1,N,2,14474
2,6,1,2,0,3,23,1,N,2,25022
1,6,1,1,9,7,19,1,N,2,23708
2,6,8,2,4,7,14,1,N,2,21073
1,1,2,1,2,5,16,1,N,2,24939
2,1,1,2,2,6,36,1,N,2,2529
2,1,1,1,N,3,75,1,N,2,8949
1,1,1,1,4,3,24,1,N,2,24939
2,6,2,2,9,7,20,1,N,2,16516
2,3,1,1,N,7,53,1,6,2,12033
2,6,1,2,2,7,9,1,N,2,22423
1,1,1,1,N,4,68,1,N,2,27252
1,6,1,1,8,3,72,1,N,2,19613
2,1,1,1,N,3,15,1,N,2,14652
2,6,1,2,9,7,71,1,N,2,22562
2,6,1,1,6,N,14,1,N,2,21927
2,6,2,1,7,N,64,1,N,2,10541
2,1,1,1,N,7,62,1,N,2,17490
1,1,1,1,N,N,18,1,N,2,23550
2,4,8,1,1,N,37,1,N,2,21031
2,1,2,2,9,8,89,1,N,2,9806
2,6,1,2,8,7,50,1,N,2,21382
2,6,1,1,8,12,40,1,N,2,4145
2,6,2,2,4,7,13,1,N,2,6611
2,2,2,1,0,9,82,1,N,2,18709
1,1,9,1,1,7,32,1,N,2,11837
2,1,1,1,4,N,18,1,N,2,27252
1,6,1,1,5,7,14,1,N,2,15682
1,4,1,1,3,6,69,1,N,2,16148
1,6,1,1,3,7,12,1,N,2,21122
1,1,1,1,2,7,86,1,N,2,3961
2,1,1,1,8,6,48,1,N,2,5187
1,1,1,1,6,7,40,1,N,2,23778
2,1,1,2,9,7,77,1,N,2,10272
2,4,1,1,0,5,11,1,N,2,10788
1,1,1,1,1,7,52,1,N,2,27252
2,6,9,2,2,9,8,1,N,2,7083
2,1,5,1,N,7,66,1,N,2,12329
1,1,1,1,0,6,65,1,N,2,2666
1,6,2,2,6,7,0,1,N,2,19535
2,1,1,2,5,N,2,1,N,2,13900
1,6,1,1,8,N,62,1,N,2,19076
2,6,1,2,0,3,91,1,N,2,25623
1,6,8,1,2,5,40,1,N,2,20440
1,6,1,1,9,N,51,1,N,2,10306
2,1,1,2,N,7,27,1,N,2,15948
2,1,1,1,1,7,87,1,N,2,6694
1,6,1,2,3,7,50,1,N,2,27252
2,1,1,1,8,2,38,1,N,2,21530
2,4,1,1,9,N,50,1,N,2,16222
2,1,2,1,5,7,65,1,N,2,21215
1,6,2,1,N,9,44,1,N,2,15204
2,1,1,1,5,2,61,1,N,2,16859
1,1,1,2,0,12,47,1,2,2,22875
2,6,1,1,7,6,32,1,N,2,13521
2,6,9,1,9,N,75,1,N,2,7400
1,6,6,2,8,7,16,1,N,2,17528
2,6,1,1,0,6,66,1,N,2,16422
1,6,2,1,7,5,42,1,N,2,9729
1,1,1,1,0,7,70,1,N,2,14360
1,4,1,1,3,4,46,1,N,2,11400
1,1,1,1,0,4,60,1,N,2,18233
1,1,1,1,7,N,93,1,N,2,7972
2,1,1,2,0,3,12,3,N,2,8879
2,1,2,2,8,3,32,3,N,2,12798
2,1,1,1,7,N,53,1,N,2,24777
1,1,1,1,2,7,41,1,N,2,15362
1,1,1,1,1,7,36,1,N,2,12233
2,1,2,2,4,7,79,1,N,2,9282
2,6,8,2,4,5,2,1,N,2,12368
2,1,1,2,9,9,33,1,N,2,11063
2,6,1,2,4,6,0,1,N,2,15053
2,6,1,1,9,7,38,1,N,2,20335
1,1,1,1,4,2,46,1,N,2,10981
2,6,2,1,7,7,44,1,N,2,5024
2,6,1,1,N,7,67,1,N,2,10931
1,6,1,1,9,7,70,1,N,2,6925
2,1,1,1,8,7,74,1,N,2,11067
2,6,2,2,1,4,25,1,N,2,4096
2,1,1,1,5,7,40,1,N,2,12014
2,6,1,2,N,7,26,1,N,2,27252
1,1,1,1,N,6,69,1,N,2,25437
1,6,7,2,3,2,93,1,N,2,10225
1,1,2,1,2,5,6,1,N,2,17434
2,6,1,2,3,7,48,1,N,2,16483
1,6,4,2,1,10,20,1,N,2,27252
2,2,2,1,7,6,39,2,N,2,14304
1,6,1,1,9,6,0,1,N,2,26561
2,4,1,1,2,11,67,1,N,2,22780
2,1,1,1,3,N,25,1,N,2,21726
2,1,1,1,7,N,73,1,N,2,23386
2,1,1,1,N,2,82,1,N,2,16398
2,6,1,1,3,9,47,1,N,2,22210
2,5,1,2,3,6,70,2,N,2,18822
2,1,2,1,N,7,28,1,N,2,27252
2,1,1,1,2,10,20,1,N,2,19680
1,6,1,1,2,7,35,1,N,2,9723
2,6,2,2,3,7,17,1,N,2,20721
2,4,1,1,7,N,65,1,N,2,4814
2,3,2,2,2,3,36,1,N,2,11084
2,1,1,2,4,7,26,1,N,2,27252
1,6,1,1,2,7,15,1,N,2,27252
2,1,1,1,5,N,52,1,N,2,10131
2,1,1,1,0,5,12,1,N,2,24311
2,1,1,1,0,8,47,1,N,2,15756
2,6,2,2,6,5,24,1,N,2,18699
2,5,1,2,9,7,40,1,N,2,10764
2,1,1,1,2,12,60,1,N,2,14723
2,6,2,2,7,6,67,1,N,2,23004
1,1,1,1,7,7,11,1,N,2,18106
2,1,1,2,9,7,6,1,N,2,27174
2,4,1,2,6,9,44,1,N,2,1635
2,1,1,1,9,3,62,1,N,2,24143
2,1,1,1,5,12,56,1,N,2,23521
2,1,1,1,6,7,54,1,N,2,17544
1,5,1,1,6,8,59,1,N,2,19448
1,6,2,1,0,3,90,1,N,2,1437
2,1,2,1,4,5,0,1,N,2,27252
2,1,1,1,8,7,46,1,N,2,18155
1,6,2,1,7,7,17,1,N,2,26279
1,6,1,1,2,11,28,1,N,2,5058
2,1,1,2,7,6,44,1,N,2,14621
1,6,1,2,4,7,46,1,N,2,19771
2,6,1,1,N,N,56,1,N,2,22575
1,6,1,1,N,7,34,1,N,2,25059
1,1,1,1,7,10,48,1,N,2,19367
1,4,2,2,2,7,26,1,N,2,25382
2,1,1,1,9,6,53,1,N,2,0
2,4,1,1,7,7,1,1,N,2,15721
1,6,1,1,6,4,9,1,N,2,6704
2,1,1,1,7,3,68,1,N,2,20736
1,1,1,1,8,5,62,1,N,2,10272
2,1,1,1,N,2,63,1,N,2,22669
1,6,3,1,2,1,26,1,N,2,6368
2,4,1,2,1,1,52,1,N,2,23224
2,1,1,1,9,N,7,1,N,2,11292
2,6,2,1,1,3,37,1,N,2,6183
1,1,9,2,N,7,44,1,N,2,14894
2,1,5,1,2,4,45,1,N,2,12475
2,1,1,1,8,N,54,1,N,2,24029
2,1,1,1,N,3,75,1,N,2,17698
2,1,1,2,0,5,26,1,N,2,17979
1,6,2,1,5,7,62,1,N,2,22466
2,1,1,1,N,6,51,1,N,2,25033
1,6,1,1,5,7,27,1,N,2,20131
2,6,1,1,4,7,11,1,N,2,23889
2,3,1,2,0,5,82,1,N,2,15572
2,6,2,1,N,7,37,1,N,2,9168
1,6,1,1,2,7,11,1,N,2,16819
2,1,1,1,9,7,33,1,N,2,12823
1,6,4,1,9,N,56,1,N,2,16632
1,6,1,0,5,7,56,1,N,2,12029
1,1,1,1,1,9,63,1,N,2,14721
1,6,1,1,6,7,27,1,N,2,7128
1,3,1,1,7,9,42,1,N,2,18512
2,N,1,1,6,9,4,1,N,2,27252
2,1,2,1,N,7,63,1,N,2,15374
1,6,9,2,4,12,7,1,N,2,20407
2,1,1,2,8,3,17,1,N,2,12458
2,1,1,1,0,5,65,1,N,2,14200
1,5,1,1,2,6,22,1,N,2,2550
2,6,1,1,9,7,43,1,N,2,27252
2,1,1,1,9,7,30,1,N,2,20650
2,6,2,2,9,5,33,1,N,2,7485
2,1,1,1,9,7,75,1,N,2,12868
2,1,1,1,N,N,77,1,N,2,19382
2,6,6,2,6,7,41,1,N,2,12368
1,6,1,1,9,6,59,1,N,2,14313
2,6,2,1,3,7,28,1,N,2,2891
2,1,1,1,1,9,16,1,N,2,14720
1,1,1,1,N,7,16,1,N,2,27252
2,1,1,2,8,N,77,1,N,2,19093
2,6,1,1,9,3,62,1,N,2,14150
1,1,1,1,3,7,60,1,N,2,19727
2,1,6,1,4,5,0,1,N,2,22097
2,6,1,2,N,6,71,1,N,2,9871
2,6,1,2,3,7,45,1,N,2,8863
1,1,2,0,2,6,13,1,N,2,9441
1,N,1,2,1,9,36,1,N,2,21547
1,1,1,1,N,3,60,1,N,2,26830
2,1,1,1,3,10,10,1,N,2,16606
1,6,1,1,9,7,24,1,N,2,12856
2,1,3,1,3,7,43,1,N,2,16637
1,6,1,1,4,5,33,1,N,2,20333
1,1,2,0,6,9,16,1,N,2,15246
2,6,1,2,0,7,23,1,N,2,23021
1,6,1,1,8,7,53,1,N,2,11002
2,1,2,2,2,4,0,1,N,2,26187
1,1,1,1,6,5,70,1,N,2,22194
2,6,2,1,0,7,21,1,N,2,20363
2,6,5,1,2,4,28,3,N,2,3769
1,1,1,1,5,9,48,1,N,2,24298
2,1,1,2,0,5,8,1,N,2,16442
2,N,2,1,6,9,78,1,N,2,22807
2,1,1,1,6,4,7,1,N,2,24939
1,1,1,1,8,5,39,1,N,2,10534
2,6,2,1,2,N,24,1,N,2,13128
2,6,1,2,9,7,33,1,N,2,21137
1,6,1,1,8,9,21,1,N,2,21239
2,6,9,1,6,6,80,1,N,2,16146
2,6,1,2,1,5,44,1,N,2,12473
2,1,1,2,8,4,19,1,N,2,14187
2,6,1,2,7,7,44,1,N,2,11975
1,1,1,1,N,N,74,1,N,2,20079
2,1,1,1,8,N,25,1,N,2,23674
2,6,2,2,9,7,79,1,N,2,8821
2,1,2,0,N,7,56,1,N,2,14660
2,2,1,1,7,9,68,1,N,2,23851
1,4,2,2,8,N,86,1,N,2,6959
2,1,1,2,5,10,42,1,N,2,20382
2,6,1,1,9,6,82,1,N,2,837
1,6,3,2,N,7,53,1,N,2,20740
1,1,1,0,2,6,30,2,N,2,12837
1,6,1,1,0,5,62,3,N,2,13816
1,1,1,2,5,3,48,1,N,2,23500
1,1,1,2,8,7,42,1,N,2,27252
2,3,1,1,3,9,46,1,N,2,5971
1,1,1,1,0,6,67,1,N,2,14065
2,1,1,1,7,N,36,1,3,2,24939
2,1,3,1,6,1,34,1,1,2,7202
1,6,1,1,9,2,56,1,N,2,15215
1,3,1,1,N,7,56,1,N,2,20292
1,6,6,0,2,6,53,1,N,2,14032
2,6,1,1,7,7,27,1,N,2,13701
2,1,1,1,0,5,48,1,N,2,23430
1,1,1,1,3,N,38,1,N,2,9562
2,1,1,1,9,7,42,1,N,2,1692
2,1,1,2,N,6,15,1,N,2,15700
1,6,2,2,9,7,18,1,N,2,22270
1,1,1,1,N,7,53,1,N,2,20627
1,1,1,1,9,N,48,1,N,2,15467
1,1,4,2,4,6,13,3,N,2,14883
1,1,1,2,0,12,0,1,N,2,9760
1,1,1,1,4,12,19,1,N,2,27252
2,1,1,1,N,N,70,1,N,2,23842
1,3,9,1,7,9,27,1,N,2,14086
2,1,5,1,2,12,54,1,N,2,16351
2,6,1,1,2,2,53,1,N,2,15951
1,1,1,1,8,3,74,1,N,2,23495
1,6,2,1,2,9,16,1,N,2,18165
1,1,1,1,8,12,89,1,N,2,21699
2,1,2,1,N,7,16,1,N,2,19799
2,1,1,1,8,6,14,1,N,2,17382
2,1,6,1,3,7,47,1,N,2,16853
2,3,1,2,9,5,72,1,N,2,9456
2,6,1,2,9,7,6,1,N,2,27252
2,1,1,1,6,N,47,1,N,2,17549
1,1,1,1,7,6,46,1,N,2,27252
1,1,1,1,3,N,73,1,N,2,16977
2,1,5,1,1,9,10,1,N,2,2550
2,6,7,2,0,7,40,1,N,2,3285
1,1,2,2,5,7,71,1,N,2,14287
1,1,1,1,3,7,35,1,N,2,12055
2,1,1,1,N,3,61,1,N,2,25168
1,6,1,1,2,6,83,1,N,2,15666
2,6,1,1,3,N,50,1,N,2,11765
1,6,1,1,8,N,17,1,N,2,15658
2,1,8,1,4,5,57,1,N,2,17250
2,1,1,1,6,N,77,1,N,2,2208
1,6,2,1,0,8,81,1,N,2,18508
1,1,1,1,5,7,0,1,N,2,22177
2,1,2,1,9,6,19,1,N,2,21537
2,1,1,2,0,6,58,1,N,2,16883
2,1,1,1,0,8,23,1,N,2,27073
2,1,3,1,9,N,54,1,N,2,13213
2,6,1,2,7,8,70,1,N,2,12420
2,4,1,1,5,N,38,1,N,2,5873
2,3,1,1,8,11,29,1,N,2,15671
2,1,1,1,6,7,67,3,N,2,17711
1,1,1,1,7,4,39,1,N,2,20415
1,3,1,1,0,7,0,1,N,2,18807
1,6,2,1,5,6,24,1,N,2,16262
2,1,1,1,6,4,41,1,N,2,10334
1,3,1,1,0,7,20,1,N,2,7881
2,1,1,1,2,7,67,1,N,2,20405
2,1,1,1,N,N,74,1,N,2,8825
2,6,1,2,3,4,0,1,N,2,12067
2,1,6,1,9,9,78,1,N,2,10851
1,1,1,1,N,7,33,1,1,2,144
1,6,1,1,5,6,64,1,N,2,12017
1,6,1,2,9,12,9,1,N,2,27252
1,6,1,2,1,7,14,1,N,2,27252
2,1,1,1,9,N,47,1,N,2,16471
1,6,1,2,0,5,79,1,N,2,11849
1,1,7,1,6,11,63,1,N,2,18737
1,1,1,0,7,10,83,3,N,2,13771
2,4,1,2,N,N,54,1,N,2,22602
2,1,1,1,N,7,54,1,N,2,13471
2,1,1,1,8,N,95,1,N,2,19102
2,1,1,1,3,6,17,1,N,2,1692
1,6,1,2,3,2,34,1,N,2,22739
2,6,1,2,9,7,9,1,N,2,13854
2,6,6,1,5,3,75,1,N,2,8257
2,6,4,1,5,9,60,2,N,2,12833
2,6,1,1,9,7,13,1,N,2,9146
2,1,1,1,9,N,58,1,N,2,26711
1,6,1,1,6,7,36,1,N,2,12860
2,1,1,1,0,7,38,1,N,2,5647
2,5,1,2,2,6,45,1,N,2,26252
1,1,1,1,N,7,65,1,N,2,22253
2,1,1,1,9,7,53,1,N,2,2997
2,1,1,1,8,12,50,1,N,2,9473
2,1,1,1,5,7,54,1,N,2,10537
1,6,8,2,5,6,71,1,N,2,16907
2,4,1,1,3,N,58,1,N,2,16368
1,1,1,1,N,7,56,1,N,2,16359
1,4,1,1,8,7,31,1,N,2,26821
2,6,1,2,3,7,8,1,N,2,27252
2,6,1,1,7,N,22,1,N,2,17868
1,6,1,1,7,7,7,1,N,2,22840
2,1,1,1,6,7,62,1,N,2,27252
1,1,6,1,9,4,41,1,N,2,9427
1,6,2,1,4,3,30,1,N,2,16843
2,1,5,2,0,1,70,1,N,1,16957
1,4,1,1,9,3,28,1,N,2,27252
1,1,1,2,0,7,30,1,N,2,24939
1,1,1,1,9,N,22,1,N,2,27252
1,1,1,1,8,6,38,1,N,2,18686
1,1,1,1,9,N,12,1,N,2,21982
2,4,2,1,1,4,46,1,N,2,7149
2,1,1,2,0,N,60,1,N,2,19799
1,1,2,1,9,N,61,1,N,2,16899
2,6,1,2,2,5,26,1,N,2,17997
2,3,9,1,4,N,40,1,N,2,24939
1,4,2,1,N,N,46,1,N,2,18086
2,6,1,1,N,N,75,1,N,2,27252
2,1,2,2,4,5,75,1,N,2,17064
2,1,1,2,N,3,71,1,N,2,19231
1,1,1,1,9,N,93,1,N,2,20222
2,6,1,1,2,10,20,1,N,2,21287
1,1,1,1,6,N,65,1,N,2,15527
2,6,2,2,5,4,30,1,N,2,16150
2,4,5,1,5,N,33,1,N,2,21814
2,1,5,2,N,N,37,1,N,2,8447
1,6,1,1,0,5,41,1,N,2,14210
1,6,1,2,4,6,30,1,N,2,27252
2,1,1,1,9,11,41,1,N,2,19421
1,1,1,2,N,7,52,1,N,2,27252
1,6,3,1,0,7,50,1,N,2,12972
2,6,1,2,N,7,15,1,N,2,24939
2,1,1,1,N,N,68,1,N,2,18458
2,5,1,1,8,7,51,1,N,2,27252
2,1,1,1,5,7,28,1,N,2,11853
1,1,1,1,8,3,64,1,N,2,26632
1,1,1,1,N,2,64,1,N,2,14355
1,6,1,1,N,7,76,1,N,2,15617
1,6,2,1,3,5,18,1,N,2,8818
2,5,3,2,3,N,19,1,N,2,14996
1,N,1,2,8,7,61,1,N,2,13018
1,1,1,1,8,N,50,1,N,2,19938
2,6,1,1,0,N,47,1,N,2,11108
2,1,1,1,3,2,70,1,N,2,22417
2,1,1,2,3,7,79,1,N,2,14764
1,1,6,1,3,7,54,1,N,2,7752
2,1,2,2,8,7,72,1,N,2,18850
2,1,1,2,2,7,0,1,N,2,19933
1,6,2,1,8,4,37,1,N,2,10033
1,1,2,2,0,6,26,1,N,2,20442
1,6,2,1,3,7,28,1,N,1,15784
1,4,1,1,7,7,36,1,N,2,15081
2,6,1,2,8,11,38,1,N,2,15514
2,1,1,2,7,4,21,1,N,2,14431
1,6,1,1,9,9,56,1,N,2,14874
1,6,1,1,N,6,72,1,N,2,14418
2,6,1,1,0,7,36,1,N,2,27238
2,6,1,1,6,7,42,1,N,2,22911
1,4,1,1,1,6,0,1,N,2,20614
2,4,1,1,6,10,31,1,N,2,18330
2,1,1,1,N,N,39,1,N,2,14838
2,1,1,1,7,N,61,1,N,2,19386
2,1,1,1,2,7,24,1,N,2,18475
1,6,1,2,6,9,95,1,N,2,16998
2,1,1,1,7,7,35,1,N,2,9812
2,6,1,2,1,4,28,1,N,2,10666
1,6,1,2,2,4,9,1,N,2,19199
1,1,1,0,N,7,40,1,N,2,11350
1,6,9,2,4,7,84,2,N,2,4215
2,1,1,1,8,5,50,1,N,2,15846
1,4,1,1,4,9,23,1,N,2,16182
2,1,2,1,8,5,43,1,N,2,18163
2,1,1,1,N,7,72,1,N,2,24991
2,1,1,1,9,7,73,1,N,2,16992
2,6,1,1,6,9,6,1,N,2,14988
1,1,1,1,2,2,35,1,N,2,21738
2,1,1,1,1,8,69,1,N,2,1701
2,6,1,2,6,7,25,1,N,2,24939
2,6,2,1,4,11,32,1,N,2,24960
2,1,1,1,N,N,70,1,N,2,5752
1,1,1,1,6,3,45,1,N,2,9489
2,4,1,1,0,3,27,1,N,2,22635
2,1,1,1,6,3,81,1,N,2,13771
2,6,2,2,0,7,9,1,N,2,21199
1,6,1,2,7,N,25,1,N,2,16132
1,1,1,1,N,7,50,1,N,2,27252
1,6,1,1,N,7,28,1,N,2,18416
2,6,1,1,2,6,37,1,N,2,21208
2,1,1,1,9,3,10,1,N,2,12054
1,1,1,1,6,6,74,1,N,2,24939
1,6,2,2,2,8,11,1,N,2,10397
2,1,1,1,8,10,58,1,N,2,18195
2,6,7,1,2,9,54,1,N,2,12202
2,1,1,2,6,N,57,1,N,2,21176
2,1,1,2,5,7,69,1,N,2,18318
2,6,2,0,8,7,13,1,N,2,24939
1,6,1,1,3,6,42,1,N,2,27252
1,1,1,1,9,6,88,1,N,2,18100
2,6,1,1,1,6,0,1,N,2,11612
2,1,2,1,7,2,56,1,N,2,27252
1,6,1,1,8,N,56,1,N,2,7623
2,1,1,1,6,6,72,1,N,2,9969
2,6,1,1,8,3,16,1,N,2,27252
2,1,9,1,9,7,76,1,N,2,17489
2,6,1,0,0,1,62,1,N,2,15474
2,6,1,0,0,5,78,1,N,2,1087
2,1,1,1,6,N,78,1,N,2,10910
2,1,2,2,0,7,17,1,N,2,27252
2,6,1,2,9,7,19,1,N,2,12097
2,1,1,0,7,7,80,1,N,2,17777
2,1,1,1,2,6,31,1,N,2,2846
1,1,1,2,9,9,66,1,N,2,9955
2,1,1,1,5,N,47,1,N,2,14478
2,1,1,1,1,9,27,1,N,2,25757
1,1,1,1,6,2,65,1,N,2,4731
1,1,1,1,1,7,41,1,N,2,22239
1,2,6,2,0,7,69,1,N,2,11142
2,1,1,1,9,7,38,1,N,2,24670
1,6,1,1,4,6,47,1,N,2,13512
1,6,1,2,5,5,46,1,N,2,13864
2,1,1,1,8,6,42,1,N,2,11754
1,1,1,1,9,7,67,3,N,2,22256
1,1,1,1,2,6,20,1,N,2,17927
2,6,1,1,2,7,20,1,N,2,4297
2,6,1,1,5,12,89,1,N,2,4283
2,6,1,1,6,7,10,1,N,2,13627
1,3,1,1,4,5,31,1,N,2,11144
1,6,1,2,6,6,64,1,N,2,12241
1,1,1,1,5,7,74,1,N,2,10617
2,6,1,1,6,3,67,1,N,2,26294
2,6,1,0,1,6,0,1,N,2,7769
2,1,3,1,7,1,67,1,N,2,16992
1,1,1,2,8,8,65,1,N,2,9776
2,1,1,1,3,4,40,1,N,2,14255
2,6,1,1,5,7,47,1,N,2,20811
2,6,2,1,7,6,72,1,N,2,19523
2,1,1,1,7,N,50,1,N,2,20750
2,6,2,2,N,6,44,1,N,2,234
2,1,1,2,9,12,24,1,N,2,26826
2,6,1,1,4,7,37,1,N,2,18062
1,1,2,2,2,N,37,1,N,2,14488
2,1,1,1,8,N,5,1,N,2,24939
2,1,1,1,5,12,83,1,N,2,16003
1,1,1,1,7,7,65,1,N,2,23280
2,1,2,2,N,7,43,1,N,2,27252
1,6,8,2,7,7,47,1,N,2,17284
2,3,1,2,5,6,66,1,N,2,16033
1,1,4,1,6,5,70,1,N,2,21851
1,4,2,0,1,7,39,3,N,2,16401
1,6,2,2,3,7,0,1,N,2,5622
1,1,1,1,0,8,9,1,N,2,15430
1,6,1,2,0,12,8,1,N,2,16174
2,1,1,1,8,7,65,1,N,2,13125
1,6,1,2,0,9,41,1,N,2,15454
1,1,1,1,0,N,49,1,N,2,11272
2,1,1,1,9,7,32,1,N,2,16973
1,6,1,2,4,6,6,1,N,2,17007
1,1,1,1,0,7,2,1,N,2,25294
2,1,1,2,0,N,49,1,N,2,23615
2,6,1,1,1,7,36,1,N,2,19122
1,1,1,1,9,N,62,1,N,2,9453
2,6,2,2,9,7,41,1,N,2,19164
1,1,1,0,7,7,16,1,N,2,22708
2,6,1,1,6,6,66,1,N,2,10894
1,6,1,2,1,5,27,1,5,2,14080
1,6,1,1,9,N,56,1,N,2,6611
2,1,1,1,3,8,41,1,N,2,17924
2,5,1,2,9,N,50,1,N,2,27252
1,4,1,1,0,3,14,1,N,2,5582
1,1,1,0,0,N,10,1,N,2,18575
2,6,1,2,0,7,22,1,N,2,27252
1,6,1,1,5,7,3,1,N,2,4676
2,3,1,1,9,9,55,1,N,2,20868
1,6,1,2,5,7,74,1,N,2,9611
1,1,1,1,9,7,13,1,N,2,20923
1,6,2,2,0,5,50,1,N,2,15352
2,1,1,1,9,2,93,1,N,2,16445
1,1,6,1,8,5,59,1,N,2,111
1,1,1,1,3,7,86,1,N,2,21844
2,1,2,1,N,7,3,1,N,2,23754
2,1,1,1,0,7,83,1,N,2,13301
2,6,2,0,3,N,29,1,N,2,19468
2,6,1,1,2,6,10,1,N,2,8377
2,1,2,1,7,11,45,1,N,2,20588
1,6,1,1,6,8,66,1,5,2,16377
1,1,1,1,4,9,56,1,N,2,12624
2,1,1,1,4,6,51,1,N,2,16210
2,6,8,1,4,9,80,1,N,2,11068
1,1,1,1,N,7,13,1,N,2,24195
2,6,2,2,4,6,30,1,N,2,24857
2,3,1,2,3,3,68,1,N,2,9352
1,1,1,1,N,7,31,1,N,2,21684
2,6,1,2,2,6,38,1,N,2,17678
1,1,5,1,2,2,68,1,N,2,18529
2,1,1,1,7,2,61,1,N,2,20442
1,6,2,1,0,5,15,1,3,2,15092
2,6,2,1,0,6,23,1,N,2,17198
2,6,1,1,9,N,29,1,N,2,17272
2,1,1,1,2,7,69,1,N,2,12706
2,6,1,2,3,7,93,1,N,2,9832
2,1,1,1,4,11,61,1,N,2,11872
1,1,1,1,5,11,23,1,N,2,21002
2,1,2,1,7,N,15,1,N,2,1127
2,6,2,2,9,7,91,1,N,2,13560
1,1,1,1,1,5,38,1,N,2,2188
1,1,1,2,4,7,9,1,N,2,22259
1,6,1,2,5,7,36,1,N,2,15926
2,1,1,1,2,7,55,1,N,2,22954
2,5,1,1,6,N,39,1,N,2,21372
2,1,8,1,N,7,54,1,N,2,14630
1,1,2,2,4,7,61,1,N,2,17227
1,6,2,2,4,7,17,1,N,2,27252
2,6,1,2,3,7,29,1,N,2,19559
1,1,1,1,2,N,59,1,N,2,475
2,1,1,1,5,6,58,1,N,2,19693
1,6,1,1,N,7,45,1,N,2,26103
1,6,1,2,0,6,23,1,N,2,9648
2,1,1,1,5,4,75,1,N,2,15194
2,4,1,2,5,6,34,1,N,2,5359
2,6,2,1,6,7,53,1,N,2,27252
2,6,1,2,6,4,72,1,N,2,20946
1,1,6,2,2,6,54,1,N,2,14137
1,1,1,1,N,3,68,1,N,2,16455
2,1,1,2,8,12,60,1,N,2,24601
2,1,1,1,6,5,55,1,N,2,13248
2,6,2,2,4,N,11,1,N,2,10729
1,6,9,1,9,12,72,1,N,2,24957
2,1,1,1,3,7,28,1,N,2,22748
2,1,1,1,9,7,50,1,N,2,27018
2,1,1,1,2,3,36,1,N,2,22447
1,6,1,1,9,7,46,1,N,2,9621
2,6,1,1,8,3,64,1,N,2,18450
2,1,1,1,7,7,76,1,N,2,7648
1,6,1,2,1,5,3,1,N,2,13573
2,1,1,1,2,7,71,1,N,2,15348
2,6,1,2,0,6,20,1,N,2,17643
1,5,8,1,9,6,51,1,N,2,11688
2,1,1,1,6,N,54,1,N,2,16345
1,1,2,1,9,N,44,1,N,2,15587
2,1,1,1,5,7,59,1,N,2,13692
2,6,1,1,7,11,17,1,N,2,16139
1,6,2,2,8,4,0,1,N,2,24031
1,1,1,2,6,5,42,1,N,2,18483
2,1,1,1,7,N,36,1,N,2,27252
2,6,1,1,7,7,64,1,N,2,27252
2,1,1,1,7,7,72,1,N,2,8699
1,6,1,1,8,6,36,1,N,2,20850
2,1,1,1,4,9,45,1,N,2,16113
1,2,1,1,N,7,67,1,N,2,17062
1,1,1,1,7,N,23,1,N,2,27252
1,1,1,1,7,7,66,1,N,2,4709
2,1,1,1,9,N,16,1,N,2,8273
1,1,2,1,4,2,33,1,N,2,18757
2,6,1,0,2,2,24,1,N,2,20367
2,6,1,1,6,7,26,1,N,2,6670
1,6,1,1,5,N,63,1,N,2,12399
2,4,1,1,7,N,71,1,N,2,6797
2,3,9,1,6,6,48,1,N,2,17596
2,4,1,1,7,6,60,1,N,2,17349
2,6,4,1,5,4,16,1,N,2,18021
2,1,1,1,9,6,41,1,N,2,20306
2,1,1,2,4,12,33,1,N,2,13937
1,1,7,2,5,3,17,1,1,2,10579
1,1,1,1,N,6,78,1,N,2,12593
2,6,2,2,8,7,38,1,N,2,19482
2,6,1,1,9,9,56,1,N,2,13957
1,1,1,1,0,3,34,1,N,2,19863
1,1,1,1,2,7,52,1,N,2,14972
1,1,1,1,N,7,67,1,N,2,23090
1,3,1,2,3,3,0,1,N,2,24939
2,1,1,1,3,7,72,1,N,2,13764
1,4,1,1,7,7,32,1,N,2,20815
1,6,2,2,6,7,36,1,N,2,9427
2,1,1,0,1,9,38,1,N,2,14979
2,1,1,1,N,3,38,1,N,2,22653
1,1,1,1,N,7,60,1,N,2,22337
2,1,1,1,9,2,32,1,N,2,15791
2,6,1,2,3,7,26,1,N,2,26039
1,1,1,1,0,3,20,1,N,2,24374
1,1,1,1,8,N,48,1,N,2,21968
2,6,1,1,7,7,25,1,N,2,19588
1,1,1,2,3,N,55,1,N,2,12258
1,6,2,2,9,4,15,1,N,2,21708
2,1,2,1,9,7,46,1,N,2,22586
1,1,1,1,4,7,0,1,3,2,12666
2,6,1,1,8,3,33,1,N,2,8463
2,6,1,1,2,6,34,1,N,2,8193
1,4,1,1,2,1,30,1,N,2,17217
2,6,6,2,4,4,35,1,N,2,0
2,1,1,1,0,N,53,1,N,2,25966
2,1,2,2,1,6,30,1,N,2,13583
1,6,2,2,6,12,58,1,N,2,24079
2,6,1,1,9,9,66,1,N,2,22559
2,6,1,2,7,7,57,1,N,2,16823
1,3,2,2,3,7,24,1,N,2,14818
2,1,1,1,7,7,48,1,N,2,27252
2,6,1,2,9,7,5,1,N,2,20297
1,6,1,2,2,5,60,1,N,2,7588
2,1,1,2,0,N,56,1,N,2,20374
1,1,1,1,N,7,62,1,N,2,21385
1,1,1,1,3,N,25,1,N,2,19803
1,3,1,1,4,6,52,1,N,2,16173
1,1,9,2,2,7,65,1,N,2,9617
2,6,1,1,4,9,37,1,N,2,27252
2,6,6,2,3,7,39,1,N,2,12795
2,6,1,1,6,7,73,1,N,2,23143
2,1,1,1,6,7,78,1,N,2,9720
1,6,1,2,N,4,51,1,N,2,25306
1,1,1,2,9,12,48,1,N,2,27252
2,6,1,2,6,5,6,1,N,2,18972
2,6,1,2,9,7,81,1,N,2,2903
1,1,1,1,7,7,24,1,N,2,22967
1,6,3,2,5,12,31,1,N,2,8079
1,6,1,1,2,7,8,1,N,2,27132
2,6,1,1,0,5,43,1,N,2,14686
1,6,1,2,1,2,16,1,N,2,4551
1,2,1,1,7,3,73,1,N,2,12840
2,1,1,2,9,6,56,1,N,2,18139
2,1,1,1,6,N,38,1,N,2,22924
2,1,1,1,3,N,56,1,N,2,20766
2,1,1,1,N,7,11,1,N,2,11069
2,1,2,1,2,11,68,1,N,2,22352
2,6,1,1,8,3,72,1,N,2,25861
1,6,1,1,8,7,63,1,N,2,2448
2,6,2,1,5,5,54,1,N,2,3159
2,1,2,0,3,3,68,1,N,2,15647
2,1,1,2,9,1,53,1,N,2,15683
2,2,1,1,1,11,43,1,N,2,3981
1,1,1,1,N,6,43,1,N,2,3079
2,6,1,2,6,7,22,1,N,2,20478
1,1,1,1,2,N,29,1,N,2,14437
2,6,1,2,9,2,11,1,N,2,15515
2,1,5,1,7,9,73,1,N,2,16985
1,4,1,1,N,3,67,3,N,1,23780
2,1,1,2,1,6,45,1,N,2,27252
1,1,1,2,3,1,61,1,N,2,18624
2,1,1,1,0,2,59,1,N,2,14335
2,6,1,2,1,7,31,1,N,2,10485
2,6,5,1,1,10,67,1,N,1,10337
2,1,1,1,N,N,47,1,N,2,20818
1,6,1,0,0,7,15,1,N,2,22742
1,6,2,2,4,9,11,1,N,2,4498
2,6,2,2,5,7,60,1,N,2,1692
2,1,2,1,7,4,8,1,N,2,24939
1,6,2,2,6,7,10,1,N,2,16792
1,2,8,1,5,6,62,1,N,2,16270
2,1,1,1,8,6,0,1,N,2,27252
1,3,1,1,8,5,35,1,N,2,1923
1,1,2,2,8,10,30,1,N,2,12183
2,1,1,1,2,3,23,1,N,2,27252
1,6,2,2,6,5,0,1,N,2,7888
1,6,2,2,4,5,1,1,N,2,8797
1,6,1,1,2,6,37,1,N,2,9662
1,1,1,1,6,N,59,1,N,2,14699
2,2,1,1,4,11,88,1,N,2,15586
1,1,1,1,9,7,47,1,N,2,8952
1,6,2,0,1,2,73,1,N,2,11918
1,3,1,1,8,N,52,1,N,2,22026
1,1,1,2,1,N,29,1,N,2,20738
1,1,1,1,9,N,68,1,N,2,12080
2,1,1,1,N,7,13,1,N,2,3950
2,1,1,2,5,9,68,1,N,2,21037
2,6,1,2,6,7,33,1,N,2,5984
1,1,1,2,9,3,73,1,N,1,6754
2,1,1,1,9,9,44,1,N,2,17792
2,N,1,1,6,6,67,1,N,2,9427
2,6,1,2,N,7,1,1,N,2,25013
1,1,1,1,9,9,27,1,N,2,16296
2,6,1,1,6,7,72,1,N,2,17068
1,6,1,2,2,5,40,1,N,2,15458
2,1,1,1,N,7,31,1,N,2,19138
2,5,1,1,4,7,44,1,N,2,18910
2,6,1,2,3,12,38,1,N,2,13016
1,6,1,2,7,N,80,1,N,2,5384
2,6,2,1,1,5,11,1,N,2,16698
1,6,2,1,9,N,95,1,N,2,15709
2,1,1,1,4,N,56,1,N,2,15748
1,6,1,1,0,5,0,1,N,2,8579
2,1,1,1,3,7,68,1,N,2,27252
1,1,1,1,8,3,15,1,N,2,11863
1,1,1,2,7,N,36,1,N,2,24886
2,1,1,2,3,6,43,1,N,2,10894
2,1,1,2,4,6,12,1,N,2,22634
2,6,1,1,2,4,49,1,N,2,15383
2,1,1,1,6,5,77,1,N,2,12541
1,1,1,0,0,2,73,1,N,2,19730
1,6,1,2,9,6,12,1,N,2,14211
1,6,2,2,6,6,17,1,N,2,13365
2,1,1,1,8,12,43,1,N,2,12528
2,4,4,1,4,9,55,1,N,2,10019
1,1,1,1,8,2,65,1,N,2,6611
1,1,1,1,6,7,75,1,N,2,24554
1,6,1,2,0,5,0,1,N,2,23177
1,6,1,1,0,7,70,1,N,2,14936
1,1,1,1,N,7,63,1,N,2,3932
2,3,1,1,2,4,23,1,N,2,9925
2,1,1,2,N,3,28,1,N,2,5063
1,6,1,2,0,N,42,1,N,2,13709
1,1,1,1,9,7,54,1,N,2,16241
1,1,1,1,N,N,34,1,N,2,6478
1,6,9,1,7,6,23,1,6,2,478
2,6,1,1,7,11,55,1,N,2,21261
2,1,1,2,9,N,82,1,N,2,4251
2,1,1,1,8,5,0,1,N,2,22254
2,1,1,1,5,4,33,1,N,2,9427
2,1,1,1,7,5,64,1,N,2,24291
1,4,1,1,0,7,38,1,4,2,15189
2,1,1,1,7,7,91,1,N,2,6522
1,1,1,2,9,7,63,1,N,2,15325
2,1,1,1,5,10,41,1,N,2,27252
1,1,1,1,1,9,36,1,N,2,16970
2,1,1,1,9,6,12,1,N,2,24816
2,3,1,2,N,N,22,1,N,2,12754
2,1,1,1,N,7,20,1,N,2,27252
2,6,1,2,0,5,29,3,N,2,14893
2,1,2,1,4,12,12,3,N,2,15289
2,6,1,2,6,6,46,1,N,2,9810
2,6,1,0,8,7,41,1,N,2,18543
2,6,1,2,4,5,13,1,N,2,19739
2,6,1,0,2,N,3,1,N,2,21449
1,6,1,1,7,N,43,1,N,2,23839
2,1,1,1,9,7,52,1,N,2,17228
1,1,1,1,8,7,52,1,N,2,19829
2,1,1,1,4,7,24,1,N,2,15096
2,1,1,0,9,7,22,1,N,2,22051
2,1,1,1,5,7,44,1,N,2,24891
2,6,1,1,8,N,78,1,N,2,16516
2,6,1,0,0,6,7,1,N,2,1830
2,4,1,1,N,N,36,1,N,2,27252
2,6,1,1,6,7,16,1,N,2,20398
2,1,1,1,8,6,75,1,N,2,17317
1,6,1,1,4,N,16,1,N,2,14698
2,1,5,2,N,N,75,1,N,2,13285
1,4,1,1,9,12,47,1,N,2,23057
2,6,1,2,1,7,24,1,N,2,1553
2,1,1,2,9,4,95,1,N,2,27127
1,1,3,1,1,10,51,1,5,2,5568
1,3,1,1,8,6,24,1,N,2,3605
2,2,2,1,9,12,12,1,N,2,20300
2,1,1,1,5,7,58,1,N,2,16083
1,6,2,1,3,7,34,1,N,2,21509
2,6,1,2,8,8,52,1,N,2,12732
1,6,2,2,1,3,2,1,N,2,26737
1,1,1,1,8,N,43,1,N,2,2587
1,3,5,2,4,5,16,1,N,2,21148
2,1,1,1,5,12,40,1,N,2,17759
2,1,1,1,4,1,73,1,N,2,14729
1,6,1,2,3,5,13,1,N,2,13893
2,6,1,1,5,9,63,1,N,2,5285
1,1,1,1,N,12,66,1,N,2,19115
2,1,1,1,8,2,45,1,N,2,20664
1,1,1,2,7,3,18,1,N,2,16629
2,1,6,1,3,9,72,1,N,2,10561
2,1,1,1,8,N,56,1,N,2,13327
1,6,1,2,3,6,17,1,N,2,21473
2,1,1,1,3,1,46,1,N,2,14446
1,1,1,1,N,N,53,1,N,2,9427
1,1,1,1,N,N,67,1,N,2,27252
2,1,1,1,9,7,76,1,N,2,5802
1,1,1,1,2,N,16,1,N,2,22510
2,1,1,1,4,2,78,1,N,2,3332
1,1,1,2,9,7,24,1,N,2,16923
2,1,1,2,4,7,22,1,N,2,15184
2,6,1,2,0,7,29,1,N,2,8772
2,1,1,1,0,3,71,1,N,2,19151
1,1,1,2,N,7,56,1,N,2,10589
2,1,2,1,2,4,74,1,N,2,9427
1,4,1,1,0,12,40,2,N,2,14021
2,1,1,1,4,7,68,1,N,2,27252
2,6,1,2,3,3,0,1,N,2,18928
2,6,1,1,0,7,32,1,N,2,8132
1,1,1,1,5,5,34,1,N,2,25485
1,1,1,1,9,N,94,1,N,2,10833
1,6,2,1,8,9,23,1,N,2,9007
2,6,4,1,7,7,30,1,N,2,15039
2,4,1,1,N,7,35,1,N,2,24939
1,1,1,1,8,N,57,1,N,2,9162
2,1,1,1,8,7,35,1,N,2,15015
2,6,1,1,0,N,7,1,N,2,15442
2,6,1,1,4,7,16,1,N,2,13754
1,1,2,2,7,6,43,1,N,2,17833
2,6,1,2,N,7,34,1,N,2,27252
2,1,2,2,1,6,35,1,N,2,13569
2,6,1,1,7,7,6,1,N,2,5557
1,1,2,1,5,N,32,1,N,2,15139
2,2,1,1,7,7,34,1,N,2,24939
1,6,1,1,4,9,13,3,N,2,23295
1,1,1,1,3,7,3,1,N,2,24007
1,6,2,2,6,7,14,1,N,2,19233
2,4,1,1,5,6,67,1,N,2,14202
2,1,1,1,N,7,60,1,N,2,6609
2,1,1,1,2,3,25,1,N,2,23310
1,1,1,2,4,9,50,1,N,2,15537
2,6,2,2,4,7,30,1,N,2,5425
2,1,1,2,0,7,47,1,N,2,22242
1,3,1,2,5,4,37,1,N,2,16163
1,6,1,1,3,5,60,1,N,2,6628
1,4,2,1,N,7,29,1,N,2,15039
2,1,1,2,4,7,57,1,N,2,24967
2,1,2,1,4,9,37,1,N,2,15466
1,1,1,1,0,6,19,1,N,2,17204
1,6,1,1,N,7,61,1,N,2,8907
2,6,1,1,9,7,49,1,N,2,16918
2,1,1,1,1,7,76,1,N,2,16351
2,1,6,1,8,9,82,1,N,2,17874
2,1,1,1,8,6,39,1,N,2,11337
2,1,2,2,1,6,23,1,N,2,19891
2,6,1,1,4,7,36,1,N,2,16304
2,1,1,1,0,7,38,1,N,2,3509
2,6,1,0,3,N,19,1,N,2,22150
1,6,1,2,4,N,21,1,N,2,16723
2,6,1,2,0,N,67,1,2,2,16514
1,5,1,2,0,N,14,1,N,2,3585
2,1,1,1,7,N,34,1,N,2,15703
1,6,6,2,6,6,9,1,N,2,20727
1,4,1,2,1,3,20,1,N,2,20330
1,1,1,1,6,N,4,1,N,2,13860
2,6,1,2,2,5,43,1,N,2,15068
2,1,1,1,8,10,95,1,N,2,23342
1,1,1,1,5,11,36,1,N,2,17402
2,1,1,1,5,2,61,1,N,2,12496
2,1,1,1,2,11,0,1,N,2,17479
2,1,1,2,2,2,16,1,N,2,27252
1,6,1,1,8,6,26,1,N,2,16724
1,1,1,1,1,9,55,1,N,2,19939
1,1,2,1,2,9,70,1,N,2,20494
2,1,1,1,8,6,69,1,N,1,7377
2,N,1,1,2,4,40,1,N,2,17223
2,4,1,1,9,7,75,1,N,2,5954
1,1,1,2,9,N,38,1,N,2,3932
2,6,1,2,2,2,64,1,N,2,1692
1,1,1,1,7,7,27,1,N,2,27252
2,4,1,1,8,7,47,1,N,2,24939
1,6,1,2,8,N,13,1,N,2,21171
1,3,1,2,9,N,56,1,N,2,14327
2,1,2,1,N,7,45,1,N,2,21968
1,1,1,1,8,N,46,1,N,2,21907
2,5,2,2,9,7,59,1,N,2,15967
2,1,1,1,9,N,55,1,N,1,15543
2,N,1,2,N,7,56,1,N,2,24350
2,6,1,1,8,2,47,1,N,2,27252
1,1,1,1,N,3,74,1,N,2,17731
1,3,5,1,1,5,75,1,N,2,23838
2,6,1,1,N,7,32,1,N,2,9905
2,1,1,2,8,9,82,1,N,2,19639
1,1,1,1,N,7,69,1,N,2,10127
2,1,1,1,4,7,58,1,N,2,22973
1,5,1,1,N,7,95,1,N,2,20739
2,1,2,2,2,6,27,1,N,2,19646
2,1,1,1,9,7,84,1,N,2,17986
1,6,2,1,3,N,66,1,N,2,24357
1,1,1,1,3,1,63,1,N,2,22453
2,1,1,1,1,5,60,1,N,2,19104
1,1,1,1,5,N,77,1,N,2,27252
1,6,1,1,5,7,28,1,N,2,12456
1,1,1,1,5,N,44,1,N,2,14737
1,1,1,1,1,N,48,1,N,2,18870
1,1,1,1,6,7,61,1,N,2,15441
1,4,1,1,9,N,80,1,N,2,20422
2,1,1,1,7,6,26,1,N,2,9370
2,1,1,1,9,N,86,1,N,2,18197
2,4,1,2,4,7,77,1,N,2,16024
1,6,1,2,3,7,40,1,N,2,4898
1,6,1,1,6,7,12,1,N,2,16852
1,1,1,1,7,7,83,1,N,2,16188
2,6,1,1,9,7,72,1,N,2,13249
2,1,1,1,4,N,51,1,N,2,10133
1,6,1,1,1,7,62,1,N,2,14387
1,1,1,1,N,3,32,1,N,2,1013
1,6,2,1,0,6,13,1,N,2,23610
2,1,1,1,N,7,31,1,N,2,27252
2,6,1,2,2,4,24,1,N,2,8557
2,1,1,1,N,7,67,1,N,2,18614
2,6,1,1,8,7,79,1,N,2,8888
2,4,2,1,9,4,51,1,N,2,19964
1,1,1,1,N,N,74,1,N,2,21008
2,4,1,2,0,6,54,1,N,2,16638
2,1,1,2,0,7,0,1,N,2,19663
2,4,8,1,0,5,68,1,N,2,15493
2,1,1,1,2,12,52,3,N,2,5444
1,1,1,1,N,7,16,1,N,2,20747
1,1,1,1,7,7,59,1,N,2,17159
2,1,1,2,4,7,45,1,N,2,23113
2,6,1,2,8,6,90,1,N,2,18097
2,1,1,1,5,7,69,1,N,2,14218
2,1,1,2,2,5,66,1,N,2,8838
2,1,1,1,9,N,42,1,N,2,11198
2,1,1,1,6,4,50,1,N,2,17066
1,4,1,2,N,7,70,1,N,2,23942
2,1,1,1,7,N,88,1,N,2,14656
2,6,1,1,1,7,18,1,N,2,11304
1,6,1,1,2,7,59,1,N,2,17869
2,6,3,1,7,N,21,1,N,2,11498
1,6,2,2,6,6,61,1,N,2,23023
2,4,2,1,2,9,34,1,N,2,16642
1,1,1,2,0,4,17,1,N,2,24846
2,1,1,1,9,7,86,1,N,2,10902
2,1,1,1,3,5,59,1,N,2,14935
1,1,8,1,9,8,39,1,N,2,19882
1,1,1,1,6,3,43,1,N,2,15416
1,1,1,1,5,3,22,1,N,2,18036
2,6,1,1,4,5,39,1,N,2,3781
2,1,1,1,6,7,73,1,N,2,16607
2,4,2,2,2,7,78,1,N,2,15057
2,1,1,1,4,N,47,1,6,2,14964
1,6,1,2,5,5,61,1,N,2,1692
2,1,2,1,N,7,43,1,N,2,24499
1,6,1,2,7,7,53,1,N,2,15012
2,1,1,1,3,3,42,1,N,2,27252
2,3,2,1,5,6,85,1,N,2,20251
1,4,1,1,0,11,46,1,N,2,24970
2,6,1,2,8,7,95,1,N,2,10240
1,6,1,1,0,4,27,1,N,2,18139
2,6,2,1,2,12,44,1,N,2,12377
2,6,1,2,2,N,27,1,N,2,24939
1,1,1,1,4,9,75,1,N,2,17889
2,1,1,1,N,7,67,1,N,2,21683
2,1,1,2,1,5,30,1,N,2,15512
2,6,1,1,1,7,22,1,N,2,27252
1,1,6,1,7,6,37,3,N,2,14013
2,6,1,1,5,N,23,1,2,2,20543
2,6,1,1,5,6,21,1,N,2,20897
1,6,2,1,9,6,24,1,N,2,11324
2,1,1,1,0,7,80,1,N,2,8802
2,1,3,1,5,6,59,1,N,2,13713
2,1,9,1,8,N,56,1,N,2,16141
2,1,1,1,5,7,71,1,N,2,17369
2,6,2,1,4,9,50,1,N,2,17284
2,3,1,2,9,N,73,1,N,2,9165
1,1,1,1,8,7,81,1,N,2,9763
1,6,2,2,1,5,27,1,N,2,9823
1,1,1,1,9,3,41,1,N,2,18826
2,6,1,2,3,5,38,1,N,2,17528
1,6,1,2,4,N,52,1,N,2,26209
2,1,3,1,2,N,18,1,N,2,10950
2,1,5,1,4,11,52,1,N,2,18884
1,1,1,1,N,3,66,1,N,2,13995
2,6,2,1,0,6,65,1,N,2,10646
2,1,1,1,N,7,48,1,N,2,16843
1,1,1,1,0,5,5,1,N,2,10087
1,6,1,1,3,5,66,1,N,2,15085
2,4,9,1,1,11,41,1,N,2,17315
2,6,1,1,4,6,13,1,N,2,14309
2,3,1,1,7,6,22,1,N,2,515
2,1,1,1,5,2,29,1,N,2,18734
2,1,1,1,7,11,20,1,N,2,22845
1,1,4,1,5,5,61,1,N,2,15770
1,4,1,1,5,12,39,1,N,2,15342
2,6,2,2,4,5,11,1,N,2,8392
1,1,1,1,6,6,65,1,N,2,17062
2,1,1,1,N,7,64,1,N,2,27252
1,1,1,1,5,5,57,1,N,2,14012
2,6,1,1,4,9,67,1,N,2,14723
2,5,2,1,6,7,43,1,N,2,23727
2,6,1,1,0,6,37,1,N,2,23144
1,1,1,1,8,N,39,1,N,2,10442
2,6,1,2,8,6,47,1,N,2,17219
2,1,1,1,5,12,50,1,N,2,10968
2,6,1,2,2,6,47,1,N,2,15667
2,6,2,2,3,7,39,1,N,2,15201
1,1,1,1,2,9,53,1,5,2,19723
1,6,1,2,3,7,37,1,N,2,11484
2,1,2,1,6,7,52,1,N,2,16510
1,6,1,1,0,6,11,1,N,2,5281
1,1,4,1,8,6,70,1,N,2,483
2,1,1,1,8,7,60,1,N,2,20311
1,1,7,2,9,N,42,1,N,2,23219
1,1,1,1,1,8,13,1,N,2,27252
2,6,1,2,7,N,32,1,N,2,11698
2,1,1,1,5,7,67,1,N,2,12102
1,1,1,1,9,3,64,1,N,2,18135
1,1,1,2,5,11,43,1,N,2,12942
2,1,4,1,0,2,60,1,N,2,5985
2,4,1,2,0,7,8,1,N,2,12859
2,1,1,1,9,3,46,1,N,2,18174
2,1,1,1,6,N,27,1,N,2,25274
2,4,2,1,0,N,74,1,N,2,5379
2,1,1,1,0,5,23,1,N,2,12921
2,1,1,2,4,9,33,1,N,2,19905
2,1,8,1,3,3,19,1,N,2,20633
2,1,1,1,N,7,59,1,N,2,25465
1,6,2,2,9,4,53,1,N,2,19338
2,6,1,2,N,6,48,1,N,2,11813
2,1,3,1,5,12,28,1,N,2,12775
1,4,6,2,6,5,14,1,N,2,2633
1,1,1,1,7,3,77,1,N,2,23181
1,6,2,2,4,5,53,1,N,2,6731
1,6,1,0,4,4,39,1,N,2,21980
1,3,1,1,0,4,42,1,N,2,14594
1,1,1,1,7,N,69,1,N,2,18017
1,6,1,1,2,5,22,2,N,2,17328
1,1,1,2,3,7,17,1,N,2,21037
2,1,1,1,1,9,34,1,N,2,20630
2,6,1,1,5,3,0,1,N,2,27252
1,1,1,1,N,N,71,1,N,2,18605
2,1,1,1,1,4,56,1,N,2,19266
1,5,1,1,N,7,50,1,N,2,22505
2,1,1,1,N,3,55,1,N,1,15721
2,1,2,1,6,3,79,1,N,2,17637
2,1,1,1,N,3,42,1,N,2,24939
1,6,1,0,7,7,17,1,N,2,20115
1,1,1,1,N,2,46,1,N,2,18604
1,6,1,2,0,7,36,1,N,2,12379
2,1,2,1,9,7,46,1,N,2,5355
1,1,1,1,5,5,22,1,N,2,23779
2,1,1,2,9,12,56,1,N,2,7822
2,1,1,2,5,3,13,1,N,2,16415
2,6,2,1,3,5,15,1,N,2,21354
2,1,1,1,7,2,81,1,N,2,17093
1,1,2,1,7,6,14,1,N,2,13086
1,1,8,1,7,N,49,1,N,2,18723
1,1,1,2,6,6,46,1,N,2,16651
2,1,5,2,0,9,16,1,N,2,19862
1,1,2,0,2,N,95,1,N,2,9427
1,1,1,1,0,7,44,1,N,2,8515
1,1,1,1,8,9,62,1,N,2,25847
2,6,1,1,5,N,53,1,N,2,630
1,6,1,2,7,7,27,1,N,2,9046
2,1,2,1,5,6,62,1,N,2,25626
2,1,1,1,2,5,40,1,N,2,21472
2,1,1,2,5,12,58,1,N,2,14961
2,1,3,1,9,2,15,1,N,2,21020
2,3,1,1,5,9,57,1,N,2,18433
2,6,8,1,3,7,29,1,N,2,23605
1,1,1,1,6,N,37,1,N,2,20590
1,1,1,2,0,7,60,1,N,2,4073
1,3,8,1,1,10,18,1,N,2,16590
1,4,1,1,8,7,69,1,N,2,17703
1,1,1,1,9,3,37,1,N,2,22361
1,1,1,1,9,7,48,1,N,2,14493
1,4,2,1,4,6,50,1,N,2,6223
2,6,7,1,8,7,21,1,N,2,13181
2,6,1,1,7,6,29,1,N,2,6365
2,1,1,2,6,N,74,1,N,2,13417
1,1,1,1,6,2,81,1,N,2,13674
1,1,1,1,N,3,69,1,N,2,11162
2,6,6,2,6,N,16,1,N,2,14837
1,6,1,1,3,7,41,1,N,2,17261
1,1,1,1,5,N,62,1,N,2,17764
2,6,2,2,8,5,19,1,N,2,6676
2,6,1,1,N,7,0,1,N,2,20172
2,4,1,2,N,7,66,1,N,2,13208
1,1,2,1,9,4,36,1,N,2,14929
1,1,6,1,5,2,40,1,N,2,11769
2,1,1,1,9,3,54,1,N,2,13799
1,1,1,1,8,11,54,1,N,2,11851
2,1,2,2,8,7,53,1,N,2,22412
1,6,2,2,9,7,27,1,N,2,16935
2,1,1,2,5,5,54,1,N,2,21408
1,3,1,2,3,9,35,1,N,2,18269
2,1,6,1,0,1,60,1,N,2,0
1,1,1,1,9,10,52,1,N,2,24800
1,1,1,1,8,2,39,1,N,2,18016
1,6,2,2,8,6,14,1,N,2,11814
2,1,1,1,9,6,49,1,N,2,17685
1,1,1,1,9,7,30,1,N,2,26455
1,3,1,1,N,7,38,1,N,2,21688
2,1,1,1,N,7,24,1,N,2,8332
1,1,1,1,N,3,64,1,N,2,24772
1,2,2,2,6,5,24,1,N,2,27252
2,1,1,0,8,6,58,1,N,2,21624
2,1,1,1,3,7,19,1,N,2,20311
1,6,1,2,N,7,71,1,N,2,13802
1,1,5,2,4,N,40,1,N,1,14687
2,1,1,1,N,3,38,1,N,2,24939
2,1,1,1,8,2,71,1,N,2,21323
2,1,1,1,7,7,71,1,N,2,10005
2,1,1,1,0,7,0,1,N,2,27252
2,6,1,1,6,5,9,1,N,2,12333
2,6,1,1,1,6,19,1,N,2,6931
2,6,1,2,3,6,42,1,N,2,27252
2,6,1,1,3,7,46,1,N,2,12364
1,6,1,1,0,7,0,1,N,2,15035
2,1,1,1,9,6,81,1,N,2,12562
2,1,1,1,N,4,42,1,N,2,24087
2,N,3,1,4,7,40,2,N,2,2106
1,6,2,2,0,4,23,1,N,2,14946
2,1,1,0,7,9,2,1,N,2,27252
2,6,1,2,8,7,79,1,N,2,8042
2,1,2,1,0,3,43,1,N,2,27252
2,1,1,1,8,N,43,1,N,2,27252
2,1,1,2,5,7,37,1,N,1,15962
2,1,2,2,6,7,32,1,N,2,1692
1,1,1,1,N,7,40,1,N,2,14417
2,1,1,1,N,7,40,1,N,2,22495
2,6,1,1,1,6,7,1,N,2,27252
1,1,2,1,N,7,19,1,N,2,23155
2,1,6,1,N,3,66,1,N,2,25277
2,6,1,1,1,1,72,1,N,2,6644
1,1,1,1,4,7,27,1,N,2,16843
2,1,1,1,0,7,11,1,N,2,10746
2,6,1,1,3,N,16,1,N,2,24939
2,1,8,1,1,5,71,1,N,2,19525
2,4,1,1,2,9,30,1,N,2,22431
1,6,1,1,7,8,24,1,N,2,20825
1,1,1,1,N,N,81,1,N,2,0
1,6,2,1,5,6,29,1,N,2,12704
2,6,2,2,0,6,70,1,N,2,22223
2,1,1,1,8,N,55,1,N,2,15598
2,6,1,1,7,7,3,1,N,2,15739
2,4,1,1,2,5,4,1,N,2,15066
2,1,1,1,7,7,48,1,N,2,20188
2,1,1,2,6,7,27,1,N,2,20447
2,1,1,2,5,5,68,1,N,2,4570
1,1,1,1,4,N,31,1,N,2,25482
1,6,1,1,5,N,12,1,N,2,24939
1,1,2,1,6,6,78,1,N,2,24340
2,6,1,2,4,7,38,1,N,2,19450
2,2,1,1,6,4,20,1,N,2,25452
2,1,1,1,3,3,43,1,N,2,10983
1,3,1,1,N,5,49,1,N,2,27252
1,1,1,1,6,7,62,1,N,2,14014
2,6,1,2,4,6,31,1,N,2,9482
2,6,1,1,3,11,58,1,N,2,20227
1,1,1,1,N,N,59,1,5,2,17321
2,1,1,1,4,N,25,1,N,2,25921
1,1,1,1,8,7,36,1,N,2,20333
2,6,1,1,0,7,59,1,N,2,21958
2,1,1,1,N,7,57,1,N,2,18273
2,6,2,2,8,7,46,1,N,2,24417
2,1,2,2,4,7,26,1,N,2,16544
2,1,1,2,7,N,12,1,N,2,20345
2,1,1,2,3,N,53,1,N,2,1699
2,1,1,2,4,7,39,1,N,2,27252
2,5,1,1,4,7,15,1,N,2,13960
2,1,1,1,9,2,39,1,N,2,26733
2,6,2,1,N,N,61,3,N,2,19080
2,6,1,1,2,7,1,1,N,2,19769
2,1,5,2,3,7,50,1,N,2,26103
2,1,2,1,3,7,30,1,N,2,18996
2,1,1,2,2,7,27,1,N,2,14069
2,1,1,0,0,8,21,1,N,2,16956
2,1,1,1,N,7,64,1,N,2,24409
2,1,3,1,0,5,36,1,N,2,1692
2,1,1,1,6,7,64,1,N,2,14832
1,1,1,1,N,3,74,1,N,2,19440
2,6,1,1,3,7,42,1,N,2,14455
2,6,1,1,3,12,12,1,N,2,24939
1,1,1,1,N,3,67,1,N,2,16900
1,1,5,2,4,9,45,1,N,2,25267
2,1,1,1,7,N,22,1,N,2,18929
2,1,1,1,9,N,36,1,N,2,27252
2,1,1,1,4,5,42,1,N,2,20379
2,6,1,2,8,7,32,1,N,2,22147
1,1,1,1,N,3,63,1,N,2,13664
2,1,2,1,6,7,43,1,N,2,22759
2,1,1,1,3,N,13,1,N,2,24260
1,6,1,1,2,10,6,1,N,2,1093
2,1,1,1,8,N,52,1,N,2,18583
2,1,1,1,9,7,61,1,N,2,18444
2,1,1,1,N,11,50,1,N,2,21254
2,1,1,2,2,7,45,1,N,2,19713
2,1,1,1,1,6,59,1,N,2,16911
1,1,1,1,5,12,44,1,N,2,7076
2,1,6,0,8,6,58,2,N,2,19999
1,1,1,1,N,N,37,1,N,2,18248
1,1,1,1,2,6,25,1,N,2,13941
2,6,1,2,2,7,5,1,N,2,21125
2,1,1,1,6,7,49,1,N,2,24694
2,1,1,1,N,12,81,1,N,2,15128
2,6,3,2,4,4,13,1,N,2,22539
2,1,2,1,4,5,59,1,N,2,7245
2,1,1,1,5,5,47,1,N,1,12562
1,4,1,1,5,N,47,3,N,2,21758
2,1,1,1,1,5,56,1,N,2,22060
2,1,1,2,8,7,57,1,N,2,24939
2,6,7,1,6,6,26,1,N,2,24607
2,6,1,1,9,7,50,1,N,2,15222
1,6,1,1,7,4,39,1,N,2,19911
2,6,1,2,N,7,43,1,N,2,11810
1,1,1,2,5,6,55,1,N,2,14420
2,4,2,1,0,7,70,1,N,2,14772
2,5,2,2,N,7,61,1,N,2,13403
2,1,1,1,N,7,76,1,N,2,19253
2,4,1,1,3,7,13,1,N,2,27252
1,1,1,1,9,2,48,1,N,2,9984
2,1,1,2,5,9,62,1,N,2,16353
1,1,1,1,8,7,39,1,N,2,14506
1,6,1,2,0,4,37,1,N,2,21145
2,1,1,1,6,3,42,1,N,2,27252
2,1,1,2,8,6,19,1,N,2,9897
2,4,1,1,6,7,12,1,N,2,27252
2,6,2,1,5,7,37,1,N,2,24652
1,5,1,1,4,7,44,1,N,2,20886
2,6,1,2,4,7,55,1,N,2,22466
2,1,1,2,7,12,75,1,N,2,2532
2,6,1,2,7,N,66,1,N,2,11903
2,1,1,1,6,3,46,1,N,2,16903
1,1,1,1,7,N,44,1,N,2,17150
1,1,3,1,6,5,60,1,N,2,24383
1,1,1,1,N,2,74,1,N,2,13342
2,6,1,1,6,9,17,1,N,2,16706
1,1,2,2,3,7,20,1,N,2,15319
1,6,1,1,2,6,30,1,N,2,20830
2,4,1,2,N,3,71,1,N,2,15910
2,5,1,1,1,9,34,1,N,2,7883
2,6,1,1,8,7,0,1,N,2,18801
2,1,9,1,0,8,56,1,N,2,2668
2,6,1,2,1,8,30,1,N,2,9359
2,1,1,1,9,7,0,2,N,2,23453
2,6,2,2,7,9,51,1,N,2,16584
1,6,1,1,3,7,20,1,N,2,11582
2,6,2,1,7,3,89,1,N,2,6792
1,6,6,2,5,4,27,1,N,2,8607
1,1,1,1,9,6,9,1,N,2,27252
2,6,1,1,N,N,70,1,N,2,11153
2,1,1,1,N,3,65,1,N,2,9862
1,6,1,1,3,7,63,1,N,2,17233
2,1,2,1,5,4,50,1,N,2,18463
2,N,6,1,9,9,69,1,N,2,16127
2,6,1,1,2,N,51,1,N,2,22576
1,6,1,2,3,3,13,1,N,2,21070
2,6,1,1,9,6,70,1,N,2,1391
2,1,1,1,6,7,48,1,N,2,23751
2,1,1,1,N,7,51,1,N,2,19113
2,1,1,1,9,9,22,1,N,2,22235
2,1,1,1,6,6,31,1,N,2,9606
2,1,1,1,2,5,15,1,N,2,13653
1,6,2,0,N,N,3,1,N,2,15694
1,1,1,2,7,7,75,1,N,2,16562
2,6,6,2,5,2,29,1,N,2,3873
1,6,1,1,9,12,49,1,N,2,15976
2,1,2,1,9,7,58,1,N,2,19731
1,1,1,1,7,7,49,1,N,2,6595
2,6,2,1,9,7,36,1,N,2,19819
2,1,1,1,6,9,71,1,N,2,7234
2,1,1,1,N,6,64,1,N,2,19866
2,1,1,1,4,7,73,1,N,2,11389
1,1,1,1,N,7,50,1,N,2,12928
1,1,1,1,9,5,30,1,N,2,5585
1,6,1,1,9,7,93,1,N,2,10286
2,1,1,1,7,N,66,1,N,2,17221
2,1,1,1,4,3,65,1,N,2,18350
1,6,1,2,7,3,48,1,N,2,12826
2,6,1,2,3,5,14,1,N,2,10893
1,1,1,1,N,N,48,1,N,2,25452
1,1,1,1,0,7,60,1,N,2,14852
2,1,1,1,6,3,43,1,N,2,22992
2,6,1,1,7,10,38,1,N,2,19829
2,1,1,1,1,1,60,1,N,2,21134
2,6,1,1,3,7,56,1,N,2,22034
1,1,1,2,8,5,54,1,N,2,20126
2,1,1,1,0,3,59,1,N,2,22894
2,6,1,1,9,5,66,1,N,2,13962
1,6,1,1,8,9,54,1,N,2,13183
2,1,1,2,1,9,84,1,N,2,24249
1,6,2,1,3,5,35,1,N,1,11085
1,4,2,1,8,6,68,1,N,2,4365
1,4,1,1,4,7,67,1,N,2,17450
2,1,1,1,4,3,2,1,N,2,16282
1,6,1,1,3,6,63,1,N,2,26784
1,6,1,2,4,12,3,1,N,2,11579
1,1,1,1,8,3,58,1,N,2,17990
1,1,1,1,6,5,45,1,N,2,15163
2,1,1,2,2,N,11,1,N,2,22392
1,6,1,1,9,N,22,1,N,2,17485
1,1,2,2,4,12,62,1,N,2,13141
2,6,1,2,2,3,26,1,N,2,1381
1,1,2,2,9,4,53,1,N,2,6611
2,1,2,1,9,9,74,1,N,2,20747
2,6,8,1,2,7,19,1,N,2,25810
1,1,1,1,6,8,54,1,N,2,11918
1,1,1,1,9,7,41,1,N,2,24939
1,6,1,1,2,4,26,1,N,2,19528
2,1,1,1,6,8,52,1,N,2,269
2,1,1,1,0,3,12,1,N,2,23259
1,4,3,2,N,N,60,1,N,2,12994
1,1,1,2,8,N,18,1,N,2,19049
2,1,1,2,8,5,34,1,6,2,22284
2,6,1,2,N,7,95,1,N,2,11624
1,1,3,1,3,N,24,1,N,2,12116
1,1,1,2,6,2,48,1,N,2,6014
2,1,1,1,9,2,59,1,N,2,8011
2,6,1,2,4,5,23,1,N,2,26506
1,2,1,1,6,5,58,1,N,2,15965
2,6,2,1,9,7,57,1,N,2,8344
2,3,1,1,9,6,72,1,N,2,3946
2,1,1,1,6,3,56,1,N,2,26556
2,6,1,2,5,7,70,1,N,2,20509
2,3,1,2,7,3,19,1,N,2,20669
2,6,1,1,9,6,75,1,N,2,19743
2,1,1,2,8,6,51,2,N,2,541
2,6,2,1,N,7,46,1,N,2,26215
1,1,1,1,2,2,67,1,N,2,17916
2,4,1,1,3,3,44,1,N,2,16905
1,3,1,1,7,7,74,1,N,2,18833
2,6,1,2,N,7,42,1,N,2,15271
2,1,1,1,8,3,82,1,N,2,12799
2,6,6,2,6,7,9,1,N,2,16346
2,1,1,1,9,N,51,1,N,2,22411
2,1,1,2,9,3,27,1,N,2,17491
2,1,1,1,N,7,60,1,6,2,27252
2,1,1,2,5,5,62,1,N,2,15294
2,6,1,1,N,N,46,1,N,2,22080
1,1,1,2,0,3,42,1,N,2,27252
2,1,1,1,N,3,25,1,N,2,26796
1,1,1,1,9,11,61,1,N,2,16082
2,6,4,1,9,N,49,1,N,1,7665
2,1,1,1,9,N,50,1,N,2,19281
2,6,1,2,2,4,28,1,N,2,5067
1,1,1,2,5,9,28,1,N,1,18656
2,6,7,1,8,6,77,1,N,2,4303
2,1,1,2,8,7,61,1,N,2,16529
1,1,1,2,1,6,21,1,N,2,14252
2,6,1,1,5,7,60,1,N,2,16245
2,6,1,1,9,9,25,1,N,2,6092
1,1,1,1,5,N,49,1,N,2,22132
2,1,1,1,9,N,61,1,N,2,11393
2,1,1,1,9,12,69,1,N,2,3983
2,1,1,1,0,10,73,1,N,2,18907
2,1,1,2,5,N,81,1,N,2,12338
2,1,1,2,0,8,13,1,N,2,4769
1,1,1,2,N,5,51,1,N,2,8784
2,1,1,1,N,7,37,1,N,2,20936
2,1,2,1,9,7,61,1,N,2,15540
2,1,1,1,0,5,42,1,N,2,27252
1,1,1,1,N,12,75,1,N,2,13558
1,1,1,1,7,7,4,1,N,2,21914
1,1,1,1,7,7,41,1,N,2,15788
2,6,2,2,2,N,13,1,N,2,18011
2,1,1,1,5,N,7,1,N,2,12474
1,1,1,1,9,8,52,1,N,2,7505
2,1,1,1,N,7,65,1,N,2,6456
2,6,1,1,4,4,18,3,N,2,7919
1,1,1,2,8,6,32,1,N,2,2558
1,1,1,1,N,7,74,1,N,2,10761
2,6,1,1,7,9,31,1,N,2,16135
2,1,2,1,7,8,69,1,N,2,14480
1,6,9,1,9,7,44,1,N,2,22665
2,6,1,2,N,7,86,1,N,2,21956
1,1,2,1,1,5,28,1,N,2,9773
2,1,1,2,9,N,62,1,N,2,22445
1,6,1,2,3,7,38,1,N,2,11242
1,1,2,2,0,5,23,1,N,2,12327
1,6,1,1,0,5,73,1,N,2,7174
2,1,1,1,7,N,55,1,N,2,15339
2,2,1,2,9,6,91,1,6,2,252
1,6,1,1,2,7,45,1,N,2,13735
2,1,1,2,9,11,56,1,N,2,16292
2,1,1,1,3,9,56,1,N,2,21730
1,1,1,1,9,11,61,1,N,2,5382
2,6,7,1,5,10,50,1,N,2,11217
2,1,1,1,6,7,69,1,N,2,22758
1,6,1,2,1,5,13,1,N,2,23559
2,1,1,1,3,8,77,1,N,2,4878
2,1,1,1,7,9,68,1,N,2,9822
1,6,1,1,6,6,8,1,N,2,24939
2,1,1,1,N,N,90,1,N,2,16508
2,6,2,2,7,7,62,1,N,2,13756
2,6,2,1,3,11,61,1,N,2,10867
1,6,1,1,6,N,4,1,N,2,20116
1,1,2,1,2,2,45,1,N,2,17938
2,1,1,1,5,7,28,1,N,2,10243
2,6,1,2,3,6,52,1,N,1,2502
2,6,2,2,9,6,27,1,N,2,8485
1,1,1,1,9,N,60,1,N,2,8773
2,1,1,1,2,6,88,1,N,2,10936
2,1,8,1,3,N,9,1,N,2,14581
2,1,1,1,3,6,48,1,N,2,16484
2,3,1,1,3,7,69,1,N,2,26399
2,1,1,1,8,7,18,1,N,2,22331
2,1,3,1,3,7,65,1,N,2,15630
2,1,1,1,3,2,2,1,N,2,23182
2,1,1,1,0,8,80,1,N,2,10772
1,1,2,1,6,10,54,1,N,2,10633
1,1,1,1,N,5,73,1,N,2,17735
1,6,2,1,0,N,22,1,N,2,18550
1,1,1,2,6,4,31,1,N,2,12606
1,1,1,1,8,N,26,1,N,2,21735
1,6,1,1,4,7,20,1,N,2,26612
2,6,1,2,5,N,32,1,N,2,27252
2,1,1,1,2,11,52,1,N,2,18548
2,1,1,1,N,7,83,1,N,2,1877
1,6,1,1,7,7,16,1,N,2,24802
2,3,2,2,0,4,59,1,N,2,7935
1,6,1,2,7,7,0,1,N,2,27252
2,1,2,1,9,7,16,1,N,2,20085
2,4,1,2,8,7,36,1,N,2,21385
1,1,1,1,3,7,71,1,N,2,19406
1,1,1,1,9,7,81,1,N,2,19944
2,6,1,2,7,4,16,1,N,2,17728
1,4,1,1,2,7,38,1,N,2,7798
2,3,1,1,6,2,39,1,N,2,9253
1,6,1,1,N,N,30,1,N,2,16558
2,6,1,2,2,6,72,1,N,2,11993
1,1,1,1,9,7,65,1,N,2,15911
1,6,1,1,8,7,51,1,N,2,23265
2,6,8,2,0,5,8,1,N,2,18273
1,1,2,1,0,7,30,1,N,2,1763
1,1,1,1,6,11,10,1,N,2,22806
1,5,1,2,2,N,59,1,N,2,21855
2,1,1,2,8,10,49,1,N,2,14416
2,6,1,1,3,7,64,1,N,2,6409
2,6,1,2,0,5,25,1,N,2,25931
1,6,1,2,5,7,40,1,N,2,18349
1,1,1,1,8,5,59,1,N,2,24939
2,6,9,2,8,7,72,1,N,2,3369
2,6,2,1,3,5,65,1,N,2,12397
1,6,1,1,5,5,19,1,N,2,8476
2,1,1,1,9,8,25,1,N,2,14405
1,6,1,2,2,5,49,1,N,2,13302
2,1,2,1,8,6,55,1,N,2,17961
2,1,2,1,8,7,80,1,N,1,25239
1,4,1,1,1,7,61,1,N,2,6274
2,1,1,2,6,9,53,1,N,2,17718
2,6,7,2,2,7,8,1,N,2,22404
1,6,1,2,6,5,41,2,N,2,4578
1,6,1,1,0,7,67,1,N,2,3615
2,6,2,1,4,7,70,1,N,2,19897
2,1,5,1,9,3,95,1,N,2,8867
2,6,2,2,1,4,3,1,N,2,17339
2,1,1,2,N,7,87,1,N,2,20885
2,1,1,1,N,4,58,1,N,2,18461
2,1,1,1,8,2,70,1,N,2,1257
2,6,2,2,2,6,21,1,N,2,19579
2,1,9,1,9,7,60,1,N,2,10605
1,1,1,1,8,N,55,1,N,2,15949
2,1,1,1,4,9,39,1,N,2,27252
1,6,1,1,6,5,56,1,N,2,24271
2,1,1,1,7,7,35,1,N,2,21962
2,1,1,1,N,7,79,1,N,2,11845
1,1,7,2,8,7,17,2,N,2,18848
2,1,1,1,1,11,53,1,N,2,8268
1,4,1,1,2,5,54,1,N,2,15000
2,1,2,2,2,8,56,1,N,2,14116
2,1,1,2,2,2,80,1,N,2,16928
2,6,2,0,0,1,30,1,N,2,0
2,1,1,0,0,7,5,1,N,2,10761
2,1,1,1,N,7,30,1,N,2,21516
2,4,9,1,4,7,68,1,N,2,24493
1,6,2,2,6,6,32,1,N,2,25616
1,N,1,1,0,6,0,2,N,2,18547
2,1,1,1,0,7,77,1,N,2,9100
2,6,5,2,6,6,4,1,N,2,14954
1,6,1,2,8,4,38,1,N,2,12277
2,1,1,1,9,N,69,1,N,2,15644
2,1,1,1,2,3,56,1,N,2,23984
2,1,3,2,0,5,63,1,N,2,11085
2,1,1,1,7,3,62,1,N,2,20027
1,1,1,1,N,7,58,1,N,2,21261
2,6,2,2,6,6,46,1,N,2,16571
2,1,2,1,9,7,56,1,N,2,9401
1,6,1,1,9,6,62,1,N,2,27252
1,6,6,2,0,6,56,1,N,2,17336
1,1,1,2,3,6,12,1,N,2,8805
1,1,1,1,7,7,60,1,N,2,6114
2,6,1,1,8,N,55,1,N,2,11651
1,6,2,2,7,7,30,1,N,2,14521
2,1,1,2,7,11,34,1,N,2,12985
1,6,1,2,9,7,61,1,N,2,7361
2,1,1,2,7,9,59,1,N,2,21620
2,5,1,1,5,6,51,1,N,2,17229
2,3,1,1,2,9,13,1,N,2,5954
1,1,2,2,6,7,21,1,N,2,2851
1,1,1,1,3,N,33,1,N,2,27252
1,6,1,1,N,N,12,1,N,2,27238
2,6,2,1,8,7,26,1,N,2,16520
2,4,1,1,9,11,79,1,N,2,18268
2,6,1,1,6,N,49,1,N,2,26690
1,1,2,1,N,7,67,1,N,2,22898
2,1,1,1,N,3,46,1,N,2,15167
1,6,2,1,3,7,3,1,N,2,21739
2,1,1,1,5,3,48,1,N,2,14417
2,1,2,2,2,8,56,2,N,2,16333
2,1,1,1,9,11,55,1,N,2,21792
1,6,1,2,N,2,11,1,N,2,19933
2,6,7,1,4,3,29,1,N,2,22681
1,1,1,1,N,2,77,1,N,2,20193
2,6,1,2,5,2,48,2,4,2,4061
2,1,1,1,5,N,56,1,N,2,19660
2,6,1,1,2,7,22,1,N,2,22707
1,6,1,1,2,6,26,1,N,2,18495
2,1,1,2,N,7,68,1,N,2,8046
1,6,2,2,2,7,9,1,N,2,20539
1,1,1,1,3,2,85,1,N,2,19203
2,6,1,1,0,7,23,1,N,2,14140
1,6,1,2,7,7,35,1,N,2,19343
2,1,1,1,8,7,55,1,N,2,27252
2,5,7,1,N,5,43,1,N,2,11323
1,5,1,2,6,N,13,1,N,2,19534
2,1,1,1,7,7,55,1,N,2,21954
2,1,1,1,9,9,56,1,N,2,20071
1,2,9,2,2,6,15,1,N,2,17023
2,4,2,1,5,7,85,1,N,2,11778
2,6,1,0,8,6,34,1,N,2,23468
2,1,1,2,9,8,75,1,N,2,22201
2,1,1,2,N,7,17,1,N,2,27091
1,6,1,2,7,N,75,1,N,2,19716
1,6,2,2,4,6,59,1,N,2,5421
2,1,1,1,3,11,63,1,N,2,11603
1,1,1,1,5,3,51,1,N,2,27252
2,1,2,1,7,7,65,1,N,2,24939
2,6,1,2,0,4,2,1,N,2,18682
2,6,1,1,9,6,12,1,N,2,15273
2,6,1,1,6,N,55,1,N,2,22313
2,1,1,1,N,7,51,1,N,2,18018
2,1,2,1,8,7,92,1,N,2,6028
1,4,1,1,4,1,95,2,N,2,18319
2,1,1,1,N,N,11,1,N,2,18609
2,3,1,1,1,N,75,1,N,2,19544
2,1,1,1,5,N,62,1,N,2,19761
2,6,8,1,1,7,33,1,N,2,13090
1,6,3,1,8,3,0,1,N,2,26738
2,3,1,1,1,11,3,1,N,2,18094
2,6,1,2,4,7,23,1,N,2,19483
2,6,1,1,0,9,63,1,N,2,18859
1,1,1,2,7,7,35,1,N,2,8809
2,6,1,1,8,7,71,1,N,2,24054
2,1,1,2,6,3,80,1,N,2,18792
2,6,1,1,6,4,5,1,N,2,27252
2,4,2,1,3,7,33,1,N,2,11019
1,1,1,1,N,7,16,1,N,2,14557
2,6,1,1,N,N,31,1,N,2,20862
2,3,1,1,4,3,12,1,N,2,2371
1,6,1,1,1,5,30,1,N,2,15732
1,6,1,1,7,6,15,1,N,2,15363
2,1,1,1,8,9,49,1,N,2,17171
1,6,2,1,5,7,59,2,N,2,8503
2,1,2,2,4,7,25,1,N,2,7254
1,1,1,2,0,7,47,1,N,2,10700
1,1,1,1,8,N,83,1,N,2,19334
2,1,2,1,8,7,32,1,N,2,18663
1,1,8,1,8,7,13,1,N,2,15505
1,1,2,1,1,3,20,1,N,2,1801
1,6,1,2,1,5,19,1,N,2,14070
1,1,1,1,1,N,46,1,N,2,22958
1,1,4,1,4,9,57,1,N,2,1623
2,6,1,2,N,7,19,1,N,2,23988
2,6,1,1,1,2,69,1,N,2,4926
1,5,6,1,7,6,51,1,N,2,10477
2,1,1,1,5,6,46,1,N,2,24064
1,1,1,1,8,2,67,1,N,2,19215
2,6,1,1,6,N,50,1,N,2,3245
1,1,1,2,0,7,93,1,N,2,18246
1,1,1,1,8,N,10,1,N,2,27252
1,1,1,1,8,8,41,1,N,2,5686
2,1,1,1,9,7,71,1,N,2,3580
1,6,1,1,N,7,85,1,N,2,17963
2,6,1,1,9,N,47,1,N,2,24302
1,1,1,2,4,7,3,1,N,2,24017
2,1,1,1,8,4,73,1,N,2,24075
1,1,2,1,6,7,50,1,N,2,21963
2,1,1,1,3,11,72,1,N,2,18842
2,1,1,2,2,8,59,1,N,2,14194
2,1,1,1,9,10,58,1,N,2,21673
1,1,1,1,8,7,95,1,N,2,19131
1,1,1,1,0,N,21,1,N,2,26891
1,1,2,1,5,7,33,1,N,2,22023
2,6,1,2,8,7,69,1,N,2,14924
1,1,1,1,6,N,83,1,N,2,22945
2,1,9,1,1,11,69,1,N,2,19028
2,6,1,1,N,7,46,1,N,2,12952
1,4,1,1,7,7,37,1,N,2,2951
2,6,1,2,2,8,63,1,N,2,16994
2,1,1,1,0,1,0,1,N,2,2265
2,1,1,2,N,2,83,1,N,2,13360
2,1,1,1,2,N,64,1,N,2,7252
2,6,2,1,1,5,19,1,N,2,20457
1,1,1,1,0,12,67,1,6,2,19510
1,6,1,1,5,N,43,1,N,2,15229
1,1,3,1,5,6,56,3,N,2,20934
2,1,1,1,4,5,35,1,N,2,10159
2,6,1,2,7,7,59,1,N,2,23139
2,1,8,1,6,8,60,1,N,2,8880
2,1,1,1,7,7,29,1,N,2,15162
2,1,1,1,N,7,49,1,N,2,19293
1,1,1,1,N,7,63,1,N,2,23482
1,1,1,1,5,3,10,1,N,2,16843
2,6,2,2,8,7,26,1,N,2,15069
1,6,1,2,1,5,14,1,N,2,11271
1,1,1,2,9,N,47,1,N,2,27252
2,1,1,1,5,3,21,1,N,2,16128
2,1,1,1,N,7,11,1,N,2,24639
1,6,1,1,6,7,42,1,N,2,11932
2,1,1,1,4,7,73,1,N,2,21108
1,1,1,1,4,5,39,1,N,2,15986
2,4,1,1,3,4,24,1,N,2,21474
1,1,1,1,2,N,35,1,N,2,16084
1,6,1,0,4,7,4,1,N,2,20430
2,6,2,2,7,4,14,1,N,2,11853
1,4,1,1,4,11,28,1,N,2,27252
1,1,1,1,N,3,3,1,N,2,16843
1,1,1,1,N,7,51,1,N,2,25910
2,4,1,1,N,N,58,1,N,2,12871
1,6,1,1,8,12,41,1,N,2,511
2,1,1,1,3,6,45,1,N,2,17551
1,5,4,1,5,6,19,1,N,2,22364
1,1,1,1,9,7,68,1,N,2,17429
2,1,1,1,7,3,68,1,N,2,23224
2,1,1,1,8,7,55,1,N,2,13019
1,1,1,1,8,2,31,1,N,2,15777
2,6,8,2,N,6,62,1,N,2,17102
2,6,1,2,3,6,49,1,N,2,23689
2,1,3,1,0,7,9,1,N,2,15299
2,6,1,1,3,4,51,1,N,2,1692
2,1,1,2,6,7,31,1,N,2,19032
2,N,1,1,2,7,25,1,N,2,15674
1,1,2,1,7,12,27,1,N,2,14368
2,1,1,1,N,N,55,1,N,2,18062
2,6,1,2,4,9,27,1,N,2,2555
2,1,1,1,2,7,40,1,N,2,15401
2,6,1,2,2,5,32,1,N,2,23796
2,1,1,1,5,N,55,1,N,2,24939
1,1,4,1,4,8,36,1,N,2,17341
1,1,8,2,5,7,37,1,N,2,21530
1,1,1,2,7,11,60,3,3,2,24939
2,6,1,1,5,6,9,1,N,2,11219
1,1,1,1,3,10,39,1,N,2,10705
1,1,2,1,N,N,81,1,N,2,19701
2,6,3,0,0,2,90,1,N,2,8705
2,6,2,1,0,6,84,1,N,2,13851
1,6,1,1,N,7,56,1,N,2,16451
1,1,1,1,7,N,45,1,N,2,10140
2,1,1,1,3,7,57,1,N,2,16024
2,6,1,1,9,3,29,1,N,2,27252
2,1,1,1,0,4,68,1,N,2,1057
1,1,8,0,1,7,9,1,N,2,15695
2,6,1,2,0,5,41,2,N,2,9427
1,1,1,1,N,4,23,1,N,1,19357
1,6,2,1,4,7,30,1,N,2,22698
1,1,1,2,2,N,64,1,N,2,14189
1,1,1,1,6,7,26,1,N,2,19943
1,1,2,2,6,7,77,2,N,2,15791
2,1,1,2,9,3,78,1,N,2,6812
2,1,1,1,0,11,32,1,N,2,23543
1,6,1,2,N,6,5,1,N,2,20054
1,6,1,1,6,5,56,1,N,2,20165
1,3,1,1,2,11,55,1,N,2,13854
2,6,2,1,N,N,54,1,N,2,25396
2,1,1,2,N,7,36,1,N,2,24770
1,1,1,1,4,6,47,1,N,2,14130
1,1,1,1,N,7,48,1,N,2,14416
2,6,2,1,N,7,76,1,N,2,22455
1,1,1,2,N,6,48,1,N,2,24259
1,1,1,2,9,N,93,1,N,2,18792
1,1,1,1,4,N,49,1,N,2,17649
1,6,1,2,2,6,22,1,N,2,3603
2,3,1,1,5,6,69,1,N,2,21548
1,6,1,1,7,N,10,1,N,2,21039
1,1,2,1,8,N,33,1,N,2,22585
1,6,1,1,2,2,74,1,N,2,8210
2,6,1,1,0,3,80,1,N,2,19034
2,6,1,2,2,5,30,1,N,2,13550
1,6,1,1,9,6,32,1,N,2,12314
1,1,1,1,3,10,35,1,N,2,12680
2,6,2,1,0,7,37,1,N,2,18496
1,6,1,1,1,11,0,1,N,2,27176
2,1,1,1,6,N,33,1,N,2,23293
2,1,1,1,N,7,26,1,N,2,21806
2,6,1,1,4,5,13,1,N,2,14244
2,6,1,2,2,7,23,1,N,2,20968
1,1,1,2,7,N,41,1,N,2,15002
1,1,2,1,5,7,89,1,N,2,8438
1,1,1,2,4,7,10,1,N,2,20373
1,1,1,1,8,7,22,1,N,2,27252
2,6,1,1,3,8,2,1,N,2,13632
1,1,1,1,9,9,29,1,N,2,22320
1,6,5,1,8,5,47,1,N,2,13499
2,1,1,1,7,N,20,1,N,2,18883
2,1,1,1,N,3,55,1,N,2,21791
2,4,1,1,7,7,25,1,N,2,18876
1,3,1,1,2,9,2,1,N,2,14411
2,6,1,2,2,6,19,1,N,2,20054
1,6,2,2,N,6,22,1,N,2,25339
2,6,7,2,3,9,8,1,N,2,16264
1,1,2,2,1,7,64,1,N,2,27252
1,1,6,1,8,2,25,1,N,2,27124
2,2,1,1,8,6,12,1,N,2,27252
2,4,9,2,0,4,46,1,N,2,1692
1,3,1,1,8,7,33,1,N,2,16843
1,1,2,2,2,6,37,1,N,2,18696
2,1,1,1,2,7,27,1,N,2,25994
1,6,4,1,0,6,27,1,N,2,2985
2,1,2,1,9,5,11,1,N,2,15313
1,6,1,1,7,9,34,1,N,2,17777
1,1,1,1,7,6,68,1,N,2,10089
2,1,1,1,5,7,26,1,N,2,21138
2,1,6,1,N,3,58,1,N,2,27252
1,6,1,2,5,7,16,1,N,2,18170
2,2,1,1,8,6,62,1,N,2,25607
2,6,1,1,0,8,54,3,N,2,27252
2,1,8,1,7,7,72,1,N,2,10700
2,6,1,2,9,7,5,1,N,2,27252
1,6,1,1,2,4,9,1,N,2,24894
2,1,1,1,8,3,64,2,N,2,3905
1,1,1,1,8,7,0,2,N,2,27252
2,6,1,1,4,6,20,1,N,2,24665
1,1,1,1,8,7,69,1,N,2,23569
2,1,1,1,N,2,59,1,N,2,8618
1,1,1,1,8,1,32,1,N,2,19872
2,1,1,1,8,7,71,1,N,2,11406
1,1,1,1,9,N,30,1,N,2,18307
2,1,1,1,0,8,15,1,N,2,16089
2,6,8,2,8,9,32,1,N,2,17649
2,1,1,1,7,7,66,1,N,2,9942
2,6,1,1,9,7,39,1,N,2,24939
2,6,1,2,6,N,51,1,N,2,4276
2,1,3,1,3,7,44,1,N,2,20688
2,1,1,1,8,6,36,1,N,2,22528
2,1,1,1,6,9,82,1,N,2,15115
2,3,6,2,3,11,1,1,N,2,20428
2,1,1,1,6,2,46,1,N,2,25955
2,1,1,1,6,N,26,1,N,2,20199
2,1,1,1,2,6,58,1,N,2,0
2,1,1,1,6,7,79,1,N,2,22629
2,6,1,2,6,6,37,1,N,2,27252
2,4,2,1,3,5,81,1,N,2,0
2,6,1,2,9,7,30,1,N,2,12198
1,6,1,2,5,9,54,1,N,2,11323
2,6,1,1,4,5,42,1,N,2,11793
1,1,1,1,0,1,53,1,N,2,22111
2,6,1,2,N,3,41,1,N,2,22053
1,6,1,1,1,6,6,1,N,2,19919
2,6,1,1,4,5,69,1,N,2,13484
1,6,1,1,N,7,76,1,N,2,15574
1,1,1,1,9,N,9,1,N,2,17565
1,6,1,1,6,7,27,1,N,2,24438
1,6,2,1,6,N,63,1,N,2,16695
2,1,1,1,5,7,40,1,N,2,21745
1,1,2,2,7,7,87,1,N,2,5799
2,6,1,1,N,7,19,1,N,2,4625
2,6,1,2,9,7,29,1,N,2,19099
2,1,1,1,8,7,59,1,N,2,27027
2,1,1,1,0,7,63,1,N,2,20525
2,1,1,1,6,3,76,1,N,2,20474
2,6,1,1,8,7,36,1,N,2,22647
2,1,1,2,8,7,31,1,N,2,27252
2,1,1,1,9,3,45,1,N,2,16843
1,6,1,1,N,3,72,1,N,2,6576
1,3,1,1,9,7,67,1,N,2,15621
1,6,2,2,0,5,43,1,N,2,18103
1,1,1,2,0,4,69,1,N,2,16012
2,6,2,2,0,6,66,1,N,2,10707
2,6,9,1,0,7,55,1,N,2,27252
2,1,2,1,9,7,46,1,N,2,23571
2,6,1,2,1,3,36,1,N,2,6973
2,1,1,1,N,7,42,1,N,2,27252
2,1,1,1,8,9,86,1,N,2,21190
2,1,7,2,0,9,10,1,N,2,13443
2,1,2,1,2,6,56,1,N,2,20849
1,6,1,2,8,7,54,1,N,2,15986
2,4,2,2,1,5,21,1,N,2,5289
2,1,1,1,7,12,53,1,N,2,18230
1,2,1,2,9,9,42,1,N,2,17416
2,4,2,1,6,2,54,1,N,2,26791
1,6,1,1,5,5,39,1,N,2,9132
2,3,1,1,1,2,67,1,N,2,18157
1,1,1,2,3,7,47,1,N,2,16988
2,1,1,1,6,11,51,1,N,2,22433
2,1,1,2,8,6,23,1,N,2,18753
2,6,1,2,9,9,38,1,N,2,17739
2,1,1,1,0,N,68,1,N,2,23540
2,6,3,2,2,5,24,1,N,2,15925
1,1,1,1,9,7,28,1,N,2,20289
2,1,1,1,9,N,64,1,N,2,14105
2,6,2,1,0,N,12,1,N,2,27252
2,1,1,1,9,9,67,1,N,2,22588
2,1,1,1,N,7,36,1,N,2,2748
1,6,1,1,4,9,31,1,N,2,10566
2,1,1,1,9,N,25,1,N,2,15818
2,1,1,1,1,5,73,3,N,2,21464
2,6,1,1,N,7,68,1,N,2,22396
1,1,1,1,9,2,65,1,N,2,19406
2,1,1,1,4,3,65,1,N,2,14266
2,1,1,1,4,6,43,1,N,2,26683
1,6,1,1,0,9,46,1,N,2,21951
1,1,2,1,7,5,59,1,N,2,11803
1,1,2,1,3,6,46,1,N,2,1692
2,6,1,1,1,1,33,1,N,2,25880
1,1,1,1,3,N,31,1,N,2,20615
2,6,1,1,0,7,49,1,N,2,27252
1,6,1,2,4,7,20,1,N,2,21350
2,6,1,2,0,5,70,1,N,2,23415
2,3,1,1,5,N,38,1,N,2,24816
2,1,1,1,9,7,6,1,N,2,27252
2,1,1,1,4,7,40,1,N,2,9834
2,1,1,2,N,7,20,1,N,2,7317
1,6,1,2,2,9,40,3,N,2,22729
2,6,2,2,0,5,10,1,N,2,17737
2,1,1,2,7,7,27,1,N,2,14995
2,6,6,1,4,5,28,1,N,2,17238
2,1,1,1,9,6,45,1,N,2,23153
1,1,1,1,N,3,47,1,N,2,24301
2,4,1,1,N,N,81,1,N,2,19511
1,1,1,1,N,7,54,1,N,2,1146
2,1,1,1,5,1,29,1,N,2,12925
2,6,1,1,4,9,0,1,N,2,11894
2,1,1,1,7,9,43,1,N,2,16848
1,6,2,2,2,5,28,1,N,2,14227
1,6,2,2,0,7,31,1,N,2,12874
2,1,1,2,3,2,44,1,N,2,6184
2,1,1,1,6,7,55,1,N,2,9660
2,6,2,1,9,7,26,1,N,2,16506
1,1,1,1,8,7,49,1,N,2,10101
2,1,1,1,6,2,31,1,N,2,27252
2,6,1,1,3,8,41,1,N,2,25151
2,1,1,1,5,2,39,1,N,2,11985
1,1,1,1,4,7,35,1,N,2,19914
1,1,1,1,9,7,46,1,N,2,20150
2,6,1,2,5,6,52,1,N,2,12771
2,6,1,1,4,7,30,1,N,2,11126
2,1,1,2,N,7,33,1,N,2,20779
2,1,1,1,4,7,16,1,N,2,13209
1,1,1,1,6,6,67,1,N,2,17411
2,1,1,1,4,9,50,1,N,2,13607
2,6,2,2,6,3,39,1,N,2,13724
2,4,1,2,9,3,61,1,N,2,19891
1,6,1,1,9,7,5,1,N,2,27252
1,6,3,1,8,4,67,1,N,2,18388
1,6,1,2,1,8,4,1,N,2,27252
2,1,1,1,7,N,48,1,N,2,20980
2,6,1,1,3,7,43,1,N,2,12114
2,1,1,1,N,N,82,1,N,2,15539
1,1,1,0,4,10,46,1,N,2,21906
1,4,1,2,1,8,62,1,N,2,20232
2,6,1,2,2,7,19,1,N,2,21522
2,1,1,1,N,7,63,1,N,2,17528
2,1,2,1,0,7,29,1,N,2,9345
2,6,6,1,7,7,20,1,N,2,23977
1,3,1,1,N,7,40,1,N,2,13628
2,6,1,2,2,1,51,1,N,2,23695
1,1,1,2,1,4,81,1,N,2,11883
2,1,1,1,5,5,65,1,N,2,9458
1,1,1,1,2,11,68,1,N,2,1454
1,6,3,1,3,9,50,1,N,2,13039
2,1,1,1,4,12,63,1,N,2,19380
1,1,2,0,8,5,4,1,N,2,19392
1,6,2,2,N,7,61,1,N,2,18807
2,1,1,1,N,N,50,1,N,2,27252
2,1,1,1,1,4,79,1,N,2,10644
2,1,1,1,8,3,43,1,N,2,14771
2,6,1,1,0,4,20,1,N,2,18964
2,1,1,1,8,6,61,1,N,2,19471
2,4,1,1,N,N,69,1,N,2,21485
1,6,1,1,4,6,74,1,N,2,6041
2,6,1,2,0,N,47,1,N,2,22253
2,4,6,2,7,7,76,1,N,2,14698
2,1,1,1,7,9,32,1,N,1,12129
2,1,2,1,2,6,22,1,N,2,19844
1,1,1,1,2,6,57,1,N,2,21477
2,5,1,1,N,N,74,1,N,2,6927
2,1,1,1,1,9,65,1,N,2,2310
2,6,1,2,8,7,47,1,N,2,4137
1,1,2,1,4,1,50,1,N,2,11448
2,1,2,1,8,N,47,1,N,2,18151
2,1,1,1,N,7,80,1,N,2,21370
2,1,1,1,1,N,55,1,N,2,25139
2,6,1,1,2,6,42,1,N,2,16421
1,1,1,0,0,6,40,1,N,2,18585
2,1,1,1,8,10,67,1,N,2,10488
2,4,1,2,9,N,62,1,N,2,10880
2,6,2,1,1,6,27,1,N,2,12330
2,1,1,1,N,7,31,2,N,2,27252
2,1,1,2,7,N,53,1,N,2,14576
1,1,1,1,7,10,45,1,N,2,14112
2,1,1,1,1,6,30,1,N,2,21319
1,6,1,0,N,7,8,1,N,2,22203
2,1,1,1,9,N,72,1,N,2,9427
2,1,1,1,7,N,47,1,N,2,11534
2,1,1,2,8,N,63,1,N,2,20518
1,6,2,2,6,N,26,1,N,2,11581
2,1,1,1,6,7,48,1,N,2,5704
2,6,1,1,0,4,0,1,N,2,24159
2,1,1,1,7,11,33,1,N,2,16442
2,6,1,2,5,6,53,1,N,2,8816
2,1,1,1,9,N,51,1,N,2,20358
1,1,1,1,5,8,8,1,N,2,14454
1,1,1,1,8,3,7,1,N,2,25577
2,1,1,1,9,7,63,1,N,2,0
2,6,1,1,5,7,20,1,N,2,11235
1,1,9,1,4,7,26,1,N,2,23652
1,6,1,2,1,4,36,1,N,2,17572
2,1,2,2,N,N,76,1,N,2,3833
1,6,2,1,6,7,36,1,N,2,5505
2,6,2,0,6,7,24,1,N,2,14309
1,3,1,2,7,7,66,1,N,2,0
1,6,1,1,4,5,19,1,N,2,19206
1,1,2,2,N,N,58,1,N,2,16411
1,6,1,2,N,7,30,1,N,2,27128
1,1,1,1,3,9,36,1,N,2,16614
2,1,1,1,N,7,46,1,N,2,23788
2,1,1,1,N,4,0,1,N,2,24939
1,6,2,1,5,6,7,1,N,2,14004
2,1,1,1,0,7,64,1,N,2,22096
2,1,1,1,N,N,24,1,N,2,22378
1,1,1,1,5,7,54,1,N,2,18421
1,1,1,1,7,7,78,1,N,2,10220
2,6,1,2,N,7,53,1,N,2,10420
2,6,1,1,3,8,0,1,N,2,24939
1,1,1,1,N,N,57,1,N,2,20634
2,6,1,0,N,7,3,1,N,2,23870
1,1,1,1,N,7,30,1,N,2,17652
2,4,2,2,3,7,5,1,N,2,17861
1,1,1,2,7,7,0,1,N,2,21696
2,1,1,1,5,4,12,1,N,2,24239
1,1,1,1,1,5,79,1,N,2,8712
1,1,1,1,0,12,60,1,N,2,27252
1,3,1,2,2,6,68,1,N,2,23471
2,1,1,2,2,7,12,1,N,2,14582
2,1,1,1,9,N,34,1,N,2,18819
2,6,1,1,9,7,62,1,N,2,18430
1,6,2,1,6,6,45,1,N,2,1692
2,3,1,1,2,7,50,1,N,2,4900
2,6,2,2,3,5,46,1,N,2,9436
1,6,1,1,7,N,71,1,N,2,12454
2,1,1,1,7,7,41,1,N,2,15868
1,6,1,1,1,7,0,1,N,2,24939
2,6,1,1,7,8,71,1,N,2,9427
2,1,1,2,8,7,21,1,N,2,15076
1,4,1,1,8,3,51,1,N,2,21538
1,6,1,1,2,8,30,1,N,2,19610
2,1,1,1,9,7,21,1,N,2,22182
2,1,8,1,5,10,73,1,N,2,26462
2,6,2,1,4,6,2,1,N,2,17056
1,1,1,1,6,N,75,1,N,2,25254
1,1,1,2,2,7,94,1,N,2,14083
2,1,1,1,7,7,71,1,N,2,16691
2,6,1,1,0,5,15,1,N,2,14277
1,1,1,1,7,5,66,1,N,2,13443
1,1,1,2,7,7,5,1,N,2,27252
2,6,2,1,5,7,0,1,N,2,22686
2,1,1,1,4,6,37,1,N,2,20737
2,1,1,1,N,N,82,1,N,2,14370
1,N,1,1,N,7,76,1,N,2,21259
2,1,2,1,2,6,29,1,N,2,15388
2,1,1,1,4,5,39,1,N,2,0
1,4,1,2,6,N,44,1,N,2,1440
2,3,2,1,4,N,33,1,N,2,26629
2,1,2,1,6,7,20,1,N,2,2001
2,6,1,2,3,7,22,1,N,2,21491
1,1,1,1,N,7,68,3,N,2,21416
2,1,2,2,6,7,41,1,N,2,8781
2,1,1,2,8,N,63,1,N,2,18023
2,1,1,1,9,N,47,1,N,2,22544
2,1,1,2,N,N,50,1,N,2,27252
1,1,2,1,6,7,20,1,N,2,19424
1,1,1,1,5,11,56,1,6,2,11144
1,6,2,1,3,2,67,1,N,2,21487
2,6,9,2,0,5,0,1,4,2,13774
2,1,1,2,N,7,51,1,N,2,27252
2,1,1,2,2,2,58,1,N,2,4755
2,1,2,1,8,N,30,1,N,2,27252
1,1,1,1,6,6,51,1,N,2,9045
1,1,1,1,7,N,29,1,N,2,23952
1,3,1,1,5,2,32,1,N,2,9237
2,1,1,1,7,7,60,1,N,2,4722
1,3,1,1,6,9,72,1,N,2,11266
2,6,1,2,0,3,65,1,N,2,0
2,N,1,1,1,5,18,3,N,2,14148
2,4,9,1,9,5,15,1,N,2,15336
1,1,1,1,N,7,39,1,N,2,443
1,1,1,1,0,N,17,1,N,2,19347
2,1,1,1,N,N,65,1,N,2,16843
2,1,1,1,2,7,32,1,N,2,19485
1,6,2,1,9,7,13,1,N,2,22579
2,6,1,1,9,N,68,1,N,2,16515
2,6,1,2,7,7,41,1,N,2,16249
1,4,1,2,1,7,10,1,N,2,16450
2,6,1,2,0,5,13,1,N,2,21128
1,1,2,1,7,11,64,1,N,2,0
1,1,1,1,8,N,1,1,N,2,5310
2,6,1,1,9,1,64,1,N,2,20635
1,6,1,0,9,6,0,1,N,2,23291
1,1,1,2,3,5,6,1,N,2,21497
1,6,1,1,1,6,95,1,N,2,8357
1,1,2,1,0,5,43,1,N,2,11387
2,6,1,1,N,7,39,1,N,2,12799
2,1,2,1,1,N,76,1,N,2,11725
1,3,1,1,9,7,87,1,N,2,18295
1,4,1,1,7,7,8,1,N,2,27252
1,4,1,1,4,5,8,1,N,2,13697
1,1,1,1,5,5,16,1,N,2,15409
1,1,1,2,4,10,62,1,N,2,1782
2,1,1,1,3,1,27,1,N,2,1804
2,6,2,2,2,5,31,1,N,2,6998
2,6,2,1,1,4,20,1,N,2,9047
2,6,1,1,7,N,52,1,N,2,17402
2,1,6,1,N,7,43,1,N,2,12568
1,1,1,1,5,3,77,1,N,2,12890
2,4,4,1,3,6,10,1,N,2,18036
2,1,1,2,5,3,43,1,N,2,24939
2,1,1,1,0,3,52,1,N,2,19719
2,1,1,1,9,7,69,1,N,2,9465
2,N,2,1,3,7,25,1,N,2,20691
2,1,1,1,9,3,67,1,N,2,18655
1,6,2,2,7,6,23,1,N,2,16534
2,4,1,1,4,9,60,1,N,2,1531
2,1,1,1,N,7,73,1,N,2,3175
2,6,1,1,N,3,63,1,N,2,10465
1,1,1,1,5,7,45,1,N,2,25341
2,6,9,2,5,2,36,1,N,2,5435
1,1,2,1,3,6,14,1,N,2,23530
1,4,1,2,5,6,61,1,N,2,6545
1,1,6,1,8,11,44,1,N,2,17046
2,1,1,1,3,N,62,1,N,2,18238
2,1,6,1,7,9,4,1,N,2,20660
2,1,1,2,5,3,78,1,N,2,14873
2,6,1,1,7,7,50,1,N,2,20511
1,1,1,1,N,7,70,1,N,2,11259
2,1,2,2,9,7,42,1,N,2,10093
2,2,1,1,5,12,38,1,N,2,27252
2,1,1,1,9,N,35,1,N,2,23922
1,1,1,2,3,7,79,1,N,2,9885
2,1,1,1,N,N,51,1,N,2,26407
2,1,1,1,5,6,49,1,N,2,10797
1,1,1,1,N,4,70,1,N,2,24249
2,1,1,1,9,7,33,1,N,2,20577
2,3,2,1,4,6,58,1,N,2,1994
2,1,1,1,8,N,83,1,N,2,8523
1,1,1,1,N,3,80,1,N,2,22323
2,6,1,2,8,5,43,1,N,2,16993
1,1,9,1,7,2,61,1,N,2,4090
1,4,1,2,6,N,18,1,N,2,19150
2,6,1,1,7,1,13,1,N,2,19459
2,1,2,1,9,7,10,1,N,2,18712
1,1,1,1,0,5,61,1,N,2,10836
2,1,1,1,4,6,95,1,N,2,9427
2,6,8,2,6,7,36,1,N,2,13588
1,1,1,1,8,7,76,1,N,2,11312
2,6,1,1,2,4,56,1,N,2,17091
1,N,1,2,2,9,48,1,N,2,17554
2,6,1,1,8,7,24,1,N,2,11951
1,1,2,1,2,5,23,1,N,2,18799
2,1,1,1,4,9,84,1,N,2,15340
1,6,1,1,0,N,55,1,N,2,14701
2,6,2,2,N,7,41,1,N,2,11934
1,6,2,1,9,7,31,1,N,2,27252
1,6,1,1,8,7,35,1,N,2,21478
2,6,1,1,7,8,88,1,N,2,0
2,3,1,1,8,2,85,1,N,2,24935
2,1,7,1,8,2,54,2,N,2,12318
2,6,1,1,4,7,42,1,N,2,12506
2,1,1,1,6,11,65,1,N,2,1775
2,6,9,1,0,11,85,1,N,2,10420
2,6,1,1,5,6,13,1,N,2,17407
1,1,1,1,N,6,67,1,N,2,5748
2,6,5,1,9,6,60,1,N,2,13297
2,1,1,1,9,N,29,1,N,2,16816
2,6,2,1,8,7,91,1,N,2,15478
2,6,1,1,3,8,28,1,N,1,9867
1,6,2,2,9,7,43,1,N,2,27080
1,1,1,1,7,7,58,1,N,2,25012
1,6,2,2,8,9,51,1,N,2,27252
2,6,1,2,5,8,52,1,N,2,13707
1,6,1,1,3,9,36,1,N,2,19490
1,4,1,1,6,1,54,1,N,2,6581
2,1,6,1,4,7,3,1,N,2,24898
2,1,1,1,8,3,77,1,N,2,3960
1,6,6,1,5,6,35,1,N,2,15488
2,6,2,0,3,6,64,2,N,1,9880
2,6,1,1,N,N,14,1,N,2,19386
2,6,1,1,3,7,87,1,N,2,25252
1,1,1,2,9,N,94,1,N,2,5099
1,4,2,1,1,6,61,1,N,2,21466
1,1,2,1,N,3,80,1,N,2,16232
1,1,1,2,9,3,58,1,N,2,7547
2,1,1,1,5,10,33,1,N,2,23736
2,4,6,1,2,4,44,1,N,2,12442
2,1,1,2,0,7,69,1,N,2,19992
2,1,1,1,9,N,78,1,N,2,25785
2,4,9,1,1,6,10,1,N,2,15240
1,1,1,2,6,7,71,1,N,2,15399
1,1,1,2,0,7,13,1,N,2,22600
1,6,1,2,0,N,11,1,N,2,14148
2,1,1,0,7,4,53,1,N,2,20729
1,1,7,1,9,3,30,1,N,2,4100
2,6,1,1,N,7,66,1,N,2,12294
1,3,1,2,9,2,31,1,N,2,10306
1,1,1,1,6,7,23,1,N,2,27252
2,1,1,2,6,4,32,1,N,2,20474
2,1,1,1,8,6,65,1,N,2,17230
2,1,6,1,4,5,16,1,N,2,18021
1,3,1,2,6,7,24,1,N,2,15769
1,6,1,2,3,7,78,1,N,2,6952
2,6,2,2,7,9,55,1,N,2,26952
2,1,1,1,6,2,65,1,N,2,12310
2,6,2,1,N,N,24,1,N,2,20623
1,1,1,2,5,12,62,1,N,2,20562
2,3,4,1,7,7,52,1,N,2,23338
2,6,1,1,5,6,31,1,N,2,15638
1,6,3,2,4,6,27,1,N,2,13904
1,1,1,1,3,4,67,1,N,2,0
2,6,1,2,N,7,0,1,N,2,18326
2,3,1,1,N,3,77,1,N,2,13339
1,1,1,0,6,N,76,1,N,2,6720
2,6,2,2,6,N,42,1,N,2,17539
2,6,1,1,9,3,35,1,N,2,23325
1,5,3,1,1,5,8,1,N,2,15405
1,1,1,1,0,8,14,1,N,2,17427
2,1,1,1,9,3,47,1,N,2,11035
2,1,1,1,7,6,65,1,N,2,27117
1,6,1,1,2,6,91,1,N,2,19583
2,6,1,1,2,N,25,1,N,2,24939
1,6,1,2,7,N,3,1,N,2,14903
2,3,1,1,6,12,62,1,N,2,19406
2,1,1,1,0,6,68,1,N,2,23777
2,6,1,1,1,10,0,1,N,1,21804
2,6,1,2,2,9,49,1,N,2,9751
2,1,1,1,N,7,59,1,N,2,22067
1,1,1,2,3,7,0,1,N,2,20314
1,1,1,1,N,N,39,1,N,2,26878
2,4,5,2,6,N,50,1,N,2,9276
1,1,1,2,2,9,0,1,N,2,20978
2,1,8,2,4,12,46,1,N,2,25485
2,6,1,1,6,7,25,1,N,2,5497
2,6,2,2,0,7,25,1,N,2,15894
1,1,1,1,N,5,45,1,N,2,17508
1,6,2,1,3,7,84,1,N,2,18838
1,2,2,2,2,3,53,1,N,2,10806
1,3,1,1,2,10,3,1,N,2,19421
2,6,1,1,3,7,94,1,N,2,17657
1,4,1,1,9,6,44,1,N,2,17682
1,6,2,2,1,4,21,1,N,2,3484
2,1,1,2,0,9,61,1,N,2,27252
1,4,1,2,0,4,65,1,N,2,15789
1,1,1,1,N,7,66,1,N,2,20056
2,1,1,1,2,7,21,1,N,2,11016
1,6,3,2,6,7,17,1,N,2,24526
2,6,1,1,8,7,60,1,N,2,16089
2,6,2,2,3,7,25,1,N,2,26361
1,1,1,1,7,9,84,1,N,2,2978
2,1,8,1,0,2,95,1,N,2,18750
2,6,1,1,3,N,15,1,N,2,15343
2,6,1,2,1,10,21,1,N,2,18759
2,1,1,1,9,7,65,1,N,2,18031
2,1,2,1,4,6,44,1,N,1,16519
2,4,2,1,N,7,70,1,N,2,10924
2,5,1,2,0,7,29,1,N,2,14617
2,1,1,1,6,7,50,1,N,2,2097
2,2,1,1,1,6,51,1,N,2,23143
2,1,2,1,7,7,55,1,N,2,13887
1,1,1,1,N,12,74,3,N,2,26196
1,1,1,2,N,7,38,1,N,2,21580
1,6,3,2,0,5,67,2,N,2,13879
1,6,1,2,8,7,34,1,N,2,9165
1,1,1,1,9,N,59,1,N,2,16668
1,6,2,2,6,7,29,1,N,2,27252
2,6,9,1,N,7,15,1,N,2,23445
2,6,2,2,2,7,18,1,N,1,0
1,2,1,2,1,11,73,1,N,2,17651
2,1,1,1,3,7,64,1,N,2,15099
2,1,1,2,7,12,27,1,N,2,8094
1,1,1,1,9,7,58,1,N,2,17101
1,1,1,1,9,7,22,1,N,2,20509
1,6,2,1,6,7,20,1,N,2,4777
1,6,1,1,3,5,16,1,N,2,7871
2,1,1,1,5,6,21,1,N,2,5994
2,2,1,1,6,7,32,1,N,1,23075
2,6,6,1,3,6,87,1,N,1,24624
2,1,3,1,N,7,16,1,N,2,23420
2,6,1,2,7,11,69,1,N,2,23532
1,1,1,1,1,1,76,1,N,2,15699
2,3,1,1,7,N,39,1,N,2,15368
2,1,1,1,6,7,64,1,N,2,9604
2,1,1,1,4,6,63,1,N,2,17199
2,6,2,2,3,N,95,3,N,2,12963
1,6,2,2,0,6,29,1,N,2,21619
1,6,1,2,7,7,32,1,N,2,1444
2,1,6,2,9,3,38,1,N,2,16467
2,1,1,1,8,7,6,1,N,2,21252
2,6,1,2,N,7,28,1,N,2,18442
2,1,1,1,9,N,32,1,N,2,26843
1,1,1,1,9,N,44,1,N,2,14253
2,6,1,2,4,7,23,1,N,2,24412
2,1,3,1,8,7,25,1,N,2,10943
2,1,1,2,8,7,43,1,N,2,26404
1,6,2,2,7,8,44,1,N,2,18646
1,1,2,1,8,7,63,1,N,2,662
2,4,1,1,2,7,47,1,N,2,15146
2,6,1,2,2,N,14,2,N,2,15803
2,6,2,1,6,6,83,1,N,2,14739
2,6,9,2,0,3,36,1,N,2,22075
1,1,7,1,7,6,63,1,N,2,18848
1,1,1,1,4,7,64,1,N,2,14273
1,6,2,2,2,7,21,1,N,2,19865
2,2,6,1,7,7,65,1,N,2,25443
2,6,2,2,1,4,45,1,N,2,12159
2,6,1,2,4,7,32,2,N,2,15139
2,6,2,1,3,6,2,1,N,2,19842
2,1,1,1,2,6,12,1,N,1,12705
1,6,1,2,N,N,53,1,N,2,20073
2,4,1,1,5,5,5,1,N,2,11601
1,1,1,1,9,N,40,1,N,2,18110
2,6,1,1,9,7,95,1,N,2,13934
1,6,2,2,7,7,54,1,N,2,17777
1,6,5,1,2,6,65,1,N,2,15243
1,6,1,1,5,6,34,1,N,2,14362
1,6,2,1,5,6,36,1,N,2,21926
1,3,1,1,N,7,80,1,N,2,26925
1,1,1,1,8,5,86,1,N,2,4155
2,4,1,1,N,6,27,1,N,2,12296
2,1,1,1,7,N,60,1,N,2,24081
2,6,1,1,7,3,34,1,N,2,25760
2,1,1,1,0,7,56,1,N,2,21252
1,1,1,1,7,7,36,1,N,2,24718
1,2,2,1,6,7,23,1,N,2,11353
2,6,1,0,6,9,49,1,N,2,21694
2,1,1,1,7,7,47,1,N,2,11728
2,1,1,1,8,12,55,1,N,2,13042
1,1,1,1,3,6,35,1,N,2,23902
2,1,1,2,2,6,9,1,N,2,2602
1,3,1,1,2,N,1,1,N,2,21692
2,1,1,1,2,9,56,1,N,2,19272
2,6,1,2,4,7,24,1,N,2,13530
2,6,1,2,6,7,32,1,N,2,8719
2,2,1,1,8,N,62,1,N,2,19876
1,1,1,1,8,7,33,1,N,2,13146
1,1,1,1,2,8,67,1,N,2,17518
2,1,1,1,8,6,39,1,N,2,16993
2,6,1,2,0,6,25,1,N,2,19385
2,6,2,1,5,5,39,1,N,2,14308
1,6,2,1,6,N,43,1,N,2,18224
1,1,1,1,N,3,46,1,N,2,20473
1,1,5,2,7,8,0,1,N,2,21666
1,6,2,2,3,4,42,1,N,2,2606
1,6,1,2,5,7,28,1,N,2,27252
2,6,1,2,5,10,35,1,N,2,19415
2,4,1,1,N,7,19,1,N,2,10822
1,1,1,1,8,N,44,1,N,2,23623
2,1,7,2,8,7,55,1,N,2,21832
1,1,1,2,N,N,70,1,N,2,26437
1,6,3,2,7,7,3,1,N,1,24939
1,1,1,1,6,5,52,1,N,2,12676
2,5,1,1,7,9,71,1,N,2,14652
1,1,1,1,7,7,67,2,N,2,20844
2,3,3,1,N,4,66,1,N,2,20933
2,6,1,2,9,7,56,1,N,2,26355
1,6,1,1,6,8,54,1,N,2,23264
2,1,1,1,3,4,6,1,N,1,17652
1,2,1,1,9,9,59,1,N,2,18536
2,6,1,1,5,9,20,1,N,2,21580
2,5,9,2,N,7,58,1,N,2,23081
2,1,1,1,5,7,15,1,N,2,16932
2,1,1,2,9,7,59,1,N,2,26677
1,1,1,1,N,3,55,1,N,2,18222
2,1,1,1,6,1,50,1,5,2,13541
2,1,1,1,6,7,75,1,N,2,19306
2,1,1,0,7,5,44,1,N,2,12964
2,6,1,1,N,7,24,1,N,2,24111
2,6,1,0,5,5,32,1,N,2,16753
1,1,1,1,7,5,13,1,2,2,17571
2,1,1,1,6,7,17,1,N,2,13655
2,3,1,1,3,6,25,1,N,2,22946
1,6,9,2,0,9,51,1,N,2,18001
2,1,1,2,5,5,54,1,N,2,15091
2,1,1,2,4,10,64,1,N,2,24589
1,4,2,1,3,6,32,1,N,2,19307
2,2,2,0,8,N,21,1,N,2,24987
2,1,1,1,1,9,3,1,N,2,22370
1,1,1,1,8,7,5,1,N,2,19426
2,6,1,1,3,7,35,1,N,2,15478
1,6,1,1,5,7,31,1,N,2,17222
1,1,2,2,4,N,50,1,N,2,15272
1,6,2,2,3,6,23,1,N,2,11482
2,3,3,2,8,7,76,1,N,2,21170
2,1,1,1,6,N,41,1,N,2,17245
1,6,1,2,0,4,23,1,N,2,6891
2,1,1,1,8,7,0,1,N,2,27252
1,4,8,1,0,7,43,1,N,2,11378
2,1,1,1,1,N,67,1,N,2,6591
1,6,2,2,9,N,16,1,N,2,19720
1,1,1,1,8,6,48,1,N,2,18062
2,1,1,1,8,1,71,1,N,2,3851
2,6,1,2,1,5,0,1,N,2,13710
2,6,2,2,8,10,69,1,N,2,7865
1,1,1,1,5,2,53,1,N,2,9719
2,6,1,1,2,7,40,1,N,2,17507
2,1,1,0,N,7,66,1,N,2,26446
2,1,3,1,N,3,28,1,N,2,18069
1,6,1,2,N,7,32,1,N,2,23007
2,1,1,1,5,5,82,1,N,2,17265
2,6,1,2,0,6,36,1,N,2,7569
1,1,1,2,0,N,44,1,N,2,20519
1,6,1,1,6,6,70,1,N,2,1909
2,1,1,1,0,11,43,1,N,2,25976
2,1,2,2,7,7,64,1,N,2,22734
1,1,1,1,8,7,9,1,N,2,15389
2,1,1,1,N,N,42,1,N,2,19435
2,1,1,1,0,7,34,1,N,2,21856
2,1,2,1,9,7,10,1,N,2,11802
1,1,1,1,0,4,24,1,6,2,15255
2,6,1,2,5,6,3,1,N,2,25775
2,1,1,2,2,5,74,1,N,2,17463
2,1,3,1,N,N,57,1,N,2,22042
1,1,1,1,4,9,62,1,N,2,19180
1,6,2,0,1,7,10,1,N,2,16975
2,1,1,1,7,6,68,1,N,2,19740
2,1,1,1,N,7,78,1,N,2,13976
2,1,1,1,9,7,45,1,N,2,11965
2,6,1,1,3,N,59,1,N,2,23355
1,1,1,1,9,11,58,1,N,2,9427
1,6,1,1,4,6,14,1,N,2,19252
2,3,1,2,4,N,57,1,N,2,22237
1,4,1,1,8,N,63,1,N,2,17967
2,1,1,1,2,1,78,1,N,2,20147
1,1,1,0,0,7,51,1,N,2,23500
2,1,1,1,2,7,33,1,N,2,664
2,4,1,2,N,N,31,1,N,2,15027
2,1,2,2,0,6,22,1,N,2,22604
2,6,1,2,7,5,7,1,N,2,19232
2,1,2,2,5,7,19,1,N,2,3136
2,1,1,1,5,6,45,1,N,2,12810
2,1,1,1,0,5,79,1,N,2,15983
2,1,9,1,6,6,92,1,N,2,17596
2,1,1,1,0,3,78,1,N,1,19884
1,6,1,1,2,9,7,1,N,2,27252
2,1,1,1,5,7,60,1,N,2,25161
2,6,6,2,3,9,18,2,N,2,12659
1,4,1,1,6,10,29,1,N,2,21152
2,6,1,1,2,4,4,1,N,2,20061
1,6,2,2,5,6,12,3,N,2,1224
1,1,1,1,7,4,55,1,N,2,16023
1,3,5,1,7,10,74,1,N,2,16205
2,1,1,1,6,2,69,1,N,2,17088
2,1,1,1,7,6,14,1,N,2,24939
2,6,1,1,2,7,28,1,N,2,26896
2,1,1,1,3,6,10,1,N,2,17468
2,6,1,1,6,7,33,1,5,2,16346
2,6,1,2,0,6,44,1,N,2,24087
2,1,1,1,9,N,23,1,N,2,7219
2,1,1,1,8,2,73,1,N,2,9302
1,6,7,2,1,7,13,1,N,2,11454
1,1,6,2,1,5,16,1,N,2,24479
1,1,1,1,2,12,22,1,N,2,20079
1,6,1,1,5,6,24,1,N,2,18324
2,1,1,1,6,7,26,1,N,2,4425
2,1,1,0,6,7,52,1,N,2,24939
2,1,1,1,4,11,26,1,N,2,18760
2,6,1,1,9,6,31,1,N,2,16069
2,6,2,0,5,6,38,1,N,2,19656
1,6,1,1,0,9,0,1,N,2,27211
2,1,1,1,N,N,47,1,N,2,15561
2,6,1,2,9,7,16,1,N,2,24939
2,1,1,1,7,7,42,1,N,2,20867
2,4,1,1,8,N,39,1,N,2,18478
1,1,1,1,6,8,54,1,N,2,6649
2,1,1,1,4,2,68,1,N,2,14364
1,1,1,1,7,9,33,1,N,2,22084
2,1,1,2,5,6,48,1,N,2,12584
2,6,2,1,5,7,0,1,N,2,13528
2,6,1,2,5,6,4,1,N,2,1957
1,6,8,2,0,6,17,1,N,2,9324
2,1,1,1,7,7,38,1,N,2,10501
1,5,2,2,2,6,53,1,N,2,26609
2,1,1,1,4,7,32,1,N,2,16205
1,4,1,2,0,7,46,1,N,2,20547
1,1,1,2,3,7,17,1,N,2,20003
1,2,1,2,6,5,22,1,5,2,8583
1,1,1,1,6,5,60,1,N,2,14711
1,6,2,2,0,4,9,1,N,2,12767
1,1,1,1,9,7,19,1,N,2,19834
1,1,1,1,2,2,58,1,N,2,7647
2,6,1,2,6,2,68,1,N,2,7226
2,6,2,2,2,7,73,1,N,2,22128
2,6,1,1,8,7,54,1,N,2,7469
2,6,1,1,6,7,93,1,N,2,9757
1,4,1,1,2,4,52,1,N,2,2981
2,1,1,1,8,7,70,1,N,2,9105
2,2,1,1,7,7,79,1,N,2,8526
1,1,1,1,9,5,57,1,N,2,14100
1,6,1,2,0,7,7,1,N,2,17731
2,1,1,1,N,3,38,1,N,2,18373
1,1,1,1,N,N,82,1,N,2,20640
2,4,1,1,3,11,41,1,N,2,22333
1,6,1,2,8,7,31,1,N,2,27252
1,1,1,1,7,N,57,1,N,2,13676
2,6,1,2,3,6,39,1,N,2,23552
2,3,2,1,4,4,39,1,N,2,10490
2,6,2,2,4,6,15,1,N,2,17952
1,6,1,1,4,3,44,1,N,2,3850
2,6,2,2,1,5,23,1,N,2,17904
2,6,1,1,8,8,24,1,N,2,21479
2,1,1,1,N,7,28,1,N,2,16469
1,1,1,1,N,7,17,1,N,2,3449
2,1,1,1,3,11,32,1,N,2,4347
2,1,1,1,0,3,72,1,N,2,22250
2,1,9,1,N,3,61,1,N,2,23172
2,6,1,2,3,7,9,1,N,2,22825
1,1,3,1,7,11,57,1,N,2,22615
1,6,1,1,8,9,25,1,N,2,24346
1,1,1,1,0,7,40,1,N,2,24939
1,2,2,0,N,7,9,1,N,2,15032
1,6,2,1,7,11,22,1,N,2,20204
2,1,1,1,4,5,70,1,N,2,15482
2,1,1,1,5,6,29,1,N,2,15459
1,6,6,0,N,3,19,1,N,2,20307
1,1,2,2,8,7,52,1,N,2,18843
1,1,1,1,8,11,54,1,N,2,27252
2,1,1,1,8,8,35,1,N,2,16624
2,5,2,2,8,7,27,1,N,2,22809
2,1,1,1,N,7,27,1,N,2,5605
2,1,1,1,N,N,46,1,N,2,23194
2,1,3,1,8,7,59,1,N,2,17932
1,1,1,1,9,2,26,1,N,2,19123
2,6,2,2,1,7,57,1,N,2,10583
2,6,1,2,6,6,37,1,N,2,15022
2,6,1,2,5,2,70,1,N,2,23370
1,1,1,1,8,N,66,1,N,2,11092
2,6,1,2,3,N,39,1,N,2,25128
1,6,1,1,N,7,16,1,N,2,23503
2,6,1,1,7,N,13,1,N,2,23036
2,1,1,1,2,11,62,1,N,2,19899
1,1,1,2,6,4,62,1,N,2,14623
1,2,1,1,6,10,53,1,N,2,14272
2,6,1,1,6,7,34,1,N,2,5218
1,6,1,0,6,6,61,1,N,2,9293
2,1,1,1,2,1,64,1,N,2,13210
1,4,1,1,8,7,21,1,N,2,12068
2,6,5,1,3,8,43,2,N,2,24156
2,3,1,1,7,5,58,1,N,2,17001
2,N,1,2,0,9,24,1,N,2,4176
2,6,2,2,0,6,56,1,N,2,3621
2,4,1,1,0,N,77,1,N,2,18261
2,6,7,2,4,8,70,1,N,2,21231
1,1,2,1,N,7,64,1,N,2,13284
2,1,1,1,N,7,95,1,N,2,22208
1,6,1,1,9,7,55,1,N,2,20238
2,1,1,1,7,2,32,1,N,2,14440
2,1,1,1,N,N,31,1,N,2,24939
2,6,1,2,4,1,34,1,N,2,11334
2,1,1,1,8,9,43,1,N,2,11556
2,6,1,2,1,5,5,1,N,2,15437
2,6,1,1,3,7,22,1,N,2,20217
2,5,1,1,8,5,14,1,N,2,27252
1,1,1,2,5,7,65,1,N,2,4706
2,N,2,1,6,7,25,1,N,2,8048
2,1,1,1,7,7,48,1,N,2,15780
1,6,3,2,9,7,23,1,N,2,22164
2,6,2,2,6,9,65,1,N,2,25804
1,6,1,1,0,3,50,1,N,2,10696
1,1,1,2,9,N,26,1,N,2,24558
2,6,1,2,4,7,25,1,N,2,18679
1,3,1,1,7,9,62,1,N,2,16832
1,6,1,1,5,N,25,1,N,2,15880
2,1,2,1,6,7,86,1,N,2,15481
2,6,7,1,0,9,45,3,N,2,20983
2,1,1,1,9,2,50,1,N,2,14217
2,1,1,1,8,6,59,1,N,2,22992
2,6,1,2,8,6,65,1,N,2,16550
2,1,1,0,N,7,37,1,N,2,16843
2,1,1,1,1,10,0,1,N,2,24463
1,4,1,1,8,N,66,1,N,2,20786
1,1,1,1,7,N,39,1,N,2,23053
2,1,1,1,3,8,78,1,N,2,16409
2,1,1,1,3,9,74,1,N,2,17361
2,4,1,2,7,7,92,1,N,2,5365
1,1,1,1,1,5,49,1,N,2,27252
2,1,4,0,N,7,33,1,N,2,12927
1,1,1,2,0,N,64,1,N,2,22063
2,1,1,1,4,6,78,1,N,2,23463
1,6,1,1,5,6,45,1,N,2,23887
1,1,1,1,5,6,54,1,N,2,10799
1,1,1,1,4,4,25,1,N,2,22536
1,1,1,2,8,N,53,1,N,2,9930
1,1,1,1,4,2,64,1,N,2,19064
2,1,1,2,0,7,44,1,N,2,15225
2,6,1,1,5,7,8,1,N,2,23672
1,1,2,1,9,7,66,1,N,2,25118
1,6,1,1,4,8,9,1,N,2,19720
2,6,1,1,N,N,69,1,N,2,16950
2,6,1,2,5,N,18,1,N,2,17429
2,1,1,1,N,7,10,1,N,2,24937
1,6,2,1,7,7,21,1,N,2,25203
2,6,1,2,8,9,36,1,N,2,23116
1,1,1,2,0,3,43,1,N,2,19556
1,1,6,1,8,9,35,1,N,2,5326
1,1,1,1,6,7,18,1,N,2,2598
2,6,1,2,6,1,29,1,N,2,27252
2,6,2,1,6,N,5,1,N,2,4509
2,6,1,1,4,6,20,1,N,2,25382
2,1,6,0,0,11,3,1,N,2,16621
2,6,1,1,7,10,82,1,5,2,18798
1,1,1,2,6,8,31,1,N,2,12181
1,3,1,2,4,5,66,1,N,2,18203
1,1,1,1,0,11,60,1,N,2,24939
1,6,1,2,6,7,23,1,N,2,22950
1,6,1,1,0,2,0,1,N,2,7623
2,1,1,1,6,8,25,1,N,2,23468
2,1,1,2,7,7,66,1,N,2,11052
1,4,2,2,0,N,95,1,N,2,1259
2,1,1,1,8,2,27,1,N,2,15889
2,4,1,0,5,11,50,1,N,2,5769
1,1,6,1,6,10,59,1,N,2,6262
2,6,1,1,9,7,26,1,N,2,19399
2,6,1,2,5,N,61,1,N,2,21185
1,6,1,1,7,7,58,1,N,2,11720
2,6,1,1,7,9,37,1,N,2,14008
2,6,1,1,4,5,30,1,N,2,15076
2,5,1,0,2,3,33,1,N,2,26624
2,1,1,1,N,N,90,1,N,2,11720
2,1,1,2,5,2,32,1,N,2,8689
1,1,1,2,N,7,40,1,N,2,17901
1,1,1,1,8,7,76,1,N,2,19871
1,1,1,2,6,6,80,1,N,2,2823
1,1,1,2,3,7,73,1,N,2,10378
1,6,3,1,3,6,95,1,N,2,18074
2,1,1,1,N,7,51,1,N,2,20783
2,6,1,2,0,7,19,1,N,2,17348
2,2,1,2,1,9,8,1,N,2,25216
1,1,1,1,9,7,10,1,N,2,21306
1,6,2,1,7,N,16,3,N,2,19374
2,3,1,1,1,6,0,1,N,2,14458
1,1,1,1,5,N,28,1,N,2,18681
2,6,2,2,4,5,30,1,N,2,14491
1,1,1,1,2,7,52,1,N,2,5861
2,6,2,1,8,3,39,1,N,2,20054
2,6,1,1,2,6,58,1,N,2,10123
2,6,1,2,4,N,25,1,N,2,18118
2,1,1,1,9,N,69,1,N,2,9775
2,1,1,1,2,N,61,1,N,2,17564
1,1,1,1,8,7,53,1,N,2,13410
1,1,5,0,2,9,29,1,N,2,14590
1,6,1,2,0,9,63,1,N,2,22868
1,6,1,2,1,8,0,3,N,2,18949
1,1,1,1,6,7,20,1,N,2,21244
1,1,1,0,0,7,26,2,N,2,9613
2,6,1,2,6,7,15,1,N,2,3833
2,3,1,1,5,7,60,1,N,2,1134
1,6,1,1,6,3,50,1,N,2,15384
2,1,1,1,2,7,93,1,N,2,16055
2,6,1,1,8,7,11,1,N,2,16441
2,6,1,1,1,6,27,1,N,2,14713
2,6,1,1,3,N,56,1,N,2,13358
1,N,3,2,0,7,63,1,N,2,24939
2,1,1,2,2,7,59,1,N,2,26681
1,6,1,1,6,N,16,1,N,2,27252
2,6,1,2,5,9,36,1,N,2,22635
2,1,1,1,2,N,57,1,N,2,12990
2,1,1,1,4,5,28,1,6,2,20448
2,6,2,2,2,7,0,1,N,2,25660
1,6,1,1,N,6,7,1,N,2,27252
2,1,1,1,8,12,59,1,N,2,9427
2,1,1,1,N,2,79,1,N,2,10590
2,6,1,1,N,7,41,1,N,2,10365
2,1,1,1,N,7,23,1,N,2,21979
1,3,1,2,5,5,21,1,N,2,7980
1,1,1,1,8,7,31,1,N,2,18549
1,1,2,2,6,4,11,1,N,2,26040
2,1,1,1,6,9,80,1,N,2,16675
1,6,1,2,1,2,11,1,N,2,17700
2,4,2,1,9,7,88,1,N,2,2469
1,1,9,1,N,7,19,1,N,2,20690
1,6,1,1,2,N,13,1,N,2,15326
1,1,1,2,1,6,32,1,N,2,10679
1,1,1,1,5,9,32,1,N,2,11264
2,4,1,1,N,N,40,1,N,2,17766
1,1,1,1,N,3,26,1,N,2,21435
2,1,1,1,3,5,77,1,N,2,19622
1,1,1,1,6,7,59,1,N,2,21789
1,6,1,1,1,4,44,1,N,2,16215
2,6,1,2,9,N,29,1,N,2,20577
1,1,1,2,3,7,90,1,N,2,4925
2,1,1,1,N,7,65,1,N,2,22978
1,6,2,2,N,7,38,1,N,2,0
2,6,2,2,3,2,65,1,N,2,1037
2,1,1,1,9,7,56,1,3,2,27252
2,1,1,1,0,7,0,1,N,2,22257
1,1,1,0,2,5,25,1,N,2,24378
1,6,1,1,6,9,23,1,N,2,10884
2,6,2,1,4,N,27,1,N,2,20329
1,6,1,1,9,7,78,1,N,2,21197
2,1,1,2,7,9,89,1,N,2,20431
1,1,1,1,9,10,61,1,N,2,0
2,1,1,1,8,12,47,1,N,2,20528
1,1,1,1,7,5,79,1,N,2,20831
2,6,1,2,2,7,50,1,N,2,11540
2,6,1,1,N,7,43,1,N,2,16530
1,1,1,1,N,N,47,1,N,2,23392
2,4,1,1,8,2,51,1,N,2,6347
1,1,1,1,4,2,57,1,N,2,24469
1,6,2,2,0,5,31,1,N,2,13724
2,6,1,2,7,7,48,1,N,2,17438
1,1,2,1,7,5,83,1,N,2,4864
1,6,1,2,N,7,66,1,2,2,11122
2,6,1,2,N,7,22,1,N,2,19973
2,1,1,1,8,6,86,1,N,2,18144
2,1,1,1,N,5,76,1,N,2,21156
2,6,1,1,2,1,44,1,N,2,24939
1,6,1,2,9,4,30,1,N,2,648
1,6,2,2,6,N,20,1,N,2,13440
1,6,1,2,9,7,46,1,N,2,10488
2,1,1,1,7,7,64,1,N,2,15453
1,1,1,1,2,12,24,1,N,2,24052
1,1,1,1,2,7,32,1,N,2,12633
2,4,1,1,4,5,32,1,N,2,13713
1,1,2,2,1,5,0,1,N,2,17460
2,1,1,2,4,12,62,1,N,2,14100
2,1,1,1,6,N,73,1,N,2,15955
2,1,1,1,N,7,90,1,N,2,12669
2,6,2,0,5,6,42,1,N,2,1791
1,1,1,1,8,2,10,1,N,2,20061
2,4,1,1,3,5,62,1,N,2,21970
2,1,2,1,9,6,67,1,N,2,13233
2,1,2,1,4,7,35,1,N,2,19021
2,4,1,2,7,5,64,1,3,2,20313
2,6,1,1,3,6,61,1,N,2,16864
2,1,1,1,N,7,21,1,N,2,22840
2,1,2,1,7,7,46,1,N,2,18027
1,6,1,1,7,2,80,1,N,2,15584
1,6,1,2,1,7,13,1,N,2,5434
2,6,1,1,7,N,18,1,N,2,23202
2,1,1,1,9,2,45,1,N,2,18118
1,4,2,1,7,9,81,1,3,2,11573
1,1,1,1,3,5,22,1,N,2,16012
2,1,2,1,7,7,37,1,N,2,23769
1,6,1,1,2,6,84,1,N,2,16414
2,6,1,1,7,N,19,1,N,2,21286
1,6,1,2,9,7,17,1,N,2,22159
2,1,1,1,4,N,43,1,N,2,18571
2,1,1,1,7,7,62,1,N,2,24175
2,1,1,1,3,9,72,1,N,2,22521
1,1,1,2,N,7,49,1,N,2,16406
2,5,5,2,2,2,60,1,N,2,5250
1,1,1,2,N,3,62,1,N,2,2547
2,4,1,1,0,12,31,1,N,2,14984
2,6,1,1,N,4,62,1,N,2,7438
2,1,1,2,6,6,55,1,N,2,27252
2,1,1,2,6,7,68,1,N,2,16121
1,6,1,1,1,12,29,1,N,2,18827
1,1,1,1,4,N,58,1,N,2,18034
2,1,8,1,6,7,59,1,N,2,10213
2,1,1,1,9,3,53,1,N,2,18070
1,1,1,2,1,5,59,1,N,2,14342
1,3,6,1,6,N,70,1,N,2,11522
2,1,1,1,N,4,74,1,N,2,13581
2,1,1,1,N,N,57,1,N,2,17507
2,6,1,1,N,7,69,1,N,2,17073
2,6,1,2,9,7,11,1,N,2,13855
2,6,1,1,2,6,33,1,N,2,14637
2,1,1,0,6,4,67,1,N,2,14110
1,4,1,1,7,7,6,1,N,2,2003
1,6,1,1,3,6,0,1,N,2,11443
1,1,1,1,N,7,33,1,N,2,26582
2,1,1,2,3,7,61,1,N,2,6256
2,6,6,0,6,N,20,1,N,2,24013
1,1,1,1,6,7,41,1,N,2,27252
2,1,1,1,9,7,54,1,N,2,11101
2,6,1,1,N,7,32,1,N,2,24439
2,6,1,2,5,7,25,1,N,2,20914
2,5,1,1,3,7,51,1,N,2,22010
2,6,2,1,4,7,0,1,N,2,15818
2,6,4,2,5,7,50,1,N,2,6211
2,1,1,1,2,7,52,1,N,2,594
2,6,8,1,0,6,41,1,N,2,8086
1,6,2,2,3,7,1,1,N,2,17809
1,6,7,2,7,7,18,1,N,2,12996
2,1,1,1,4,N,55,1,N,1,13528
1,6,1,2,5,12,66,1,N,2,16341
2,4,8,2,5,7,93,1,N,2,9427
2,1,9,2,8,7,57,1,N,2,17144
2,6,2,1,7,7,93,1,N,2,7059
2,1,1,1,6,7,53,1,N,2,16118
1,1,1,1,N,2,61,1,N,2,16535
2,1,1,1,5,9,35,1,N,2,12650
2,6,2,1,7,7,25,1,N,2,8041
2,6,1,2,0,3,38,1,N,2,19737
1,3,3,1,8,11,85,1,N,2,10847
2,1,2,2,9,7,64,1,N,2,15559
2,1,1,1,7,7,94,1,N,2,12744
2,6,1,1,0,3,38,1,N,2,11011
1,1,7,1,7,10,91,1,N,2,20537
2,6,1,1,7,6,35,1,N,1,11121
2,2,1,1,7,N,66,1,N,2,13355
1,1,1,2,9,N,41,1,N,2,27252
2,1,1,1,N,N,39,1,N,2,19796
1,1,1,1,5,7,37,1,N,2,19579
2,1,4,2,7,4,78,1,6,2,10298
1,1,1,1,8,N,44,1,N,2,23465
1,1,1,1,5,7,47,1,N,2,17523
1,1,1,2,6,12,52,1,N,2,26371
1,1,1,1,8,7,38,1,N,1,25069
1,6,2,2,1,9,63,3,N,2,9562
1,6,1,2,3,N,29,1,N,2,7148
2,1,1,1,8,7,49,1,N,2,25364
2,1,1,1,7,N,44,1,N,2,22904
1,1,1,1,4,N,16,1,N,2,23078
2,1,1,2,1,9,47,1,N,1,18732
2,1,2,1,8,12,53,1,N,2,12478
2,6,2,2,0,N,26,1,N,2,19182
2,6,3,1,0,4,37,1,N,2,20774
2,1,2,1,6,5,75,1,N,2,5821
1,1,2,1,N,7,67,1,N,2,17019
2,4,2,1,0,7,49,1,N,2,11984
1,5,1,2,7,3,55,1,N,2,6825
2,1,2,1,N,7,0,1,N,2,19636
2,2,1,2,9,7,19,1,N,2,27252
2,6,1,2,2,7,28,1,N,2,14560
1,6,2,1,N,12,22,1,N,2,16894
1,1,1,1,9,7,55,1,N,2,19031
2,1,1,1,7,7,79,1,N,2,5291
1,6,2,2,2,6,20,1,N,2,12894
1,1,1,1,0,N,83,1,N,2,18356
2,6,2,1,2,4,40,1,N,2,26456
1,6,2,1,3,4,51,1,N,2,16588
2,1,1,1,N,3,46,1,N,2,24939
1,6,1,1,4,2,41,1,N,2,16572
2,1,1,1,0,7,54,1,N,2,17945
1,4,8,1,3,5,80,1,N,2,7713
2,1,1,1,4,7,22,1,N,2,21259
2,1,1,1,6,7,20,1,N,2,25977
1,6,2,2,7,7,62,1,N,2,14434
1,1,1,1,9,3,57,1,N,2,22035
2,6,1,1,5,9,32,1,N,1,9350
1,4,2,1,9,N,41,1,N,2,24211
1,1,1,1,N,N,83,1,N,2,19252
2,5,2,2,6,6,31,1,N,2,21162
2,1,1,2,1,7,39,1,N,2,27252
2,1,1,1,9,N,38,1,N,2,17643
1,1,3,1,1,8,9,1,N,2,15676
2,6,1,1,3,7,18,1,N,2,14777
2,1,1,1,9,N,70,1,N,2,8268
1,1,1,1,3,N,39,1,N,2,27252
2,6,1,1,5,11,30,1,N,2,3413
2,1,1,2,7,7,16,1,N,2,17395
2,1,1,2,7,5,53,1,N,2,23994
2,1,1,1,7,1,34,1,N,2,13795
2,1,1,1,6,6,78,1,N,2,10581
1,6,2,2,4,7,9,1,N,2,9090
2,1,1,1,N,12,47,1,N,2,27252
1,4,1,0,0,6,73,1,N,2,8695
2,6,1,2,7,6,85,1,N,2,20240
2,3,9,1,N,7,85,1,N,2,27252
1,1,1,1,8,N,56,1,N,2,16721
1,1,1,1,4,7,65,1,N,2,19340
1,2,2,2,6,5,39,1,N,2,11509
2,6,1,1,8,6,53,1,N,2,21408
2,6,2,1,N,6,31,1,N,2,15182
2,6,1,2,7,12,57,1,N,2,14441
1,1,1,1,4,12,57,1,N,2,19944
1,1,1,1,4,6,53,1,N,2,1279
1,3,1,1,8,12,52,1,N,2,17830
2,1,1,1,5,7,42,1,N,2,11751
1,5,1,1,8,5,47,1,N,2,16653
1,6,1,1,N,3,8,1,N,2,23983
1,4,1,1,8,3,11,1,N,2,21696
1,6,1,1,5,2,55,1,N,2,12429
1,1,1,1,5,6,66,1,N,2,18319
1,N,2,2,2,7,60,1,N,2,27252
2,6,1,1,6,7,34,1,N,2,6469
2,1,1,2,3,7,38,1,N,2,15762
2,1,1,2,1,3,32,1,N,2,10958
1,1,1,1,5,N,66,1,N,2,9572
1,1,1,1,9,4,42,1,N,2,7877
1,1,1,1,N,6,57,1,N,2,20668
1,1,1,1,2,7,34,1,N,2,10468
2,1,1,1,8,3,64,1,N,2,22776
2,6,1,1,3,9,25,3,N,2,18200
1,5,1,1,0,N,65,1,N,2,20399
2,6,1,2,2,7,21,1,N,2,9295
1,6,1,2,0,1,12,1,N,2,9878
2,6,1,1,8,7,76,1,N,2,17779
2,1,1,1,6,2,34,1,N,2,13508
2,1,6,2,9,6,29,1,N,2,15064
1,6,2,1,0,7,25,2,N,2,18748
1,3,1,1,9,9,15,1,N,2,17841
1,6,1,2,8,6,30,1,2,2,5677
1,1,1,1,N,7,81,1,N,2,14268
1,1,1,0,2,2,33,1,N,2,20417
2,1,1,1,8,3,74,1,N,2,17363
1,4,1,2,4,5,67,1,N,2,13641
2,6,1,1,8,7,19,1,N,2,6082
1,1,1,1,N,N,66,1,N,2,6407
2,1,1,1,0,5,64,1,N,2,22884
2,6,1,2,N,7,62,1,N,2,11887
2,1,2,1,N,7,41,1,N,2,19957
2,1,1,1,4,12,56,1,N,2,19587
1,4,1,2,5,5,42,1,N,2,1018
2,1,1,1,9,7,82,1,N,2,24952
1,N,1,1,6,5,50,1,N,2,18081
2,6,2,1,5,N,63,1,N,2,2610
2,6,1,2,9,7,24,1,N,2,19004
1,1,1,2,9,7,69,1,N,2,19023
2,1,1,1,8,3,37,1,N,2,15725
1,6,1,2,7,6,37,1,N,2,16313
2,5,1,2,2,1,16,1,N,2,25173
1,1,9,1,4,12,69,3,N,2,19286
2,1,1,1,8,7,18,1,N,2,16085
2,1,1,1,5,N,13,1,N,2,21013
2,6,1,2,0,N,13,1,N,2,19516
2,6,2,0,7,6,1,1,N,2,20831
2,1,1,1,N,3,50,1,N,2,19564
1,1,1,1,3,5,60,1,N,2,22703
2,1,1,1,0,7,41,1,N,2,23630
2,6,1,2,3,N,16,1,N,2,19949
2,3,1,2,9,11,18,1,N,2,27216
1,1,1,1,9,3,42,1,N,2,19086
1,1,2,1,N,N,24,1,N,2,23463
1,1,1,1,9,5,66,1,N,2,0
1,4,1,0,N,6,28,1,2,2,24549
2,6,1,2,5,6,39,1,N,2,14799
1,6,2,2,N,7,43,1,N,2,24926
2,6,1,1,9,N,78,1,N,2,18888
1,1,1,1,2,7,38,1,N,2,27252
2,1,1,1,N,7,28,1,N,2,17106
2,1,1,1,4,4,49,1,N,2,7857
1,6,1,2,1,6,17,1,N,2,13243
2,1,1,1,9,3,63,1,N,2,6611
2,6,2,0,4,7,29,1,N,2,14827
2,1,1,1,3,8,53,1,N,2,16653
2,1,1,1,5,6,34,1,N,2,15571
2,6,1,1,7,7,67,1,N,2,26179
2,6,3,1,9,7,0,1,N,2,24650
2,1,1,2,5,2,90,3,N,2,10341
1,6,1,2,2,6,28,1,N,2,17643
1,6,8,1,2,7,84,1,N,2,22476
1,1,1,1,8,7,73,1,N,2,15794
2,3,1,1,9,7,11,1,N,2,23034
2,1,2,1,7,7,20,1,N,2,26349
2,1,1,1,3,10,67,1,N,2,11058
2,1,1,1,2,7,34,1,N,1,18502
2,6,1,2,0,2,20,1,N,2,7699
2,1,2,1,9,N,63,1,N,2,22662
1,1,1,1,8,12,73,1,N,2,23218
2,1,1,1,1,N,43,1,N,2,21388
2,3,1,0,7,10,48,1,N,2,1368
2,6,2,2,3,9,44,1,N,2,0
1,6,1,1,6,3,64,1,N,2,23291
2,6,2,2,2,7,32,1,N,2,8328
1,1,1,2,N,3,68,1,N,2,27252
2,4,1,1,5,7,5,1,N,2,11307
2,6,1,2,2,5,11,1,N,2,17178
2,6,1,2,1,10,91,1,N,2,9114
2,1,1,1,N,7,61,1,N,2,13736
1,1,1,1,9,9,48,1,N,2,20063
2,1,1,1,9,3,47,1,N,2,16666
2,3,1,1,7,11,47,1,N,2,26709
2,1,2,1,3,7,39,1,N,2,12629
1,1,1,1,4,6,45,1,N,2,12315
2,1,1,1,4,7,21,1,N,2,24939
2,6,3,1,N,7,13,1,N,2,18245
2,1,1,2,5,5,5,2,N,2,7393
1,1,1,1,2,4,0,1,N,2,23715
1,6,1,1,5,5,68,1,N,2,13593
1,6,1,2,8,6,0,1,N,2,13922
1,1,1,1,3,7,78,1,N,2,11459
2,1,1,1,2,9,5,1,N,2,21807
2,6,1,2,0,8,24,1,N,2,19709
1,1,1,1,7,4,93,1,N,2,12046
2,1,1,1,4,N,23,1,N,2,24939
1,6,2,1,5,N,64,1,N,2,15323
2,4,1,2,0,7,46,1,6,2,5329
2,6,1,1,8,9,67,1,N,2,8871
2,1,2,2,4,12,69,1,N,2,9427
2,4,6,1,8,9,60,1,N,2,10826
1,1,1,1,1,9,27,1,N,2,17774
2,1,1,1,N,7,43,1,N,2,14329
2,2,1,1,0,7,65,1,N,2,18909
2,1,1,1,0,8,37,1,N,2,19164
2,1,2,1,0,6,23,1,N,2,5586
1,1,1,2,5,12,25,1,N,2,24939
1,3,2,1,3,5,25,1,N,2,20178
1,1,9,1,8,6,76,1,N,2,3061
2,6,2,2,6,6,20,1,N,2,17233
2,3,1,1,N,N,48,1,N,2,18330
1,4,2,1,2,7,54,1,N,2,22773
1,1,6,1,8,7,63,1,N,2,3909
2,6,2,2,7,6,38,1,N,2,24985
2,6,1,1,2,7,58,1,N,2,24065
1,1,1,0,0,11,30,1,N,2,6859
1,6,9,1,4,10,39,1,N,2,5563
1,2,1,2,2,9,49,1,N,2,13302
2,1,1,1,7,N,43,1,N,2,17324
2,1,1,1,2,N,24,1,N,2,15782
2,1,1,2,6,6,42,1,N,2,16107
1,1,1,1,3,7,62,1,N,2,21813
2,4,2,2,4,9,26,1,N,2,23607
2,6,1,2,2,4,54,1,N,2,12022
2,1,1,1,8,6,60,1,N,2,26636
1,6,1,1,8,7,42,1,N,2,11595
2,6,1,2,3,N,61,1,6,2,16455
2,4,2,2,3,3,21,1,N,2,25648
2,1,1,1,8,6,17,1,N,2,13067
2,6,2,1,0,6,30,1,N,2,8163
1,1,1,1,7,7,45,1,N,1,16625
1,6,1,2,1,4,84,1,N,2,0
1,3,1,1,5,6,67,1,N,2,525
2,1,1,1,3,6,53,1,N,2,8213
2,1,6,1,9,3,58,1,N,2,20378
2,6,1,2,0,3,33,1,N,2,20551
1,2,1,2,1,5,82,1,N,2,23178
2,4,1,1,N,N,6,1,N,2,20191
2,1,4,1,5,2,15,1,5,2,8244
2,1,1,1,9,7,52,1,N,2,17158
1,4,2,0,6,4,20,1,N,2,18706
2,1,1,1,8,N,80,1,N,2,6509
1,1,1,1,6,4,61,1,N,2,4796
1,1,1,1,9,9,58,2,N,2,3644
2,6,1,2,4,9,57,1,N,2,21415
2,5,3,1,8,6,62,1,N,2,23823
1,3,2,1,0,3,42,1,N,2,15298
2,6,2,1,5,12,17,1,N,2,27252
2,4,1,0,0,12,58,1,N,2,5560
1,1,1,2,6,7,54,1,N,2,18372
1,6,1,1,9,N,75,1,N,2,25177
2,1,1,2,2,4,53,1,N,2,24752
1,1,1,1,5,N,51,1,N,2,27252
2,1,7,1,8,7,75,1,N,2,20337
2,1,1,1,7,N,81,1,N,2,7619
1,1,1,0,3,7,20,1,N,2,27252
2,1,1,1,5,7,59,1,N,2,8160
2,6,1,1,5,6,37,2,N,2,9086
2,1,1,1,N,3,68,1,1,2,4209
1,1,2,1,7,N,30,1,N,2,16245
2,6,1,2,4,7,59,1,N,2,18765
2,1,1,1,9,9,47,1,N,2,14070
2,6,2,2,5,5,12,1,N,2,12748
2,1,1,1,9,N,79,1,N,2,20993
1,N,1,1,4,7,29,1,N,2,14799
2,6,2,1,4,9,25,1,N,2,6684
1,6,1,1,N,7,63,1,N,2,26453
2,4,1,1,4,N,67,1,N,2,22851
1,1,1,1,1,10,68,1,N,2,10193
2,4,2,1,8,6,61,1,N,2,9427
1,6,2,2,6,7,23,1,N,2,14960
1,6,1,1,N,N,58,1,N,2,19693
2,1,1,1,9,N,32,1,N,2,19460
2,1,1,1,2,N,40,1,N,2,18839
1,4,6,1,0,5,54,1,N,2,20307
2,6,9,2,3,7,0,1,N,2,21449
2,6,2,1,9,7,45,1,N,2,9409
2,1,1,1,9,N,80,1,N,2,24939
2,1,1,1,6,7,22,1,N,2,19973
2,6,1,1,3,7,45,1,N,2,24909
1,1,1,1,4,N,87,1,N,2,14949
1,6,2,2,4,6,13,1,N,2,11241
2,1,2,1,5,3,59,1,N,2,6465
1,1,6,1,N,7,37,1,N,2,25239
2,1,1,1,5,N,54,1,N,2,26580
2,6,1,1,9,7,42,1,N,2,13860
2,4,2,2,0,6,62,1,N,2,14357
1,1,1,1,7,9,43,1,N,2,11662
2,6,1,1,9,7,61,1,N,2,14576
1,1,1,2,9,7,63,1,6,2,23160
2,1,1,2,1,7,50,1,N,2,8432
1,1,1,2,9,N,42,1,N,2,3029
2,1,1,1,2,12,25,1,N,2,17880
1,1,1,2,6,8,28,1,N,2,6455
2,1,1,1,N,N,44,1,N,2,26041
1,6,1,1,6,7,15,2,N,2,18384
2,1,1,1,5,11,24,1,N,2,2608
2,1,1,1,9,7,0,1,N,2,17772
1,6,1,2,N,7,20,1,N,2,16180
1,1,1,1,4,12,53,3,N,2,15966
1,1,1,1,N,N,88,1,N,2,18370
2,1,1,1,7,3,58,1,N,2,19154
2,6,1,1,4,2,17,1,N,2,19669
1,1,1,1,4,7,18,1,N,2,27252
2,1,1,1,N,3,35,1,N,2,18068
2,1,1,1,8,3,52,1,N,2,25696
2,6,1,2,0,7,38,1,N,2,12629
2,6,1,2,2,6,3,1,N,2,10741
2,1,1,1,3,7,74,1,N,2,18522
1,1,1,1,N,N,39,1,N,2,19605
1,1,2,2,N,7,42,1,N,2,11384
2,6,2,2,4,3,51,1,N,2,7386
2,1,1,1,N,7,15,1,N,2,17202
2,1,1,1,8,6,14,1,N,2,2982
1,1,1,1,9,2,9,1,N,2,16073
2,1,1,1,N,7,31,1,N,2,18294
1,1,1,1,2,5,50,1,N,2,16088
1,1,1,1,6,6,27,1,N,2,24846
2,3,1,1,5,8,5,1,N,2,15478
1,1,7,2,0,7,29,1,N,2,12946
2,6,1,2,3,7,3,1,N,2,21931
2,6,1,2,0,7,18,1,N,2,24939
1,1,1,1,2,6,77,1,N,2,20190
2,6,2,1,7,5,52,2,N,2,9135
1,6,1,1,7,10,14,1,N,2,20765
2,6,1,1,6,6,32,1,N,2,3057
2,1,1,1,9,7,47,2,N,1,24939
2,6,2,1,0,11,9,1,N,2,16359
2,1,1,1,9,7,68,1,N,2,20255
2,1,1,1,6,2,67,1,N,2,17986
2,6,1,2,2,6,64,1,N,2,17834
2,1,5,1,8,12,41,1,N,2,22846
2,6,1,2,3,4,0,1,N,2,7485
1,1,1,1,2,6,34,1,N,2,10836
1,6,2,2,2,6,0,1,N,2,10243
1,1,5,1,3,3,54,1,N,2,4168
2,1,1,1,6,3,61,1,N,2,9833
2,1,1,1,N,7,43,1,N,2,9427
1,N,6,1,2,8,13,1,2,2,16201
2,6,1,0,3,12,1,1,N,2,21905
2,1,7,1,8,5,58,1,N,2,24939
2,1,1,2,0,12,41,1,N,2,13389
2,4,1,1,4,4,15,1,2,2,9042
2,1,1,1,9,N,20,1,N,2,15990
1,6,1,1,N,3,49,1,N,2,13947
2,1,1,2,5,7,7,1,N,2,12888
1,1,1,1,2,3,9,1,N,2,22617
1,4,1,1,6,9,25,1,N,2,18286
2,1,1,1,5,6,47,1,N,2,15011
2,6,1,1,0,5,16,1,N,2,27072
2,1,1,1,8,N,20,1,N,2,23306
1,6,1,2,6,5,61,1,N,2,1692
1,6,6,1,9,4,54,1,N,2,23326
1,1,1,2,5,7,70,1,N,2,18992
2,6,1,2,7,7,22,1,N,2,16949
2,3,2,1,4,6,32,1,N,2,15532
1,1,1,1,7,6,25,1,N,2,21086
1,1,1,1,2,4,57,1,N,2,11611
1,1,2,1,7,7,59,1,N,2,17613
2,6,1,1,4,9,70,1,N,2,23256
1,1,3,2,1,7,48,1,N,2,9215
2,1,1,1,6,3,49,1,N,2,21030
1,6,1,2,4,5,12,1,N,2,10562
1,1,1,2,3,9,6,1,N,2,8571
1,3,1,1,1,8,95,1,N,2,13813
2,1,1,1,N,N,64,1,N,2,11767
2,1,2,2,0,7,53,1,N,2,10940
2,6,2,2,2,5,44,1,N,2,12181
2,1,1,1,7,7,47,1,N,2,24939
2,6,1,1,7,7,30,1,N,2,16072
2,6,1,1,N,7,79,1,N,2,23794
2,1,1,2,6,6,65,1,N,2,3877
2,1,1,2,7,10,44,1,N,2,18268
2,6,1,2,5,5,13,1,N,2,17558
1,1,1,1,5,7,16,1,N,2,11847
2,1,1,1,N,N,58,1,N,2,22806
1,6,1,2,7,6,10,1,N,2,3793
1,6,3,1,6,6,28,1,N,2,22409
2,6,1,1,6,N,25,1,N,2,12867
1,6,2,1,0,6,9,1,N,2,16388
2,6,2,1,4,12,67,1,N,2,11426
2,1,1,1,7,N,44,1,N,2,21812
1,1,1,1,7,9,70,1,N,2,14300
2,6,3,1,N,7,84,1,N,2,6966
1,1,1,1,7,N,70,1,N,2,15497
2,1,5,1,2,2,79,1,N,2,16111
2,1,1,1,8,7,83,1,N,2,24816
2,1,2,1,8,2,43,1,N,2,15072
1,1,1,1,6,12,60,1,N,2,16774
2,1,1,1,7,3,48,1,N,2,25215
2,6,1,1,N,7,46,1,N,2,20268
1,1,1,1,6,7,16,1,N,2,18262
2,4,1,1,3,12,8,1,N,2,20890
1,6,1,0,7,7,21,1,N,2,15140
1,1,1,1,7,N,77,1,N,2,7866
2,6,1,1,9,7,15,1,N,1,15729
1,6,1,1,0,7,54,1,N,2,15782
2,1,1,1,2,8,65,1,N,2,18262
1,1,1,1,7,3,85,1,N,2,22085
2,1,1,1,2,7,35,1,N,2,16843
1,4,2,2,2,6,13,1,N,2,27181
2,6,1,1,8,N,73,1,N,2,12471
2,6,8,1,8,7,73,1,N,2,21056
1,1,1,2,7,N,60,1,N,2,12799
1,1,6,2,2,N,15,1,4,2,23321
1,3,1,1,2,7,37,1,N,2,17403
1,1,1,1,9,7,61,1,N,2,20035
2,6,1,2,6,2,61,3,N,2,1195
2,4,1,2,0,2,0,1,N,2,21103
2,1,1,1,2,1,46,1,N,2,19050
2,3,1,1,5,7,49,1,N,2,19601
2,1,1,1,1,7,43,1,N,2,14020
2,1,1,2,3,7,0,1,N,2,25678
1,1,1,1,2,5,0,1,N,2,21892
2,1,1,1,7,7,64,1,N,2,23170
2,1,1,1,3,9,59,1,N,2,17748
2,6,1,2,9,7,50,1,N,2,14990
2,6,4,2,2,7,33,1,N,2,327
1,3,1,1,3,6,56,1,N,2,26171
1,1,1,2,2,N,19,1,N,2,27137
2,4,8,2,5,2,19,1,N,2,240
2,1,1,1,0,1,55,1,N,2,18709
1,1,1,1,8,7,38,1,N,2,23552
2,6,1,2,4,12,43,1,N,2,23353
1,1,1,2,5,7,66,1,N,2,9725
1,6,2,1,1,2,51,1,N,1,11876
1,6,1,1,0,4,5,1,N,2,18356
2,5,1,1,8,1,44,1,N,2,8349
2,1,1,2,9,7,38,1,N,2,12755
1,6,1,2,6,7,24,1,N,2,27252
2,6,1,2,8,7,6,1,N,2,14601
1,1,1,1,3,6,69,1,N,2,15589
2,4,8,1,7,9,93,1,N,2,6907
2,1,1,1,2,5,40,1,N,2,19350
2,1,1,1,8,5,37,1,N,2,16674
2,6,2,1,N,N,44,1,N,2,12820
2,1,1,1,7,4,42,1,N,2,27252
1,5,3,1,6,2,32,1,N,2,12965
1,6,1,1,N,N,40,1,N,2,11659
1,1,1,1,N,7,65,1,N,2,5760
1,1,1,0,N,6,60,1,N,2,0
2,6,1,1,9,N,51,1,N,2,18478
2,6,1,1,4,6,19,1,N,2,27252
1,6,1,1,3,3,49,1,N,2,26944
1,1,1,1,N,7,36,1,N,2,24939
1,1,1,1,8,N,39,1,N,2,19760
1,1,2,1,9,5,25,1,N,2,24188
2,1,1,2,9,4,51,1,N,2,23270
2,1,1,0,8,2,78,1,N,2,19742
2,6,2,2,7,7,76,1,N,2,12838
2,6,1,1,0,3,13,1,N,2,15795
1,6,1,1,8,N,95,1,N,2,18438
1,6,8,2,0,7,20,1,N,2,5474
2,6,1,1,7,5,13,1,N,2,12705
2,1,2,1,N,7,14,1,N,2,27252
1,6,2,1,N,7,24,1,N,2,11710
2,1,1,1,N,N,21,1,N,2,27252
1,6,1,2,4,8,52,1,N,2,11303
2,1,1,1,7,11,55,1,N,2,4180
1,1,5,1,6,12,72,1,N,2,15746
2,4,1,1,9,7,88,1,N,2,11346
1,1,6,1,0,3,2,1,N,2,10853
2,1,1,2,8,7,65,1,N,2,25197
1,6,5,1,1,7,22,1,N,2,23808
1,1,1,1,4,7,38,1,N,2,27252
1,5,1,0,0,7,22,1,N,2,18685
2,6,1,1,5,7,3,1,N,2,5069
2,1,7,1,0,N,47,1,N,2,6312
2,1,1,1,0,N,38,1,N,2,27252
2,1,1,1,9,2,0,1,N,2,27252
2,6,1,1,6,7,42,1,N,1,10345
1,6,1,2,3,3,64,1,N,2,6437
2,6,1,2,5,7,49,1,N,2,22963
1,1,1,1,8,7,72,1,N,2,20818
1,4,8,2,3,10,66,1,N,2,22341
1,1,1,1,9,3,69,1,N,2,19473
1,1,5,1,3,N,42,1,N,2,2052
2,1,1,1,N,7,34,1,N,2,0
1,1,1,1,N,9,80,1,N,2,17952
1,1,1,1,7,3,71,1,N,2,23026
2,1,1,1,2,6,54,1,N,2,11047
2,6,1,1,7,6,43,1,N,2,24939
1,1,1,1,8,7,65,1,N,2,20494
2,5,9,1,3,9,52,1,N,2,10098
1,1,1,1,7,11,64,1,N,2,27252
1,6,7,2,6,11,58,1,N,2,18535
2,1,1,1,9,7,25,1,N,2,16287
1,6,2,2,9,6,39,1,N,2,1692
1,6,1,2,6,7,33,1,N,2,11978
1,6,1,2,4,5,9,1,N,2,21432
2,6,1,1,6,9,24,1,N,2,14286
1,6,1,1,2,N,7,1,N,1,22443
2,1,1,2,4,4,31,1,N,2,8836
1,1,2,1,2,6,89,1,N,2,23772
1,4,1,1,0,6,18,1,N,2,27252
2,6,1,2,6,7,16,1,N,2,20429
2,6,1,2,N,4,56,1,N,2,27199
2,6,1,1,1,5,59,1,N,2,12736
2,1,1,1,9,9,21,1,N,2,8542
1,1,2,1,8,9,45,1,N,2,21405
2,6,1,1,4,7,24,1,N,2,14118
1,6,2,2,3,7,34,1,N,2,21059
2,1,1,1,7,7,87,1,N,2,14626
2,1,1,1,2,N,57,1,N,2,19907
2,4,1,1,2,2,66,1,N,2,13111
2,1,2,1,2,7,45,1,N,2,11262
2,1,1,1,9,7,56,1,N,2,18214
2,1,6,2,6,7,57,1,N,2,11355
2,6,1,1,9,N,70,1,N,2,18654
1,1,2,1,8,7,25,1,N,2,24939
1,6,1,2,3,7,41,1,N,2,12210
1,6,1,1,2,4,18,1,N,2,27252
2,1,1,1,7,7,95,1,N,2,13463
2,4,1,1,1,8,45,1,N,2,21940
1,1,1,1,7,N,49,1,N,2,23838
1,6,1,1,1,5,5,1,N,2,26996
1,1,1,1,8,7,74,1,N,2,17514
2,6,1,2,N,7,29,1,N,2,20282
2,6,2,1,8,7,7,1,N,2,24939
1,N,2,1,0,7,45,1,N,2,12201
2,1,1,1,0,12,53,1,N,2,15709
2,3,2,1,3,3,65,1,N,2,20418
2,1,1,1,7,7,74,1,N,2,16126
2,1,1,2,7,7,47,1,N,2,27252
2,1,1,1,9,N,20,1,N,2,19500
1,1,1,1,0,3,87,1,N,2,11399
2,1,1,1,6,3,26,3,N,2,16566
2,1,1,1,6,12,65,1,N,2,18540
1,6,1,1,0,7,3,1,N,2,6555
2,6,1,1,9,7,30,1,N,2,18851
1,1,1,1,9,7,60,1,N,2,6792
2,1,1,1,6,7,53,1,N,2,4377
2,1,2,1,2,N,23,1,N,2,22683
2,6,1,1,7,6,26,1,N,2,16079
2,1,6,1,7,9,78,1,N,2,16048
2,1,6,2,3,N,34,1,N,2,21964
1,1,1,1,0,3,19,1,N,2,3575
2,6,6,2,4,9,66,2,N,2,12483
1,6,1,2,2,6,13,1,N,2,11270
2,1,1,1,1,10,41,1,N,2,14073
1,3,1,1,N,3,11,1,N,2,24939
1,1,2,2,7,7,9,1,N,2,12872
2,6,2,1,0,7,14,1,1,2,10252
2,1,1,1,5,10,7,1,N,2,12615
2,1,1,1,N,7,25,1,N,2,23251
2,2,2,2,5,6,49,1,N,2,23517
2,1,1,1,8,7,66,1,N,2,11714
2,6,8,1,4,5,41,1,5,2,20890
2,1,1,1,8,12,46,1,N,2,20406
2,1,1,1,N,N,40,1,N,2,21778
2,1,1,1,6,2,67,1,N,2,18726
1,1,1,1,5,7,56,1,N,2,21294
2,1,1,1,N,7,60,1,N,2,18945
1,1,1,1,N,7,80,1,N,2,4465
1,6,1,1,5,N,65,1,N,2,14381
2,5,1,2,0,4,52,1,1,2,23558
2,6,1,1,7,7,20,1,N,2,19074
2,1,7,1,4,7,28,1,N,2,17910
1,6,1,1,0,7,47,1,N,2,12486
1,6,8,1,9,7,63,1,N,1,15675
2,1,1,1,8,3,45,1,N,2,18295
1,3,1,1,8,5,74,1,N,2,7167
2,1,1,2,9,7,36,1,N,2,27252
2,5,1,1,8,9,71,1,N,2,1094
1,1,6,1,7,7,29,1,N,2,24845
1,1,1,0,5,9,67,1,N,2,14258
2,1,2,1,0,5,63,1,N,2,16530
1,1,1,1,7,5,57,1,N,2,19171
2,1,1,2,6,10,16,1,N,2,27252
2,6,1,2,4,9,79,1,N,2,7252
2,1,1,1,1,10,60,1,N,2,17258
2,1,1,1,4,N,26,1,N,2,26927
1,6,1,2,1,6,30,1,N,2,17059
2,1,2,1,1,8,48,1,2,2,18502
1,1,1,1,9,7,90,1,N,2,3312
2,1,3,1,0,8,0,2,6,2,20178
1,1,1,1,9,3,67,1,N,2,21741
2,3,1,1,1,6,67,1,N,2,16823
1,3,1,2,3,5,4,1,N,2,18580
2,4,2,2,1,8,2,1,N,2,23319
1,6,1,2,5,5,20,1,N,2,17446
2,1,1,1,N,7,61,1,N,1,1692
2,6,7,2,3,5,32,1,N,2,8137
1,1,1,2,3,2,64,1,N,2,15322
1,N,1,1,4,7,37,1,N,2,16016
2,1,1,1,3,7,9,1,N,2,13108
2,4,1,2,9,7,12,1,N,2,12099
2,6,2,2,3,7,4,1,N,2,22998
2,1,2,2,2,6,30,1,N,2,12397
2,1,1,2,6,6,68,1,N,2,6742
2,6,8,2,2,5,67,1,N,2,21625
2,6,1,2,2,7,16,1,N,2,23943
2,1,1,2,0,4,48,1,N,2,18825
1,6,1,1,8,N,0,1,N,2,23217
2,1,1,1,7,12,47,1,N,2,5162
2,6,1,0,0,6,38,1,N,2,21548
1,6,1,1,2,5,54,3,N,2,14157
1,1,1,1,N,3,18,1,N,2,21778
2,6,1,1,4,5,25,1,N,2,16410
2,1,1,1,5,N,64,1,N,2,12822
2,1,2,2,9,7,44,1,N,2,16629
2,1,1,1,9,3,45,1,N,2,20590
2,6,7,2,6,9,0,1,N,2,14936
1,3,1,2,N,7,49,1,N,2,24939
1,1,1,1,5,7,0,1,N,2,25593
2,4,5,2,2,11,95,1,N,2,5198
2,6,1,1,2,7,61,1,N,2,14681
2,1,1,1,N,3,71,1,N,2,19035
1,6,1,1,0,4,66,1,N,2,10697
1,1,1,1,N,6,52,1,N,2,23920
1,6,1,1,8,3,7,1,N,2,15143
1,6,1,1,N,7,61,1,N,2,17747
2,4,1,1,5,2,95,1,N,2,11283
1,2,2,1,8,N,52,1,N,2,8452
2,1,2,1,2,7,41,1,N,2,5732
2,1,1,1,7,6,21,1,N,2,15853
2,1,2,2,N,2,56,1,4,2,15930
1,1,1,1,N,7,74,1,N,2,15624
1,1,1,1,5,N,47,1,N,2,25273
2,1,1,1,0,N,69,1,N,2,24939
1,1,2,2,1,4,0,1,N,2,13166
2,1,1,1,0,4,71,1,N,2,15554
2,1,1,1,9,7,15,1,N,2,16712
2,6,1,1,3,1,35,1,N,2,26329
2,1,1,1,7,7,14,1,N,2,19567
1,1,1,0,5,7,41,1,N,2,6322
1,4,1,1,2,7,2,1,N,2,14951
1,1,1,1,8,7,50,1,N,2,6494
2,6,2,2,8,N,53,1,N,2,19452
1,1,2,1,7,10,60,1,1,2,8985
2,1,1,1,7,N,62,1,N,2,21658
2,1,1,1,N,7,52,1,N,2,12257
1,1,1,1,9,7,49,1,N,2,26544
1,3,1,2,0,7,51,1,N,2,4721
1,1,1,1,8,7,60,1,6,2,17207
2,1,2,1,7,9,49,1,N,2,8491
2,2,2,1,N,N,60,1,N,2,23105
2,4,6,2,9,7,69,1,N,2,11165
1,1,1,1,6,N,55,1,N,2,14234
2,1,1,1,9,11,58,1,N,2,16175
2,6,2,1,6,1,72,1,N,2,22379
1,6,1,1,5,3,20,1,N,2,12267
1,6,7,2,9,4,30,1,N,2,4087
2,1,1,1,4,2,81,1,N,2,21642
2,1,1,1,5,6,91,1,N,2,15942
2,6,2,2,2,7,15,1,N,2,2746
1,6,2,1,3,4,12,1,N,2,19865
2,1,1,1,5,N,66,1,N,2,23984
2,1,1,1,3,6,59,1,N,2,0
2,6,1,2,5,N,81,1,N,2,4019
2,1,2,1,9,11,73,1,N,2,0
1,1,1,2,7,8,32,1,N,2,27252
1,4,1,2,9,6,28,1,N,2,24281
1,6,2,1,2,6,19,1,N,2,14879
2,6,1,1,7,7,34,1,N,2,15746
1,6,2,2,N,7,61,1,N,2,17000
2,1,1,1,4,6,75,1,N,2,11204
2,6,1,1,2,7,49,1,1,2,505
2,1,1,2,3,5,58,1,N,2,22095
1,1,1,1,9,N,77,1,N,2,11847
2,1,8,0,6,10,33,1,N,2,24939
2,6,1,1,6,7,4,1,N,2,18727
2,6,1,1,7,N,28,1,N,2,12230
2,6,2,2,0,2,57,1,N,2,5913
2,6,2,1,7,6,22,1,N,2,18658
1,6,9,1,3,7,26,1,N,2,23164
2,6,2,2,N,7,26,1,N,2,14124
2,6,2,2,0,7,0,1,N,2,16843
1,6,6,1,6,6,67,1,N,2,13435
2,1,1,1,9,7,39,1,N,2,6656
1,1,1,1,1,11,43,1,N,2,22096
1,1,1,2,0,5,20,1,N,2,13991
1,1,1,1,6,6,40,1,N,2,19077
2,6,6,2,0,4,43,1,N,2,6835
2,4,5,2,1,6,16,1,N,2,10951
2,1,1,1,N,N,65,1,N,2,835
1,1,1,1,2,6,75,1,N,2,27252
2,1,1,1,9,N,76,1,N,2,4922
2,1,1,2,0,7,43,1,N,2,19684
2,6,1,1,4,7,61,1,N,2,21402
2,1,1,1,7,6,85,1,N,2,20180
1,6,1,1,3,6,63,1,N,2,16156
1,4,1,2,9,10,63,3,N,2,4395
1,4,1,1,6,N,59,1,N,2,23171
2,1,2,1,9,6,51,1,N,2,20936
2,1,2,1,6,7,0,1,N,2,27252
2,1,2,2,9,3,56,1,N,2,7545
2,4,3,1,0,7,63,1,N,2,13061
2,1,1,2,4,7,28,1,N,2,16600
2,1,2,1,N,N,79,1,N,2,18274
2,1,2,2,3,5,44,1,N,2,13107
2,1,1,2,7,7,33,2,N,2,14953
2,1,1,1,4,5,2,1,N,2,24939
2,1,1,1,9,7,16,1,N,2,14656
2,6,1,1,3,9,77,1,N,2,18859
1,6,1,1,3,6,20,1,N,2,4866
2,1,1,1,5,N,69,1,N,2,13187
2,1,1,2,0,10,34,1,N,2,12986
1,6,1,1,7,7,32,1,N,2,20107
2,1,1,1,8,N,47,1,N,2,21973
2,1,1,1,N,N,21,1,N,2,20929
1,6,2,2,2,7,33,1,N,2,13215
1,6,2,1,1,3,17,1,N,2,12997
1,1,1,1,0,N,54,1,N,2,24939
2,1,6,1,9,3,44,1,N,2,12689
2,1,1,1,N,N,2,1,N,2,27252
1,6,1,0,0,7,78,1,N,2,0
1,6,2,2,6,4,2,1,N,2,12071
1,6,1,2,2,4,19,1,N,2,19823
2,6,2,1,4,5,64,1,N,2,16523
1,1,1,2,0,6,2,1,N,2,26516
1,1,1,1,6,10,25,1,N,2,13757
1,4,2,1,9,7,52,1,N,2,27252
1,6,1,2,N,7,17,1,N,2,11508
2,6,1,2,3,7,26,1,N,2,7351
1,1,1,2,7,6,34,1,N,2,18835
2,1,1,1,N,7,65,1,N,2,12431
1,6,1,2,N,6,34,1,N,2,15902
2,4,1,2,3,11,59,1,N,2,18135
2,6,2,2,3,7,24,1,N,2,8764
2,6,3,1,2,N,19,1,N,2,24939
1,6,1,1,3,6,26,1,N,2,13274
2,6,1,1,5,2,0,1,N,2,18929
2,1,1,1,2,7,34,1,N,2,18423
2,1,1,1,5,7,46,1,N,2,21624
1,1,1,1,7,10,71,1,N,2,18784
1,6,1,2,3,7,33,1,N,2,10593
2,1,1,1,7,10,32,1,N,2,12904
2,1,8,1,3,9,50,1,N,2,8782
1,6,1,1,3,7,37,1,N,2,12186
2,6,1,1,7,7,12,1,N,2,13124
2,1,1,1,9,7,39,1,N,2,21478
2,6,1,1,N,7,17,1,N,2,25166
2,1,2,1,5,7,54,1,N,2,14195
1,4,2,1,9,7,48,1,N,2,24939
1,1,1,1,N,7,41,1,N,2,19362
1,1,1,2,4,4,36,1,N,2,21734
2,1,1,1,3,N,64,1,N,2,22121
2,1,1,2,3,6,61,1,N,2,3344
2,4,1,2,1,9,23,1,N,2,20912
1,1,6,2,4,8,0,1,N,2,11448
1,1,1,2,6,7,27,2,N,2,22421
1,1,1,1,8,7,55,1,N,2,27252
2,6,1,1,7,7,44,1,N,2,22689
2,1,1,1,4,N,48,1,N,2,17610
1,6,1,1,7,7,92,1,N,2,2030
2,6,2,2,0,7,27,1,N,2,21297
1,6,2,1,2,3,22,1,N,2,1908
2,1,1,1,6,6,79,1,N,2,15233
2,1,1,1,N,7,21,1,N,2,9526
1,1,1,2,5,6,50,1,N,2,21666
1,1,1,1,9,N,60,1,N,2,23762
1,1,1,1,N,7,3,1,N,2,3475
1,6,1,1,N,7,36,1,N,2,24939
1,1,1,1,N,7,49,1,N,2,12477
1,2,2,1,6,7,4,1,N,2,16892
2,1,1,2,2,10,40,1,N,2,19760
2,1,1,1,4,7,47,1,N,2,17994
2,6,1,1,8,7,44,1,N,2,12858
2,1,1,1,4,N,75,1,N,2,20008
1,6,1,2,5,6,0,1,N,2,13469
2,6,1,1,5,6,61,1,N,2,11728
2,6,1,2,8,7,25,1,N,2,24206
2,1,1,1,6,11,34,1,N,2,24939
2,6,1,1,N,N,32,1,N,2,14209
2,1,1,1,4,7,70,1,N,2,20400
1,1,1,1,0,7,28,1,N,2,16016
1,2,2,1,7,7,71,1,N,2,26272
1,6,1,1,4,3,40,1,N,2,27252
1,6,2,2,0,6,58,1,N,2,11531
1,4,2,2,3,5,55,1,N,2,16315
1,1,1,2,9,9,72,1,N,2,3131
1,6,1,2,0,7,0,1,N,2,27252
1,1,1,1,2,11,51,1,N,2,16558
1,6,1,2,4,7,3,1,N,2,3438
2,6,1,1,8,7,66,1,N,2,16384
2,4,1,2,4,9,58,1,N,2,4010
2,1,1,1,5,12,80,1,N,2,19764
1,6,6,1,8,7,15,1,N,2,22620
1,1,1,2,N,6,49,1,N,2,12519
1,4,1,1,N,7,12,1,N,2,22231
2,1,1,1,0,7,49,1,N,2,26180
2,6,1,2,7,1,68,1,N,2,16377
2,6,2,1,4,7,37,1,N,2,25517
1,1,1,1,7,11,80,1,N,2,18453
2,1,1,1,8,7,79,1,N,2,18575
1,6,2,1,6,6,83,1,N,2,22233
2,6,2,2,2,5,61,1,N,2,11185
1,1,1,1,8,6,94,1,N,2,19380
1,6,1,2,3,6,22,1,N,2,15917
2,6,2,2,2,4,0,1,N,2,14987
2,1,1,1,7,6,25,1,N,2,9249
2,6,1,1,6,7,59,1,N,2,17645
1,1,1,1,1,7,16,1,N,2,14701
1,1,1,1,8,10,83,1,N,2,15894
2,4,2,2,0,6,68,1,N,2,22121
1,1,2,2,5,9,87,1,N,1,16115
2,1,1,1,9,7,76,1,N,2,19723
2,4,1,1,5,N,23,1,N,2,15397
2,6,1,1,3,N,0,1,N,2,13124
2,3,6,2,7,N,59,1,N,2,23613
1,6,1,1,7,7,73,1,N,2,11588
2,1,1,1,4,9,27,1,N,2,8916
2,1,1,2,5,7,61,1,N,2,9684
1,6,1,2,N,7,46,1,N,2,22326
2,6,1,1,2,6,29,1,N,2,12065
1,1,1,1,2,7,64,1,N,2,21629
2,6,1,1,7,5,40,1,N,2,21712
2,1,1,2,6,7,44,1,N,2,21585
2,1,1,2,1,8,37,1,N,2,21337
2,6,1,1,8,7,6,1,N,2,24121
1,6,1,1,4,7,50,1,N,2,19094
1,1,3,2,3,1,74,1,N,2,6810
2,1,1,1,N,7,38,1,N,2,14952
1,1,1,1,5,9,71,1,N,2,23049
1,1,1,0,6,7,33,1,N,2,12267
2,1,1,2,8,7,27,1,N,2,24537
2,1,1,1,8,4,50,1,N,2,12889
2,6,1,2,9,6,40,1,N,2,20727
2,1,2,1,6,9,22,1,N,2,15860
2,1,2,1,4,9,81,1,N,2,19899
1,1,1,1,N,7,60,1,N,2,21442
1,1,1,1,1,6,15,1,N,2,24939
2,1,2,1,2,6,57,1,N,2,17495
1,4,1,2,N,7,79,1,N,2,9716
1,6,2,1,0,6,40,2,N,2,17380
2,6,1,2,7,N,74,1,N,2,14586
2,1,7,1,N,7,73,1,N,2,21578
1,4,2,2,5,2,64,1,N,2,7915
2,1,1,1,8,N,38,1,N,2,20531
1,1,1,1,0,3,66,1,N,2,13458
2,6,1,1,8,7,13,1,N,2,12498
1,1,1,1,9,N,44,1,N,2,23676
1,6,2,2,3,7,43,1,N,2,15910
2,6,1,1,N,7,41,1,N,2,22036
2,6,2,1,0,3,9,1,N,2,13390
2,2,1,1,0,7,78,1,N,2,19321
2,1,2,2,2,4,28,1,N,2,20698
1,6,2,2,2,7,21,1,N,2,25394
1,3,1,1,5,7,62,1,N,2,19033
1,1,1,1,9,2,57,1,N,2,17945
2,6,8,1,0,8,21,1,N,2,20413
1,6,1,2,5,7,87,1,N,2,13576
2,6,1,1,8,N,64,1,N,2,27252
2,2,2,2,4,7,29,3,N,2,25998
2,1,2,1,2,7,43,1,N,2,16763
2,6,2,2,2,4,23,1,N,2,9119
1,1,2,1,2,7,59,1,N,2,16448
2,1,1,1,N,N,95,1,N,2,6744
2,1,1,1,N,N,71,1,N,2,25544
2,3,1,1,2,6,36,1,N,2,4747
1,6,1,1,0,7,33,1,N,2,24672
1,3,1,1,8,5,41,1,N,2,4072
2,1,2,2,6,2,3,1,N,2,11389
2,N,1,1,N,6,81,1,N,2,26693
2,6,1,2,2,6,38,1,N,2,6077
2,6,1,1,7,7,39,1,N,2,6973
1,1,1,1,9,3,58,1,N,2,20174
1,1,1,0,9,7,55,1,N,2,19962
2,1,1,0,2,N,4,1,N,2,11772
2,1,1,1,0,7,46,1,N,2,17853
1,6,1,1,1,3,45,1,3,2,14919
2,4,1,1,0,3,56,1,N,2,24939
2,1,1,1,N,N,80,1,N,2,17103
2,6,1,2,5,7,32,1,N,2,23414
2,4,1,2,2,N,60,1,N,2,18635
1,6,1,1,5,5,41,1,N,2,18058
2,6,1,1,4,6,52,1,N,2,12584
2,1,1,1,4,11,95,1,N,2,15800
2,1,1,1,9,N,43,1,N,2,22011
1,1,1,1,7,9,19,1,N,2,24064
1,1,1,1,3,N,41,1,N,2,27252
2,6,2,2,2,6,25,1,N,2,14025
2,6,1,1,7,7,81,1,N,2,14139
1,6,2,1,7,7,90,1,N,2,1692
2,6,1,2,5,6,11,1,N,2,4916
2,1,1,1,6,7,62,1,N,2,465
1,4,1,1,7,7,21,1,N,2,9399
1,1,1,1,1,12,51,1,N,2,12511
1,1,1,1,0,10,94,1,N,2,24939
2,1,1,1,2,7,41,1,N,2,15254
2,1,1,1,N,3,67,1,N,2,27090
1,6,1,1,3,N,28,1,N,2,22161
2,6,2,2,6,7,12,1,N,2,16843
1,1,1,1,8,2,61,1,N,1,25560
1,6,2,1,7,5,31,1,N,2,18395
2,6,2,1,2,9,62,1,N,2,12739
1,6,1,1,N,7,4,1,N,2,27252
1,3,2,2,1,11,11,1,N,2,16725
1,6,2,1,0,9,25,1,N,2,6403
2,1,1,1,9,6,30,1,N,2,27252
1,2,1,1,7,6,66,1,N,2,23918
2,6,1,1,2,N,40,1,N,2,23890
2,6,1,2,1,10,20,1,N,2,8505
1,1,1,1,8,N,0,1,N,2,22166
1,6,8,2,6,11,79,1,N,2,26209
1,6,2,2,3,4,18,1,N,2,16964
1,1,1,1,8,6,16,1,N,2,27252
2,6,1,1,5,6,73,1,N,2,13797
2,1,1,1,2,N,25,1,N,2,27252
2,1,1,2,5,7,35,1,N,2,21019
1,6,2,1,1,5,38,1,2,2,15805
2,1,1,2,1,5,28,1,N,2,21289
1,1,1,1,8,7,43,1,N,2,11719
2,1,1,1,8,11,66,1,N,2,22444
2,4,1,2,0,12,34,1,N,2,26896
2,3,1,2,2,5,20,1,N,2,7795
1,1,1,1,6,12,0,1,N,2,27252
2,6,1,2,1,5,0,1,N,2,27252
2,1,1,1,7,N,62,1,N,2,27252
2,6,1,1,2,7,4,1,N,2,21592
2,1,2,1,4,7,52,1,N,2,10089
1,1,1,1,2,N,54,1,N,2,22006
2,4,1,2,8,7,62,1,N,2,23206
2,1,1,1,2,12,33,1,N,2,11714
1,6,1,2,2,7,34,1,N,2,4062
1,3,2,2,0,6,15,1,N,2,18006
1,3,1,2,9,9,78,1,N,2,12320
1,1,1,1,N,N,82,1,N,2,21432
2,6,2,1,N,7,70,1,N,2,17211
2,1,1,1,0,3,43,1,N,2,1991
2,1,1,1,9,3,62,1,N,2,18693
2,6,1,1,4,3,61,1,N,2,22115
1,1,1,2,0,N,10,1,N,2,27252
1,1,1,1,N,2,52,1,N,2,11964
2,4,1,1,2,6,32,1,N,2,14123
2,1,1,1,4,N,32,1,N,2,17116
1,6,6,2,7,9,20,1,N,2,22594
2,1,1,1,N,7,72,1,N,2,24939
1,1,1,2,0,8,72,1,N,2,16330
1,1,1,1,5,7,58,1,N,2,1309
1,1,1,1,8,9,57,1,N,2,17583
2,6,1,1,7,9,11,1,N,2,27252
2,1,2,1,5,4,40,1,N,1,15505
1,6,1,1,1,2,17,1,N,2,18143
2,1,1,2,9,7,16,1,N,2,26948
1,6,2,1,7,2,25,1,N,2,24836
2,3,2,1,6,3,16,1,N,2,27252
2,1,1,1,9,N,85,1,N,2,22079
1,1,1,1,4,N,50,1,N,2,15009
2,3,1,1,N,7,34,1,N,2,11453
1,1,8,1,7,N,41,1,N,2,1062
2,1,1,1,9,7,46,1,N,2,3687
1,6,2,2,0,7,32,1,N,2,17474
2,1,1,2,9,7,34,1,N,2,5200
1,6,1,1,0,3,70,1,N,2,22053
2,1,1,1,9,7,54,1,N,2,17680
1,1,1,1,9,7,19,1,N,2,10576
1,3,1,1,N,3,57,1,N,2,19450
2,1,1,1,N,N,13,1,N,2,19793
2,1,1,1,0,N,85,1,N,2,16444
2,1,2,1,9,7,32,1,N,2,17385
2,6,6,1,6,7,0,1,N,2,22400
2,4,1,1,2,5,32,2,N,2,16853
2,1,1,1,8,3,41,1,N,2,7222
2,6,1,2,2,6,27,1,4,1,15503
2,1,1,1,7,12,10,1,N,2,21072
1,1,1,1,N,7,61,1,N,2,6756
2,6,2,1,1,4,16,1,N,2,27252
1,1,1,2,8,7,36,3,N,2,18531
1,1,1,1,7,12,57,1,N,2,7664
1,4,1,1,3,5,52,1,N,2,20141
1,6,1,1,5,5,55,2,N,2,9890
2,1,1,1,9,N,90,1,N,2,8374
2,6,1,1,0,5,37,1,N,2,15967
1,4,2,2,8,7,41,1,N,2,6702
2,1,1,1,N,N,78,1,N,2,17412
1,6,2,1,3,7,55,1,N,2,18910
1,1,1,1,2,11,58,1,N,2,17684
2,1,2,1,8,3,21,1,N,2,22321
1,2,1,1,3,3,41,1,N,2,10245
2,6,2,2,0,5,3,1,N,2,11792
2,1,9,1,6,7,42,1,N,2,14923
2,6,1,2,7,N,16,1,N,2,23631
2,1,1,1,2,7,0,1,N,2,19593
1,1,5,1,0,2,46,1,N,2,17662
2,6,1,1,7,7,71,1,N,2,2207
1,6,1,2,7,3,49,1,N,2,22644
2,1,1,1,7,11,56,1,N,2,14171
1,1,1,2,7,5,6,1,N,2,21950
1,6,1,1,N,7,18,1,N,2,27252
1,1,1,1,6,N,56,1,N,2,21972
2,4,1,1,8,N,77,1,N,2,18213
2,5,2,2,N,7,21,1,6,2,11534
2,6,2,1,8,10,14,1,N,2,20093
2,1,1,1,8,12,67,1,N,2,5046
2,1,2,1,1,7,11,1,N,2,20431
2,1,2,1,6,9,40,1,N,1,17689
1,1,6,1,3,7,81,1,N,2,11876
1,1,2,2,6,7,35,1,N,2,20802
1,4,2,1,N,7,45,1,N,2,23907
2,1,1,1,N,7,56,1,N,2,17038
2,1,2,1,0,11,49,1,N,2,5739
1,1,1,1,8,7,62,1,N,2,12448
1,1,1,1,N,3,54,1,N,2,15296
1,1,1,1,N,N,22,1,N,2,24443
2,1,1,1,7,N,55,1,N,2,25136
2,1,1,2,N,7,38,1,N,2,15804
2,1,1,0,9,7,35,1,N,2,17862
2,6,1,1,1,5,33,1,N,2,11334
2,6,9,1,3,7,49,1,N,2,10222
1,6,2,2,7,8,75,1,N,2,10050
2,4,1,0,6,9,23,1,N,2,9371
1,6,1,1,3,7,55,1,N,2,10075
2,1,1,1,4,7,17,1,N,2,16354
1,3,1,2,N,7,53,1,N,2,9622
1,1,3,1,N,7,85,1,N,2,19223
2,1,1,2,9,N,51,1,N,2,15456
2,3,1,2,2,7,45,1,2,2,22701
1,1,1,1,0,6,50,1,N,2,8513
2,6,8,2,7,6,66,1,N,2,12376
1,1,2,1,N,7,86,1,N,2,18292
2,1,2,2,0,7,15,1,N,2,27250
1,2,2,2,6,3,53,1,6,2,15496
1,1,1,1,1,12,39,1,N,2,8341
1,1,3,1,8,7,55,1,N,2,24432
2,1,1,2,2,6,32,1,N,2,19853
2,1,6,2,N,7,73,3,N,2,15417
1,3,5,2,3,7,10,1,N,2,20512
1,1,1,1,7,11,37,1,N,2,11397
2,1,1,1,0,7,0,1,N,2,12320
2,1,1,1,7,7,34,1,N,2,16286
2,1,1,1,7,11,48,1,6,2,19704
2,1,1,1,0,5,37,1,N,2,27252
1,6,1,2,1,6,7,1,N,2,15936
1,3,2,2,6,7,60,1,N,2,18016
1,1,1,1,6,1,41,1,N,2,7188
1,6,1,1,1,9,36,1,N,2,5548
2,6,1,1,2,7,65,1,N,2,21663
2,6,1,2,1,4,9,1,N,2,19142
2,1,1,1,8,7,41,1,N,1,18053
1,6,1,1,N,7,15,1,N,2,17133
2,1,1,1,5,N,86,1,N,2,16309
2,4,1,1,8,7,43,1,N,2,23574
2,1,1,2,7,5,40,1,N,2,11131
2,1,1,1,7,N,62,1,N,2,21533
2,6,1,1,N,7,73,1,N,2,20052
2,6,1,2,7,4,63,1,N,2,23914
2,1,2,2,1,4,34,1,N,2,22460
2,1,2,1,6,10,40,1,N,2,24016
1,1,1,1,9,9,24,1,N,2,18655
1,1,1,1,6,7,38,1,N,2,20100
1,1,2,1,2,4,51,1,N,2,11748
1,6,1,1,5,7,66,1,N,2,7278
2,1,1,2,5,5,18,1,N,2,16391
2,6,2,1,8,7,7,1,N,2,12117
2,1,1,1,8,6,65,1,N,2,1926
2,1,1,2,7,7,29,1,N,2,20261
1,1,1,1,6,N,59,1,N,2,2332
2,6,2,1,3,8,74,1,N,2,8217
1,4,1,2,8,7,38,1,N,2,20468
2,6,1,1,2,5,48,1,N,2,27252
1,3,2,2,7,7,38,1,N,2,16515
1,6,1,2,5,7,35,1,N,2,27252
1,6,2,2,2,4,14,1,N,2,14219
2,1,1,2,6,7,8,1,N,2,25397
2,6,8,0,0,4,0,1,N,2,27252
2,1,7,1,6,7,67,1,N,2,13892
1,1,1,1,5,12,70,1,N,2,14302
2,6,1,1,7,5,63,1,N,2,14127
2,6,1,2,3,5,50,1,N,2,8035
2,1,8,2,N,7,59,1,N,2,2875
2,6,2,1,0,6,0,1,N,2,21187
2,1,1,1,N,N,66,1,N,2,19731
2,6,1,2,8,7,31,1,N,2,18566
1,1,1,1,7,1,59,1,N,2,10151
1,4,1,1,7,3,74,1,N,2,27252
2,1,1,1,0,6,14,1,N,2,19772
1,1,2,1,6,7,55,1,N,2,19006
2,1,1,1,7,7,93,1,N,2,14425
2,6,4,1,0,N,40,1,N,2,21910
2,1,1,2,9,6,47,1,N,2,25509
2,4,1,1,N,N,43,1,N,2,19575
1,1,1,1,7,7,36,1,N,2,18530
2,1,1,1,3,9,54,1,N,2,20439
1,1,1,1,8,7,54,1,N,2,20731
2,1,2,1,3,7,58,1,N,2,14332
1,6,9,1,0,7,15,1,N,2,27252
1,6,7,1,9,6,25,1,N,2,11326
1,6,1,1,8,7,15,1,N,2,24343
2,1,6,1,8,N,50,1,N,2,10529
1,1,4,0,1,5,28,1,N,2,17400
2,1,9,1,N,7,40,1,4,2,15938
1,3,1,1,4,7,73,3,N,2,11028
1,6,1,1,4,1,32,1,N,2,27252
1,6,1,1,5,N,57,1,N,2,21450
1,1,1,1,N,7,66,1,N,2,27252
1,1,1,1,N,N,58,1,N,2,16232
2,1,3,1,5,6,15,1,N,2,13150
2,3,1,2,N,7,60,1,N,2,9053
2,1,1,2,5,7,68,1,N,2,5336
2,6,1,2,3,8,47,3,N,2,11360
2,1,1,1,N,3,81,1,N,2,2497
2,1,1,1,N,3,68,1,N,2,10718
2,1,1,1,6,6,35,1,N,2,12628
2,3,1,1,5,7,50,1,N,2,17370
2,1,1,1,8,N,43,1,N,2,24604
1,1,1,1,N,7,68,1,N,2,27252
1,6,2,0,4,9,71,1,N,2,3683
2,1,1,1,7,6,55,1,N,2,231
2,1,1,1,6,4,44,1,N,2,19203
1,6,1,2,0,5,33,1,N,2,23359
2,4,2,1,2,6,59,1,N,2,7163
2,1,1,1,7,N,48,1,N,2,24210
1,6,4,2,2,7,74,1,N,2,10748
1,6,2,1,6,7,2,1,N,2,18229
2,6,2,1,5,N,76,1,N,2,12252
2,6,1,1,8,7,39,1,N,2,18741
2,6,6,1,N,7,49,1,N,2,23696
2,2,1,2,2,6,3,1,N,2,24939
1,1,5,2,7,5,28,1,N,2,15273
2,6,1,2,4,7,48,1,N,2,12582
2,1,1,1,7,N,4,1,N,2,19881
2,1,1,1,2,4,53,1,N,2,1586
2,1,1,1,9,9,52,1,N,2,16841
2,3,9,1,3,N,20,1,N,2,20079
2,1,1,1,6,N,69,1,N,2,13687
2,6,1,2,4,7,26,1,N,2,6762
2,6,2,2,2,6,52,1,N,2,20877
1,6,4,2,0,3,34,1,N,2,7191
2,5,1,1,6,8,76,1,N,2,2869
2,1,1,2,1,3,31,3,N,2,25794
2,6,1,2,8,7,30,1,N,2,27252
1,1,1,1,2,12,22,1,N,2,6324
2,1,1,1,8,9,55,1,N,2,12186
2,6,2,2,9,7,76,1,N,2,14676
2,6,8,2,N,7,47,1,N,2,21411
1,6,6,1,8,12,52,1,N,2,14362
1,6,9,2,5,7,21,1,N,2,15665
1,1,1,1,2,10,52,1,N,2,10857
1,1,1,1,2,12,58,1,N,2,20293
1,6,1,1,2,5,78,1,N,2,11164
1,6,1,2,0,6,18,1,N,2,22241
1,6,1,1,2,5,51,1,N,2,19062
1,1,3,1,3,N,78,1,N,2,625
2,1,1,2,N,5,23,1,N,2,16233
2,4,1,2,6,4,60,1,N,2,19204
1,3,1,1,6,7,66,1,N,2,14518
2,6,6,2,N,7,76,1,N,2,20117
1,6,1,1,2,4,47,1,N,2,16833
2,6,1,2,4,7,33,1,N,2,22273
1,1,6,1,9,7,56,1,N,2,26788
2,6,1,2,0,7,38,1,N,2,12389
1,2,2,1,8,7,67,1,1,2,12148
2,1,1,1,N,7,45,3,N,2,24939
2,1,1,2,2,7,59,1,N,2,22153
2,6,1,2,5,6,25,1,N,2,18514
1,6,2,2,9,6,74,1,N,2,10359
1,1,2,1,N,7,35,1,N,2,24754
2,1,1,2,8,7,60,1,N,2,22237
1,6,1,2,5,9,0,1,N,2,12464
2,1,1,2,6,5,72,1,N,2,17229
1,1,1,1,8,7,58,1,N,2,4879
1,6,1,2,4,7,26,1,N,2,25955
2,6,2,1,0,6,18,1,N,2,15207
2,1,1,1,3,N,80,1,N,2,830
1,6,2,0,9,4,75,1,N,2,10767
1,4,2,1,N,N,25,1,N,2,14947
1,4,8,2,8,6,41,1,N,2,0
2,6,1,2,8,N,37,1,N,2,6804
2,6,1,1,N,N,53,1,N,2,13008
2,6,3,2,6,6,0,1,N,2,22746
2,1,1,2,6,12,47,1,N,2,0
2,1,1,2,8,7,44,1,N,2,22077
2,6,1,2,1,3,20,1,N,2,18928
2,1,2,1,4,3,59,1,N,2,27252
1,6,1,1,0,9,16,1,N,2,16969
1,N,1,1,8,5,65,1,N,2,25191
1,1,1,1,N,N,44,1,N,2,13295
2,1,1,1,9,N,40,1,N,2,27252
2,1,2,1,3,N,58,1,N,2,12773
1,2,1,2,7,5,26,1,N,2,11324
1,1,1,0,0,7,51,1,N,2,19182
1,1,1,1,N,7,40,1,N,2,19037
1,1,2,1,9,6,68,1,N,2,17555
2,6,1,1,4,N,28,1,N,2,14556
2,6,2,2,2,6,57,1,N,2,0
2,6,1,1,N,7,35,1,N,2,12417
2,1,1,1,0,N,24,1,N,2,17405
2,6,9,1,9,6,55,1,N,2,16232
2,1,1,1,8,N,56,1,N,2,25577
2,6,1,2,3,7,61,1,N,2,12280
1,6,2,2,1,5,5,1,N,2,2464
1,1,1,1,3,5,59,1,N,2,15969
1,6,1,1,0,N,2,1,N,2,6431
2,1,1,1,N,7,50,1,N,2,24575
1,6,1,1,8,7,33,1,N,2,17616
1,1,1,2,5,N,18,1,N,2,12707
2,1,1,1,9,7,85,1,N,2,14493
2,6,1,1,5,N,70,1,N,2,21259
2,2,1,2,6,9,52,1,N,2,22211
2,1,1,1,7,N,48,1,N,2,18177
1,1,1,2,3,6,48,1,N,2,12957
1,6,1,1,3,8,65,1,N,2,22752
1,4,1,1,N,7,87,1,N,2,18563
1,1,2,1,9,12,39,1,N,1,0
2,6,1,1,0,7,1,1,N,2,15621
2,1,1,1,8,2,34,1,N,2,20898
1,1,1,2,8,6,63,1,N,2,21044
1,1,1,1,N,3,31,1,N,2,17222
2,1,1,0,8,8,15,1,N,2,12951
2,1,2,1,7,2,53,1,N,2,27252
2,1,1,1,8,7,85,1,N,2,20719
2,4,1,2,9,4,19,1,N,2,12009
1,1,1,1,7,6,63,1,N,2,14792
2,1,1,1,0,N,76,1,N,2,24143
1,4,1,1,2,5,33,1,N,2,8315
2,5,1,1,4,2,32,1,N,2,14254
2,6,1,1,N,7,49,1,N,2,20794
2,1,1,1,5,N,46,1,N,2,27252
1,1,1,1,0,12,88,1,N,2,21158
2,1,1,1,1,6,43,3,N,2,8678
2,6,2,1,7,N,26,1,N,2,14532
2,1,1,2,3,7,0,1,N,2,18011
2,1,2,1,2,9,55,1,N,2,4207
2,1,2,1,6,6,29,1,N,2,16036
2,1,1,1,4,N,72,1,N,2,14855
1,6,1,2,3,7,43,1,N,2,9802
2,1,1,1,7,7,36,1,N,2,23547
2,1,1,1,5,7,0,1,N,2,7190
1,6,2,1,7,6,75,1,N,2,5867
1,4,1,1,3,7,50,1,N,2,17803
2,1,1,1,3,7,41,1,N,2,23133
1,1,1,1,N,3,61,1,N,2,20167
2,1,1,1,8,12,70,1,N,2,17819
2,6,1,1,0,7,0,1,N,2,8367
2,1,1,1,8,2,49,1,N,2,11925
1,4,1,1,3,5,54,1,N,2,19874
2,6,1,1,8,6,35,1,N,2,17002
1,4,1,2,2,5,40,1,N,1,3589
1,6,2,2,8,6,38,1,N,2,17489
2,1,1,1,8,7,67,1,N,2,22703
2,1,1,1,8,N,75,1,N,2,6549
2,6,1,2,6,2,59,1,N,2,9356
2,6,1,2,8,7,43,1,N,2,14319
2,2,1,1,5,7,31,1,N,2,26586
2,6,1,2,N,7,25,1,N,2,21949
2,6,1,1,7,7,93,1,N,2,19807
2,6,1,1,9,4,57,1,N,2,25965
2,1,1,1,7,3,21,1,N,2,13238
1,1,1,1,0,N,67,1,N,2,21746
2,1,1,2,N,7,63,1,N,2,27252
2,1,1,2,9,7,20,1,N,2,17513
2,3,1,1,6,9,21,1,N,2,22504
2,1,1,1,1,6,55,1,N,2,8867
1,1,1,1,N,7,63,1,N,2,952
1,1,8,1,5,7,36,1,N,2,15947
2,6,1,2,9,3,41,1,N,2,23728
2,1,1,1,0,6,1,1,N,2,16414
1,1,1,1,N,7,78,1,N,2,15979
1,1,1,1,9,N,49,1,N,2,16311
2,1,1,1,9,N,63,1,N,2,20188
2,6,2,1,N,N,20,1,N,2,21391
2,1,1,1,N,N,83,2,N,2,20002
2,6,1,2,2,7,67,1,N,2,20968
1,4,1,1,6,7,7,1,N,2,21704
2,6,1,1,8,7,59,1,N,2,15767
1,6,2,2,6,7,70,1,N,2,22798
2,1,2,1,9,7,46,1,N,2,4802
1,1,2,2,4,5,46,1,N,2,17191
2,6,1,1,N,3,44,1,N,2,24939
2,1,1,1,7,7,42,1,N,2,17480
1,6,1,2,9,7,26,1,N,2,17303
1,1,1,1,2,7,4,1,N,2,14426
2,6,1,1,0,12,50,1,N,2,11552
1,1,2,1,9,7,62,1,N,2,17222
2,1,2,1,6,7,33,1,N,2,24061
1,1,1,1,5,4,84,1,N,2,17222
1,6,1,1,4,7,21,1,N,2,22445
2,1,1,1,9,4,75,1,N,2,17314
1,6,9,2,6,10,10,1,N,2,2665
2,1,1,2,9,11,38,1,N,2,27252
2,6,1,2,5,6,57,1,N,2,26072
2,6,2,2,2,7,37,1,N,2,795
2,1,1,1,8,7,56,1,N,2,23172
2,1,2,1,3,7,48,1,N,2,12339
2,1,1,1,9,7,78,1,N,2,15905
1,1,1,2,9,N,17,1,N,2,18899
1,1,1,1,N,7,45,1,N,2,27252
1,6,1,2,1,4,11,1,N,2,3929
1,2,1,1,9,N,49,1,N,2,24568
1,1,1,2,6,8,58,1,N,2,16329
2,6,1,2,9,7,35,1,N,2,4558
2,1,1,1,9,7,60,1,N,2,20971
2,6,1,1,8,7,27,1,N,2,17122
1,1,1,2,9,5,73,1,N,2,9057
1,1,1,0,0,4,49,3,N,2,5790
1,4,1,2,1,1,66,1,N,2,15784
2,1,1,2,9,7,27,1,N,2,16107
2,6,1,1,9,6,21,1,N,2,25012
1,1,1,1,8,2,82,1,N,2,9476
2,1,1,2,N,N,70,1,N,2,25542
2,1,1,1,9,N,77,1,N,2,17608
1,6,1,2,8,1,57,1,N,2,3514
2,6,1,1,4,6,63,1,N,2,7608
1,1,1,1,9,7,67,3,N,2,16467
2,6,1,1,2,N,23,1,N,2,25855
1,1,1,1,2,N,0,1,N,2,23794
2,1,1,1,7,11,63,1,N,2,14701
1,1,1,1,1,6,80,1,N,2,18074
2,1,1,1,2,4,32,1,N,2,24918
1,6,1,1,0,7,55,1,N,2,19858
2,4,1,1,9,3,67,1,N,2,8414
2,1,1,1,1,9,68,1,N,2,9638
2,1,1,1,N,7,82,1,N,2,22093
2,1,1,1,0,4,0,1,N,2,13013
2,1,1,1,1,7,89,1,N,2,12224
1,1,1,1,9,3,73,1,N,2,21497
1,1,2,1,7,N,26,1,N,2,21042
2,6,1,1,1,11,44,1,N,2,13930
1,1,1,1,6,3,25,1,N,2,8157
1,6,7,0,4,5,21,1,N,2,9470
2,1,1,1,N,7,37,1,N,2,11582
2,4,1,1,2,6,55,1,N,2,26799
2,1,1,1,8,3,37,1,N,2,24988
1,4,1,1,9,N,55,1,N,2,16542
2,3,1,2,4,9,78,1,N,2,14038
1,1,1,1,0,6,12,1,N,2,14112
1,6,1,1,4,4,61,1,N,2,13826
2,1,6,1,0,11,31,1,N,2,15382
1,1,1,1,2,7,85,1,N,2,26296
2,1,1,1,6,7,42,1,N,2,19372
2,1,1,1,8,8,64,1,N,2,18454
2,5,6,1,9,6,89,2,N,2,4160
1,1,1,1,0,9,22,1,N,2,27252
2,1,1,2,N,7,18,1,N,2,17599
2,6,1,2,2,4,38,1,3,2,4562
2,1,2,1,3,N,38,1,N,2,17120
2,1,6,1,8,3,38,1,N,2,23606
2,6,1,1,7,7,25,1,N,2,22685
1,1,1,1,2,10,59,1,N,2,856
2,1,1,1,5,7,94,1,N,2,27252
1,6,1,2,6,6,0,1,N,2,24939
1,1,1,1,6,7,22,1,N,2,21117
2,1,2,1,3,5,9,3,N,2,17745
1,1,2,1,4,3,51,1,N,2,0
1,1,1,1,N,3,45,1,N,2,16073
1,6,2,2,7,7,32,1,N,2,15136
1,4,1,1,2,6,0,1,N,2,22023
1,1,1,1,7,N,27,1,N,2,19047
2,3,1,2,6,5,39,1,N,2,24122
1,6,1,2,6,3,23,1,N,2,15044
2,6,2,2,0,7,8,1,N,2,18171
2,1,6,1,N,7,72,1,N,2,6112
1,1,1,1,4,12,75,1,N,2,6572
2,1,1,2,0,7,14,1,N,2,24939
1,6,1,1,7,9,34,1,5,2,27252
2,1,8,1,8,7,70,1,N,2,6388
2,6,1,2,2,6,28,1,N,2,9752
1,1,1,1,N,7,48,1,N,2,20627
2,6,1,2,9,6,64,1,N,2,19058
2,6,1,2,1,6,26,1,N,2,11230
2,1,1,1,N,N,24,1,N,2,25384
2,1,1,1,7,7,68,1,N,2,15377
1,6,1,1,0,3,43,1,N,2,15038
2,6,1,1,0,7,59,1,N,2,19047
2,1,1,2,0,5,10,1,N,2,24939
1,3,1,2,1,5,57,1,N,2,9732
2,4,1,1,8,3,32,1,N,2,8786
1,1,2,1,9,N,52,1,N,2,19799
2,1,2,2,7,7,78,1,N,2,16896
1,6,1,1,1,9,37,1,N,2,8370
1,6,1,1,9,6,57,1,N,2,11181
2,N,1,1,N,7,20,1,N,2,24324
1,3,1,1,8,7,50,1,N,2,13308
1,4,1,2,N,N,39,1,N,2,16460
1,6,1,1,9,3,47,1,N,2,16105
2,6,2,2,2,4,40,2,N,2,18029
2,3,2,2,7,4,51,2,N,2,16989
2,1,1,1,N,7,55,1,N,2,9095
1,1,1,1,7,9,43,1,N,2,18572
1,1,7,1,9,3,10,1,N,2,21933
2,1,1,1,8,7,11,1,N,2,21437
2,1,1,1,9,7,79,1,N,2,21029
1,6,9,1,0,6,40,1,N,2,12715
2,6,1,1,0,6,40,1,N,2,12940
2,1,1,1,8,2,56,1,N,2,25008
2,1,1,2,2,6,36,1,N,2,13166
2,1,1,1,7,12,55,1,N,2,19477
2,6,1,1,9,5,58,1,N,2,19569
2,1,1,2,7,7,29,1,N,2,18907
2,1,1,1,8,9,41,1,N,2,25519
1,1,1,1,0,4,45,1,N,2,24858
1,3,1,2,8,9,60,1,N,2,8579
1,6,1,2,7,7,21,1,N,2,20204
1,4,1,0,8,2,67,1,N,2,5926
2,1,1,1,6,7,46,1,N,2,23377
1,1,1,1,N,7,69,1,N,2,17616
1,1,1,1,6,6,44,1,N,2,11519
2,3,2,1,7,5,60,1,N,2,21066
2,1,1,1,5,4,51,1,N,2,21015
1,1,2,2,2,7,56,1,N,2,4981
2,6,1,1,9,8,49,1,N,2,19291
1,6,1,1,2,6,0,3,N,2,23748
1,6,3,1,N,3,54,1,N,2,22598
2,6,1,1,4,5,57,1,N,2,24053
1,3,1,2,9,6,14,1,N,2,27252
1,1,1,1,6,7,73,1,N,2,20868
2,3,1,1,9,7,41,1,N,2,20822
2,1,1,1,0,6,57,1,N,2,18686
2,3,2,1,9,7,22,1,N,2,10507
1,3,6,2,2,7,36,1,N,2,4276
2,1,1,1,2,7,65,1,N,2,24691
2,1,8,0,7,2,45,1,N,2,15034
1,1,1,2,N,3,41,1,N,2,26178
2,1,2,1,1,N,28,1,N,2,1692
1,1,1,1,8,5,80,1,N,2,14924
2,6,1,2,N,3,57,1,N,2,16592
2,6,2,1,4,7,14,1,N,2,20976
2,6,1,0,1,5,35,1,N,2,13295
1,1,1,1,8,N,67,1,N,2,12641
2,4,1,1,1,10,48,1,N,2,21335
1,3,1,2,5,8,0,1,N,2,12438
1,1,1,2,2,7,68,1,N,2,9440
1,1,1,1,N,7,16,1,N,2,13127
1,6,1,1,7,N,34,1,N,2,23521
1,1,1,1,N,11,59,1,N,2,11864
1,1,1,1,N,7,78,1,N,2,2447
2,6,2,1,N,7,31,1,N,2,19036
2,1,1,1,N,7,8,1,N,2,27252
1,6,1,1,N,N,49,1,N,2,6546
1,1,1,1,2,6,27,1,N,2,18097
1,1,1,2,3,12,52,1,N,2,15662
2,6,1,1,2,6,41,1,N,2,9658
1,5,1,1,7,3,49,1,N,2,19801
2,1,9,2,7,5,59,1,N,2,7341
2,1,1,2,3,6,64,1,N,2,17619
1,1,1,1,5,5,31,1,N,2,24405
2,1,1,1,8,N,87,1,N,2,7429
2,1,9,1,5,5,56,1,N,2,23164
2,4,1,1,2,N,61,1,N,2,8646
1,6,1,1,5,6,30,1,N,2,13352
2,6,2,1,1,5,15,1,N,2,17311
1,1,1,1,0,7,5,1,N,2,14939
2,1,8,1,9,7,39,1,N,2,18620
1,6,1,2,6,7,42,1,N,2,16782
1,1,2,1,9,6,82,1,N,2,15585
2,1,1,1,9,7,55,1,N,2,19730
1,6,1,2,2,6,43,1,N,2,15286
2,1,1,1,N,7,26,1,N,2,14891
2,6,1,2,1,7,0,1,N,2,17627
1,1,3,1,2,8,22,1,N,2,11074
2,1,1,2,3,7,3,1,N,2,6450
2,1,1,1,6,3,35,1,N,2,25920
2,1,1,1,9,3,44,1,N,2,24939
2,1,1,1,4,11,53,1,N,2,18307
2,6,1,2,1,4,47,1,N,2,7580
2,4,1,1,2,8,12,1,N,2,5443
1,1,1,1,6,N,93,1,N,2,10939
2,3,1,2,1,4,69,1,N,2,7734
2,1,1,1,4,7,39,1,N,2,13508
1,1,1,1,N,7,83,1,N,2,10858
2,1,1,1,N,4,18,1,N,2,20980
1,6,1,0,2,4,61,1,N,2,24404
2,1,8,1,5,N,80,1,N,2,0
1,6,1,2,5,7,95,1,N,2,5112
2,6,1,2,4,3,22,1,N,2,19655
1,6,2,2,5,6,31,1,N,2,22295
2,4,2,2,2,6,71,1,N,2,11670
1,1,1,2,2,7,27,1,N,2,22486
1,1,1,1,3,7,32,1,N,2,24939
1,1,2,1,6,N,67,1,N,2,22515
2,6,1,1,5,5,12,2,N,2,15833
2,4,1,2,1,4,72,1,N,2,19605
1,1,6,1,9,7,66,1,N,2,16035
2,6,1,1,N,N,87,1,N,2,20903
2,6,1,1,N,7,49,1,N,2,14807
1,1,1,1,6,3,27,1,N,2,27252
1,1,2,2,5,7,87,1,N,2,15083
2,6,1,2,0,N,31,1,N,2,22451
1,3,2,1,4,7,8,2,N,2,11452
1,6,1,2,2,N,16,1,N,2,10205
2,1,2,1,2,8,48,1,N,2,0
1,3,1,1,5,8,67,1,N,2,27201
2,6,1,1,1,N,19,1,N,2,22150
1,6,2,1,8,N,9,1,N,2,15046
2,6,1,2,6,3,28,1,N,2,12190
2,6,8,2,0,5,28,1,N,2,10181
2,1,2,1,5,5,11,1,N,2,19440
1,1,1,2,8,N,44,1,N,2,16447
2,1,1,1,3,7,14,1,N,2,14553
1,1,1,1,6,2,55,1,N,2,21166
1,1,1,1,N,7,21,1,N,2,19558
1,6,1,2,7,4,71,1,N,2,13370
1,1,1,2,9,7,39,1,N,2,20071
1,1,1,2,4,11,68,1,N,2,14844
2,3,1,1,9,7,81,1,N,2,9345
1,1,5,1,4,8,60,1,3,2,15226
1,6,1,1,0,N,30,1,N,2,21665
1,1,1,2,2,6,28,1,N,2,23422
1,1,2,1,7,1,10,1,1,2,1692
2,1,2,1,N,3,90,1,N,2,14265
1,6,2,2,6,5,42,1,N,2,13531
2,3,1,1,4,3,11,1,N,2,652
2,1,1,1,9,7,64,1,N,2,24531
2,1,1,1,9,7,5,1,N,2,20492
2,3,1,1,9,N,75,1,N,2,20498
1,6,6,2,N,7,47,1,N,2,19447
1,6,1,2,N,7,6,1,N,2,24939
2,4,1,1,9,N,55,1,N,2,20517
2,1,1,1,N,7,76,1,N,2,17559
2,6,1,1,N,7,0,1,N,2,24939
2,1,1,1,0,7,27,1,N,2,13662
1,6,1,1,4,4,14,1,N,2,22429
1,1,1,2,4,9,54,1,N,2,19312
2,6,2,1,3,4,5,1,N,2,16914
1,6,1,1,9,N,56,1,N,2,19874
2,1,1,2,N,7,81,1,N,2,17967
2,6,1,1,5,7,29,1,N,2,11799
2,6,1,1,9,7,30,1,N,2,20044
1,6,1,1,5,7,60,1,N,2,11434
1,1,1,1,8,N,30,1,N,2,0
2,6,1,1,N,7,17,1,N,2,27252
2,3,1,1,3,5,52,1,N,2,2445
1,3,1,2,2,N,15,1,N,2,27252
1,6,1,2,9,7,2,1,N,2,17579
1,6,2,2,2,5,33,1,N,2,10496
2,6,1,1,9,7,48,1,N,2,17225
2,6,2,0,2,4,27,1,N,2,18860
1,6,2,2,2,6,28,1,N,2,20162
2,6,1,1,8,7,27,1,N,2,18298
1,1,1,1,N,7,75,1,N,2,14306
2,1,2,1,9,7,33,1,N,2,21577
1,1,1,1,5,7,37,1,N,2,24939
2,6,1,1,3,7,22,1,N,2,15262
1,3,1,1,6,11,43,1,N,2,13768
1,6,1,1,4,7,30,1,N,2,13376
1,1,2,1,7,7,52,1,N,2,4529
2,1,1,1,N,N,55,1,N,2,23839
2,1,1,2,9,7,10,1,N,2,10743
1,6,6,1,7,7,0,2,N,2,17073
1,1,1,1,6,N,78,1,N,2,14158
2,6,3,1,3,9,21,1,N,2,8214
1,1,1,1,5,7,0,1,N,2,22811
2,5,2,1,2,3,49,1,N,2,9228
1,1,1,1,8,7,46,1,N,2,22434
2,6,2,2,6,6,25,1,N,2,19179
1,1,2,1,9,N,95,1,N,2,8163
2,1,6,1,9,10,65,1,N,2,24607
2,1,2,1,3,7,41,1,N,2,21238
2,1,1,1,N,7,43,1,N,2,24011
2,6,1,1,2,7,19,1,N,2,19943
2,1,2,1,9,12,57,1,N,2,16813
2,1,1,1,7,3,3,1,N,2,27252
2,1,1,1,8,2,72,1,N,2,18382
2,6,1,2,2,6,5,1,N,2,6780
2,6,3,1,N,N,59,1,N,2,11125
2,6,1,1,8,N,61,1,N,2,12560
2,6,1,2,2,7,30,1,N,2,20076
2,1,1,1,N,7,20,1,N,2,24800
2,4,1,1,6,5,59,1,N,2,9817
1,6,1,1,9,N,65,1,N,2,12629
1,6,3,1,7,7,28,1,N,2,8763
2,6,1,2,8,7,12,2,N,2,10653
2,1,1,2,4,N,11,1,N,2,16562
1,1,1,1,7,6,67,1,N,2,19658
2,4,1,1,9,3,92,1,N,2,21229
1,1,1,1,2,8,72,1,N,2,27252
1,3,1,1,8,3,51,1,N,2,27252
1,1,1,1,5,1,84,1,N,2,18629
1,1,1,2,2,7,37,1,N,2,4326
2,4,1,1,8,5,83,1,N,2,7457
1,6,2,1,N,3,58,1,N,2,24685
1,1,1,1,4,5,3,1,N,2,14061
2,1,1,1,5,4,63,1,N,2,14677
1,1,3,2,9,1,24,1,N,2,21901
1,1,1,1,8,N,57,1,N,2,21782
2,1,9,1,2,N,20,1,N,2,9765
1,1,1,1,5,6,36,1,N,2,8544
1,1,1,1,4,4,41,1,N,2,18233
2,1,1,1,4,5,74,1,N,2,14321
2,6,1,1,N,7,29,1,N,2,18695
1,6,1,1,0,6,23,1,N,2,657
2,1,1,1,3,7,59,3,N,2,14864
2,1,1,2,9,7,0,1,N,2,27252
1,6,2,2,7,7,27,1,N,2,14101
1,1,1,1,4,N,52,1,N,2,17644
2,1,1,1,5,6,61,1,N,2,11763
1,1,1,1,N,3,46,1,N,2,14515
2,6,1,1,7,N,25,1,N,2,5134
2,6,1,1,2,7,10,1,N,2,24939
2,1,1,2,N,7,6,1,N,2,16806
2,1,1,1,7,5,60,1,N,2,5225
1,4,1,1,0,N,61,1,N,2,14552
2,4,3,1,9,12,36,1,N,2,9380
2,6,6,1,7,9,55,1,N,2,9545
2,6,2,2,4,7,14,1,N,2,18465
1,6,8,1,7,7,63,1,N,2,18919
1,4,1,1,7,9,16,1,N,2,23729
1,1,1,1,0,6,2,1,N,2,18954
2,1,1,1,9,7,69,1,N,2,19538
1,6,1,1,9,7,36,1,N,2,27252
2,1,1,1,8,7,67,1,N,2,19430
2,1,1,1,4,6,0,1,N,2,22481
2,1,1,2,N,N,76,1,N,2,11446
2,5,1,1,8,7,43,1,N,2,13986
1,N,1,1,3,7,3,1,N,2,17425
2,6,1,1,9,7,42,1,N,2,26017
2,3,1,0,7,4,32,1,N,2,869
2,6,2,1,4,5,44,1,N,2,13142
1,1,1,1,8,6,39,1,N,2,19751
2,1,1,1,4,7,34,1,N,2,4122
1,1,2,1,8,7,31,1,N,2,13017
1,1,6,1,5,4,16,1,N,2,27252
1,1,1,1,N,2,66,3,N,2,13758
1,6,9,1,1,6,15,1,N,2,27252
1,6,1,2,5,3,1,1,N,2,16297
2,6,1,2,6,7,34,1,N,2,21947
1,6,6,2,4,4,33,1,N,2,3701
1,1,1,1,8,11,17,1,N,2,16843
1,6,2,2,5,3,35,3,N,2,0
2,4,2,1,9,N,58,1,N,2,18089
1,1,1,1,9,6,80,1,N,2,8326
2,6,1,2,2,6,40,1,N,2,11015
2,1,7,2,7,7,90,1,N,2,17762
2,1,1,1,5,6,46,1,N,2,18622
2,1,4,0,3,9,60,1,N,2,13895
2,1,1,1,9,9,31,1,N,2,22825
2,1,1,1,9,5,24,1,N,2,13533
1,6,2,1,2,6,93,1,N,2,7463
1,4,1,0,9,N,22,1,N,2,22955
1,6,1,2,6,6,23,1,N,2,15612
1,1,1,1,N,7,76,1,N,2,13286
1,6,1,1,0,10,19,1,N,2,11551
2,1,1,1,8,7,43,1,N,2,26825
1,6,1,2,2,6,31,1,N,2,18843
2,6,1,2,8,9,14,1,N,2,14045
2,1,1,1,5,5,40,1,N,2,19959
2,1,1,1,7,9,65,1,N,2,1581
2,1,1,0,0,11,81,1,N,2,20828
1,1,1,1,0,7,0,1,N,2,11216
2,1,1,1,2,2,44,1,N,2,22964
2,1,1,0,2,5,60,1,N,2,16342
2,6,1,1,6,9,30,1,N,2,9344
2,1,1,1,2,N,72,1,N,2,16060
2,1,1,1,N,7,81,1,N,2,16839
2,6,2,1,3,7,14,1,N,2,21721
1,1,1,2,1,5,15,1,N,2,20517
2,1,1,1,7,N,45,1,N,2,12118
2,4,1,1,7,11,36,1,N,2,21606
1,1,1,1,1,N,28,1,N,2,16548
1,1,2,2,7,1,37,1,N,1,14812
1,6,1,1,9,7,66,1,N,2,23947
2,1,2,1,0,3,59,3,3,2,9427
2,4,1,1,4,N,17,1,N,2,15791
2,1,1,2,8,N,71,1,N,2,3076
2,1,5,1,4,N,56,1,N,2,14181
2,6,2,0,5,7,7,1,N,2,8634
1,6,2,1,2,7,8,1,N,2,18389
1,1,1,2,5,5,20,1,N,2,24939
1,1,1,1,7,7,0,1,N,2,14441
2,1,6,1,9,7,12,1,N,2,22853
1,6,2,2,7,7,35,1,N,2,15419
1,3,1,1,8,7,15,1,N,2,2868
1,6,1,1,0,7,41,1,N,2,17629
1,6,1,2,3,7,0,1,N,2,27252
1,1,1,1,7,7,20,1,N,2,22244
2,1,1,1,8,7,5,1,N,2,11373
2,1,1,1,3,3,51,1,N,2,22880
2,6,1,1,1,9,58,1,N,2,14615
2,4,4,2,9,11,46,1,N,2,16329
2,4,1,2,3,4,38,1,N,2,19542
1,1,1,1,N,3,76,1,N,2,27252
1,4,4,1,N,7,11,1,N,2,4532
1,6,1,1,6,10,80,1,N,2,15186
1,1,2,1,7,N,63,1,N,2,27252
2,3,1,2,6,7,18,1,N,2,16655
1,1,2,1,9,5,66,1,N,2,20997
1,6,1,1,N,7,43,1,N,2,16598
1,3,1,1,5,7,46,1,N,2,20348
1,1,1,2,5,2,55,1,N,2,21271
2,6,1,2,9,7,44,1,N,2,20358
1,6,1,2,8,7,10,1,N,2,27252
2,1,1,1,0,2,69,1,N,2,12250
2,6,1,2,8,5,58,1,N,2,26199
1,6,1,1,0,7,44,1,N,2,24103
2,6,1,2,9,6,48,1,N,2,17446
2,6,1,2,N,7,19,1,N,2,16076
2,6,1,2,6,6,66,1,N,2,7994
2,1,1,2,6,7,11,1,N,2,18950
2,6,1,2,0,8,35,1,N,2,18284
2,1,1,1,N,6,68,1,N,2,13780
2,1,1,1,4,N,81,1,N,2,6826
1,1,1,1,7,7,42,1,N,2,23617
1,5,1,1,4,5,95,1,N,2,27252
1,1,1,1,0,6,50,1,N,2,7431
2,1,1,1,8,N,52,1,N,2,22830
1,3,3,2,4,5,28,1,N,2,3697
1,1,1,1,N,N,81,1,N,2,16987
2,4,2,2,N,5,36,1,N,2,19042
2,6,1,1,2,4,44,1,N,2,17050
1,4,1,1,N,3,51,1,N,2,17322
2,1,1,1,N,N,72,1,N,2,23996
2,1,1,1,4,9,73,1,N,2,23000
2,6,1,2,0,7,51,1,N,2,17466
2,6,1,2,0,4,40,1,N,2,16672
2,1,1,1,1,12,63,1,N,2,23146
2,1,8,1,9,N,56,1,N,1,21738
2,6,1,2,9,7,24,1,N,2,11276
1,6,1,1,8,9,17,1,N,2,27154
2,6,1,2,3,5,71,1,N,2,8784
2,6,1,2,N,7,36,1,N,2,23429
2,6,1,1,4,7,20,1,N,2,18624
2,6,2,0,3,4,42,1,N,2,21317
2,6,1,2,0,7,30,1,N,2,15286
2,1,6,2,2,5,13,1,N,2,19760
1,1,1,1,8,7,56,1,N,2,9201
2,6,1,1,9,7,25,1,N,2,24939
1,6,2,2,N,7,37,1,N,2,9474
1,1,1,2,8,N,76,1,N,2,19847
1,6,3,2,4,9,8,1,N,2,2139
2,6,1,2,N,7,13,1,N,2,26518
2,6,2,2,2,6,13,1,N,1,18552
2,1,1,1,4,3,81,1,N,2,17511
2,1,1,2,2,7,65,1,N,2,22008
2,6,1,1,5,6,0,1,N,2,19727
2,4,2,2,2,4,10,2,N,2,2561
2,6,1,0,1,3,58,3,N,2,16912
2,6,1,1,0,9,23,1,N,2,15919
2,1,7,1,N,2,66,1,N,2,15484
1,1,1,1,6,8,56,1,N,2,978
1,6,1,1,5,6,69,1,N,2,21942
1,1,1,1,8,N,50,1,N,2,11495
2,1,3,1,N,N,90,1,N,2,4577
2,1,6,0,5,5,41,1,N,1,857
2,6,2,0,N,7,23,1,N,2,14863
2,1,1,1,6,6,57,1,N,2,15983
2,6,1,1,5,3,54,1,N,2,6169
1,1,1,1,9,N,67,1,N,2,16247
2,6,1,2,4,7,21,1,N,2,19250
1,1,2,1,1,12,62,1,3,2,11920
1,6,6,1,7,1,4,1,N,2,22767
1,6,1,1,8,7,60,1,N,2,14516
2,6,1,2,0,6,10,1,N,2,19683
2,1,2,0,5,11,63,1,N,2,1290
1,1,1,2,8,3,18,1,N,2,10527
2,1,1,2,6,N,38,1,N,2,7671
2,1,1,1,4,N,64,1,N,2,13976
1,6,1,1,1,3,37,1,N,2,10158
2,3,1,1,1,10,74,1,N,2,15082
2,6,2,0,4,1,63,3,N,2,18398
2,1,1,1,1,N,66,1,N,2,22507
2,1,1,1,9,5,58,1,N,2,15146
2,5,1,2,0,2,60,1,N,2,14017
1,6,1,2,0,4,5,1,N,2,21318
2,6,1,1,N,N,75,1,N,2,21193
2,6,1,2,5,6,0,1,N,2,24498
1,1,2,1,N,12,65,1,N,2,18089
2,1,1,2,4,2,61,1,N,2,9230
2,1,1,1,3,7,0,1,N,2,23002
2,6,1,2,2,6,40,1,N,2,14489
1,1,1,1,6,N,37,1,N,2,12788
2,3,1,1,N,4,30,1,N,2,17235
2,6,2,1,N,7,27,1,N,2,21141
2,1,2,1,3,3,84,1,N,2,19850
2,1,2,1,3,9,64,1,N,2,17761
2,4,1,2,7,11,40,1,N,2,17780
2,1,1,1,8,N,51,1,N,2,26091
1,1,2,2,N,N,69,1,N,2,20673
1,6,1,2,6,9,64,1,N,2,12915
1,4,6,2,4,6,54,1,N,2,11828
1,1,1,1,N,6,30,1,N,2,15608
2,6,2,1,2,3,26,3,N,2,10618
1,6,1,2,4,5,75,1,N,2,11899
1,1,6,2,9,4,35,1,N,2,15656
2,1,1,1,9,3,40,1,N,2,18738
1,1,1,1,3,7,53,1,N,2,21361
2,1,1,1,7,10,93,1,N,2,14799
2,6,1,2,2,5,32,1,N,2,7981
2,3,2,2,2,5,24,1,N,2,19241
2,5,6,2,0,7,83,1,N,2,6718
2,6,1,1,3,7,17,1,N,2,20727
2,1,1,1,7,10,51,1,N,2,14645
2,3,1,0,N,6,29,1,N,2,17697
1,1,1,1,9,7,40,1,N,2,9519
2,1,1,1,N,3,80,1,N,2,17264
1,6,1,1,6,7,32,1,N,2,27252
2,4,1,1,N,6,19,1,N,2,10300
2,1,1,1,N,6,65,1,N,2,7674
2,6,1,2,1,5,23,1,N,2,19901
1,4,1,2,2,7,79,1,N,2,13592
1,1,1,1,5,7,38,1,N,2,17939
2,6,2,2,N,N,44,1,N,2,2912
2,3,1,2,4,8,2,1,N,2,15934
2,1,1,1,N,7,64,1,N,2,13106
1,1,1,2,N,N,32,1,N,2,9285
2,4,1,1,6,7,72,1,N,2,27252
1,1,1,2,9,5,89,1,N,1,12033
2,4,2,0,1,5,60,1,N,2,19554
2,1,1,1,N,7,56,1,N,2,18440
2,3,1,1,3,N,49,1,N,2,27199
2,6,1,1,N,7,21,1,N,2,16679
1,6,1,1,4,6,47,1,N,2,24939
1,5,1,2,4,9,23,1,N,2,23109
1,6,1,2,9,7,41,1,N,2,20107
2,4,1,2,0,7,16,1,N,2,21799
1,1,1,1,0,3,77,1,N,2,15852
1,6,2,2,6,7,26,1,N,2,5504
1,6,1,1,N,7,47,1,N,2,15387
1,6,1,0,0,7,0,1,N,2,22275
2,1,1,1,2,10,43,1,N,2,15012
1,1,1,1,5,6,11,1,N,2,9416
1,6,1,2,2,3,34,3,N,2,16184
2,1,1,1,5,N,47,1,N,2,20607
1,5,1,2,9,7,35,1,N,2,14983
2,1,1,1,5,6,22,1,N,2,2507
2,1,1,2,3,6,8,1,N,2,27252
1,1,1,1,N,7,80,1,N,2,17553
2,6,2,1,2,8,21,1,N,2,7166
1,1,1,1,6,7,67,1,N,2,16428
2,4,1,2,5,2,57,1,N,2,17480
2,6,2,0,5,6,20,1,N,2,15121
1,1,1,1,8,5,48,1,N,2,23012
2,1,1,2,9,7,46,1,N,2,17200
2,1,1,1,0,8,59,1,N,1,24427
2,6,2,1,1,7,82,1,N,2,10558
1,3,2,2,3,4,0,1,N,2,17475
1,6,1,1,0,7,30,1,N,2,27252
2,1,9,1,7,5,62,1,N,2,6698
2,1,2,2,N,7,72,1,N,2,22573
1,6,3,1,2,7,16,1,N,2,20140
2,6,1,1,2,6,58,1,N,2,13312
2,1,1,1,6,7,28,1,N,2,22259
2,6,6,1,2,6,7,1,N,2,25667
1,3,1,1,1,5,64,1,N,2,2815
2,1,1,1,N,3,38,1,N,2,23106
2,6,3,2,1,8,37,1,N,2,9085
1,4,1,2,1,3,21,1,N,2,13484
1,2,1,1,8,6,24,3,N,2,1024
2,4,2,1,0,7,48,1,N,2,18356
2,6,1,2,9,7,67,1,N,2,0
1,2,1,2,8,7,36,1,N,2,13523
2,6,1,2,9,6,54,1,N,2,2371
1,1,1,1,2,N,48,1,N,2,20187
2,6,1,1,4,N,34,1,N,2,16542
2,6,2,2,7,7,14,1,N,2,27252
2,1,2,1,8,5,45,3,N,2,12626
1,6,1,1,7,4,29,1,4,2,26553
1,6,1,2,9,N,0,1,N,2,19201
2,1,1,1,0,7,20,3,N,2,24768
1,6,2,2,N,7,6,1,N,2,12923
1,1,1,1,9,7,37,2,N,2,25657
1,1,1,1,8,7,82,1,N,2,13517
1,6,6,0,1,4,59,1,N,2,14876
1,1,1,1,3,5,44,1,N,2,16282
1,6,1,1,5,7,8,1,N,2,15637
2,6,1,2,8,7,57,1,N,2,9071
2,1,1,2,6,6,56,1,N,2,20108
1,5,1,1,5,5,28,1,N,2,20765
2,6,1,2,5,7,27,1,N,2,9482
1,6,2,2,1,5,48,1,N,2,14980
1,1,1,1,0,7,50,1,N,2,19832
2,6,2,2,8,4,22,1,1,2,9291
2,6,2,2,7,7,19,1,N,2,15804
2,6,1,1,6,6,39,1,N,2,12911
1,1,1,2,2,7,41,1,N,2,5645
1,1,1,1,9,7,67,1,N,2,27252
2,6,2,1,0,5,23,1,N,2,12937
2,4,1,0,0,6,73,1,N,2,23481
1,6,1,2,0,3,16,1,N,2,21855
2,1,1,1,2,N,67,1,N,2,5461
2,1,1,1,8,6,42,1,N,2,20561
2,6,1,1,2,5,0,1,N,2,12880
1,4,1,2,5,12,56,1,N,2,12172
1,1,1,1,N,3,75,1,N,2,11689
2,6,1,1,N,7,53,1,N,2,17872
2,6,1,1,N,7,21,1,N,2,19191
2,6,1,2,N,N,34,1,N,2,5067
1,6,2,1,0,7,13,1,N,2,26595
2,1,1,1,7,3,52,1,N,2,8820
1,6,1,1,9,7,49,1,N,2,24172
1,1,1,1,N,N,61,1,N,2,27252
2,1,1,2,N,7,38,1,N,2,19649
2,1,1,2,0,3,35,1,N,2,13406
2,1,1,1,9,N,21,1,N,2,21256
2,1,1,1,8,N,10,1,N,2,14257
1,1,1,1,9,7,56,1,N,2,18497
1,1,1,1,9,7,52,1,N,2,22381
1,1,1,1,7,9,11,1,N,2,22479
2,1,1,1,9,4,0,1,N,2,14749
2,4,9,1,9,N,63,1,N,2,17414
2,1,1,1,N,6,1,1,N,2,19067
2,6,1,1,N,N,47,1,N,2,20412
1,1,1,2,3,9,46,1,N,2,21492
2,1,1,1,N,N,20,1,3,2,13696
2,1,1,1,2,11,46,3,N,2,17587
1,1,1,1,9,7,1,1,N,2,19091
1,6,2,0,0,5,0,3,N,2,23317
1,1,1,1,5,5,53,1,N,2,22648
1,6,1,2,6,12,20,1,N,2,20273
2,6,1,1,3,7,93,1,N,2,8318
2,1,1,1,5,N,91,1,N,2,15511
2,6,2,0,N,7,37,1,N,2,19945
2,1,1,1,8,7,61,1,N,2,24843
1,1,1,1,9,7,65,1,N,2,13705
2,6,8,2,N,7,39,1,N,2,10467
1,1,1,1,6,7,47,1,N,2,22389
1,2,1,1,1,5,54,1,N,2,19152
2,6,1,0,1,7,69,1,N,2,7664
2,6,1,1,8,6,30,1,N,2,13949
1,6,1,1,2,9,10,1,N,2,19951
2,1,1,1,N,3,9,1,N,2,14352
2,1,1,1,7,N,55,1,N,2,21044
2,3,1,1,6,7,14,1,N,2,16944
1,6,1,1,3,5,12,1,N,2,27252
2,1,4,1,0,N,24,1,N,2,25083
1,6,1,2,2,7,20,1,N,2,6979
2,1,1,1,7,3,30,1,N,2,17582
2,1,1,1,7,N,66,1,N,2,22515
2,1,1,1,0,6,59,1,N,2,11158
1,2,2,2,2,5,49,1,N,2,6494
1,1,1,2,N,N,79,1,N,2,12632
2,6,1,2,2,9,16,1,N,2,27252
2,6,2,2,0,7,10,1,N,2,24893
1,1,1,1,8,7,81,1,N,2,10011
2,1,1,1,5,11,73,1,N,2,19691
2,1,2,1,2,6,86,1,N,2,6020
2,3,1,2,9,7,14,1,N,2,16843
1,4,1,1,9,6,39,1,N,2,13134
2,1,1,1,9,3,45,1,N,2,16589
2,6,1,1,0,9,22,1,N,2,21493
1,1,2,2,7,7,33,1,N,2,22933
2,1,1,1,5,2,64,1,N,2,15758
2,6,2,2,6,5,9,1,N,2,3895
1,1,2,1,9,7,41,1,N,2,14638
1,6,1,2,0,6,14,1,N,2,10685
2,1,1,2,9,9,81,1,N,2,2969
2,1,6,1,2,7,62,1,N,2,21980
2,1,1,1,6,6,49,1,N,2,1515
2,6,1,1,7,4,27,1,N,2,13341
1,1,1,1,4,5,61,1,N,2,24881
2,6,2,0,5,7,18,2,N,2,22186
2,6,7,2,7,4,14,1,N,2,10675
2,1,1,1,9,N,70,1,N,2,22656
2,6,1,0,5,7,0,1,N,2,21347
1,1,1,1,0,7,55,1,N,2,24071
1,1,1,2,6,7,33,1,N,2,9120
1,6,1,1,2,6,57,1,N,2,21219
2,1,1,1,N,N,79,1,N,2,17075
2,1,1,1,7,11,69,1,N,2,18061
2,1,1,1,N,11,74,1,N,2,19225
2,6,1,1,2,7,35,1,N,2,9320
2,1,6,1,9,12,40,1,N,2,24939
2,1,1,2,N,6,38,1,N,2,18537
1,1,1,1,5,N,56,1,N,2,27252
1,2,1,1,2,6,41,1,N,2,0
2,6,1,2,0,7,30,1,N,2,27252
1,1,1,1,9,7,68,1,N,2,7867
1,6,1,1,0,N,8,1,N,2,21196
1,6,1,1,N,7,44,1,N,2,14394
1,1,1,1,8,4,45,1,N,2,22408
2,4,1,1,3,5,51,1,N,2,24401
2,N,1,1,3,11,74,1,N,2,15259
1,6,1,1,9,N,32,1,N,2,20120
2,1,1,2,8,12,39,1,N,1,22036
1,1,1,1,8,2,45,1,N,2,19606
1,1,1,1,N,N,56,1,N,2,25912
1,1,1,1,7,7,58,1,N,2,14783
1,6,1,1,4,N,34,1,N,2,1944
1,6,1,2,9,5,54,1,4,2,25306
1,6,1,1,9,5,12,1,N,2,22322
1,1,1,1,4,7,11,1,N,2,21748
1,1,1,1,8,7,63,1,N,2,18136
2,1,1,1,7,6,55,1,N,2,27252
2,6,1,2,2,5,47,1,N,2,16946
2,4,3,1,0,8,0,1,N,2,20811
1,1,2,1,3,7,0,1,N,2,27252
2,6,3,2,6,5,66,1,N,2,12898
2,1,1,1,7,12,33,1,N,2,6715
2,1,1,1,0,N,32,1,N,2,10931
2,1,1,1,N,7,72,1,N,2,24968
1,1,1,0,8,7,24,1,N,2,13040
2,1,1,2,2,10,42,1,N,2,12605
1,1,1,1,N,N,59,1,N,2,4340
1,6,2,1,0,4,72,1,N,2,15813
1,6,1,1,5,7,15,1,N,2,11128
2,1,1,1,7,9,74,1,N,2,17549
1,1,1,1,1,N,56,2,N,2,27252
2,6,2,2,4,5,49,1,N,2,25116
2,1,1,1,6,N,39,1,N,2,15801
2,3,2,2,7,5,9,1,N,2,23101
2,1,9,1,7,7,89,1,N,2,0
1,1,1,1,4,11,35,1,N,2,2677
2,6,1,1,9,N,55,1,N,2,25841
1,6,1,2,5,7,65,1,N,2,16807
2,6,2,1,6,9,46,1,N,2,13736
2,6,2,2,1,4,90,1,N,1,13598
1,1,1,1,9,N,68,1,6,2,18758
2,1,1,1,N,7,71,1,N,2,22359
1,6,2,2,4,7,0,1,N,2,17060
2,6,1,1,4,7,80,1,N,2,15834
2,6,1,2,4,6,9,1,N,2,16583
1,1,1,1,5,7,49,1,N,2,21417
2,1,8,1,7,3,15,1,N,2,16813
1,6,9,1,8,12,38,1,N,2,15738
2,6,1,1,2,4,29,1,N,2,25061
1,1,1,2,7,5,0,1,N,2,17566
1,1,1,1,6,8,47,1,N,2,20354
2,6,2,1,9,6,75,1,N,2,6683
2,1,1,1,1,9,3,1,N,2,16843
2,1,1,1,3,2,62,1,N,2,12284
1,1,1,1,7,7,43,1,N,2,12742
1,1,9,1,2,9,62,1,N,2,2759
2,4,1,1,8,5,56,1,N,2,13067
1,1,1,1,4,4,33,1,N,2,19270
2,2,1,1,0,1,56,1,N,2,21133
2,1,1,1,N,3,34,1,N,2,27252
2,6,1,2,8,5,1,1,N,2,23948
2,6,1,0,2,4,27,1,N,2,18261
1,1,1,1,3,7,45,1,N,2,11292
2,6,3,2,8,7,27,1,N,2,8697
1,1,2,1,0,N,59,1,N,2,22205
2,N,1,1,4,7,0,1,N,2,16676
2,1,1,1,N,3,58,1,N,2,15949
2,1,1,1,3,9,46,2,N,2,1167
1,6,2,2,0,4,27,1,N,2,13835
2,6,1,2,6,6,58,1,N,2,9427
1,6,1,1,2,5,0,1,N,2,1687
1,1,1,1,7,7,80,1,N,2,14456
2,1,1,1,0,3,19,1,N,2,24939
1,1,2,2,9,N,58,1,N,2,15093
1,6,2,0,2,5,28,1,N,2,16997
1,6,1,2,9,7,78,1,N,2,16263
2,1,1,1,9,3,55,1,N,2,24950
2,1,1,1,7,11,60,1,N,2,11810
1,6,1,1,7,9,83,1,N,2,13848
1,1,1,2,0,4,12,1,N,2,20039
1,1,1,1,N,7,48,1,N,2,20437
1,6,1,1,6,7,63,1,N,2,19361
1,6,1,2,1,4,63,1,N,2,24569
2,6,1,2,1,8,46,1,N,2,16249
2,1,1,1,8,N,49,1,N,2,27252
2,6,2,2,4,5,29,1,N,2,18290
1,6,1,2,2,7,64,1,N,2,16581
2,1,1,1,8,8,63,1,N,2,20912
2,1,1,1,7,5,68,1,N,2,21734
1,1,1,1,N,3,55,1,N,2,9728
1,6,1,2,3,6,28,1,N,2,15172
1,6,1,2,N,7,58,1,N,2,22964
2,6,2,1,N,7,75,1,N,2,16218
2,3,1,1,N,7,55,1,N,2,11194
2,1,1,1,9,3,68,1,N,2,2565
2,6,1,1,7,7,35,1,N,2,7944
2,1,1,2,N,7,54,1,N,2,273
2,1,1,1,5,7,12,1,N,2,16455
1,6,1,1,N,7,32,1,N,2,27252
2,1,1,1,7,11,75,1,N,2,14823
1,6,1,1,8,4,59,1,N,2,24939
1,6,1,2,0,3,42,3,N,2,7496
2,6,2,2,4,7,19,1,N,2,19465
2,1,2,1,N,7,83,1,N,2,14768
2,6,2,2,4,7,15,1,N,2,24939
2,6,1,1,9,7,23,1,N,2,20934
1,6,2,2,8,7,62,1,N,2,24991
2,3,3,1,4,5,45,1,N,2,16779
2,2,1,1,9,N,80,1,N,2,10729
2,6,1,0,0,4,19,1,N,2,4258
1,4,1,1,8,2,56,1,N,2,22073
2,1,1,2,0,6,66,1,N,2,22184
2,1,1,1,5,6,63,1,N,2,20957
1,1,1,1,N,11,64,1,N,2,15513
1,4,1,1,5,9,34,1,N,2,24070
2,1,1,1,4,N,68,1,N,2,4436
2,6,8,2,5,4,49,1,N,2,5184
2,6,2,2,2,8,11,1,N,2,7809
1,1,1,1,4,9,39,1,N,2,27252
2,6,1,2,5,6,0,1,N,2,15255
1,6,1,1,3,7,55,1,N,2,18557
2,1,1,1,3,5,19,1,N,2,27252
2,1,1,2,9,7,19,1,N,2,24144
1,1,1,1,7,12,58,1,N,2,27252
1,6,1,1,5,N,32,1,N,2,19334
2,1,1,1,9,N,54,1,N,2,22017
2,6,1,1,4,7,12,1,N,2,17631
1,1,1,1,2,N,59,1,N,2,13346
2,1,1,1,N,N,25,1,N,2,27252
1,1,2,1,4,4,68,1,N,2,9215
1,1,3,1,6,2,39,1,N,2,6206
1,1,1,1,0,10,65,1,2,2,2560
1,6,2,2,3,7,51,1,N,2,16800
1,1,1,1,2,1,31,1,N,2,14677
2,6,1,2,1,6,19,1,N,2,18975
2,6,1,2,5,6,5,1,N,2,14751
1,1,1,2,6,6,66,1,N,2,17709
1,4,1,1,0,4,42,1,N,1,12580
2,1,2,1,0,N,73,1,N,2,5864
1,1,1,2,0,N,82,1,N,2,20377
1,1,1,1,N,7,93,1,N,2,22445
2,6,1,2,N,7,43,1,N,2,19585
2,1,1,2,N,7,22,1,N,2,21208
2,1,1,1,8,6,0,1,N,2,22804
1,6,2,1,9,N,4,1,N,2,19837
2,1,1,2,0,N,41,1,N,2,23974
1,1,1,1,7,N,58,1,3,2,16506
2,6,1,2,2,6,58,1,N,2,15568
2,1,1,1,3,6,71,1,N,2,13187
2,1,3,1,2,5,39,1,N,2,17178
2,1,1,2,9,7,9,1,N,2,16390
2,6,1,1,7,7,31,1,N,2,18895
2,1,1,1,9,N,41,1,N,2,10500
2,5,1,2,N,7,61,1,N,2,24649
2,1,1,1,5,3,62,1,N,2,11440
2,1,2,2,5,7,51,1,N,2,17387
2,6,1,1,6,7,37,1,N,2,20907
1,1,2,2,0,N,44,1,N,2,27252
1,6,1,2,3,7,27,1,N,2,23853
2,1,1,1,9,6,81,1,N,2,7736
1,1,1,1,3,N,39,1,N,2,25298
1,6,1,2,0,6,42,1,N,2,17445
2,6,1,2,N,6,11,1,N,2,4122
2,1,1,1,N,N,40,1,N,2,26990
1,6,1,2,6,6,13,1,N,2,22414
2,6,1,1,9,N,50,1,N,2,22330
2,6,5,1,4,7,24,1,N,2,10213
2,1,1,1,1,9,35,1,N,2,17728
1,6,1,2,2,5,32,1,N,2,15003
1,1,1,1,8,9,52,1,N,2,25414
1,6,1,0,0,4,18,1,N,2,20298
1,1,2,2,0,6,59,1,N,2,7885
1,1,1,1,7,7,66,1,N,2,10861
1,6,1,1,3,8,0,1,N,2,17122
1,6,1,2,N,7,22,1,N,2,26790
2,3,1,1,3,7,38,1,N,2,24737
1,3,1,1,6,5,32,1,N,2,10834
2,6,1,1,3,7,42,1,N,2,14007
2,1,1,1,0,7,70,1,N,2,23531
1,1,1,1,3,4,48,1,N,2,10389
2,1,1,2,7,7,56,1,N,2,0
2,6,1,2,0,7,24,1,N,2,5091
2,6,1,1,2,7,11,1,N,2,4193
1,6,7,1,N,6,21,1,N,2,24366
1,6,1,2,7,N,41,1,N,2,2285
2,6,1,2,8,7,27,1,N,2,7946
2,1,2,2,0,N,61,1,N,2,14796
2,1,1,2,4,4,67,1,N,2,19695
2,1,1,1,4,N,78,1,N,2,22478
1,N,1,2,9,7,44,1,N,2,9427
1,1,8,1,3,5,25,1,N,2,9326
2,4,1,1,8,7,17,1,N,2,9649
2,6,2,2,2,5,28,1,N,2,17694
1,1,1,1,2,9,33,1,N,2,19642
2,1,4,1,2,7,61,1,N,2,16842
1,6,4,2,N,2,15,1,N,2,22490
1,6,2,0,0,7,14,2,N,2,9016
2,3,1,0,8,5,19,1,N,2,14637
2,6,3,1,2,9,7,1,N,2,25523
1,1,2,1,2,11,50,1,N,2,11356
2,1,6,1,7,7,43,1,N,2,18023
2,1,1,1,5,7,50,1,N,2,13267
2,1,6,2,N,N,37,1,N,2,20817
1,1,1,1,6,7,56,1,N,2,22900
1,1,8,1,8,7,65,1,N,2,21808
1,4,1,1,N,7,52,1,N,2,22962
1,1,1,1,4,N,18,1,N,2,24029
2,1,1,1,8,11,49,1,N,2,10460
2,1,1,1,6,N,51,1,N,2,15204
2,1,1,1,2,5,57,1,N,2,20445
1,6,1,1,9,7,57,1,N,2,3868
2,N,1,1,3,7,71,1,N,2,14435
2,6,1,1,5,N,57,1,N,2,24890
1,1,1,1,7,N,43,1,N,2,20986
2,1,1,0,N,7,47,1,N,2,23464
1,1,9,1,N,3,80,1,N,2,13398
1,1,4,1,3,9,74,1,N,2,9330
2,1,2,2,2,6,0,1,N,2,3820
2,6,1,1,2,N,10,1,N,2,27252
2,6,2,2,9,5,44,1,N,2,17915
1,6,1,1,5,7,58,1,N,2,20705
2,2,1,2,6,N,13,1,N,2,10487
2,6,1,2,2,7,39,1,N,2,13580
2,6,1,1,5,9,59,1,N,2,21219
2,6,1,1,0,5,36,1,N,2,22841
2,6,2,2,3,4,83,1,N,2,128
2,2,2,1,1,6,46,1,1,2,21106
1,1,1,1,7,3,69,1,N,2,6825
2,1,1,2,5,7,26,1,N,2,14934
1,1,1,1,0,7,32,1,N,2,27252
1,1,1,1,9,7,27,1,N,2,1387
1,1,1,2,6,8,36,1,N,2,2505
1,6,1,2,8,3,66,1,N,2,15944
1,1,1,1,7,7,69,1,N,2,21300
2,1,1,1,4,1,18,1,N,2,17569
2,1,1,1,N,7,28,1,N,2,22306
1,6,1,2,4,9,74,1,N,2,13930
2,1,1,2,6,N,95,1,N,2,24272
2,1,2,1,9,N,56,1,N,1,13967
2,3,3,2,0,6,35,1,N,2,22301
1,1,1,1,7,6,49,1,N,2,15721
1,6,2,1,2,5,5,1,N,1,18138
1,N,1,1,5,4,42,1,N,2,7250
1,1,1,1,N,7,79,1,N,2,18113
1,1,1,1,5,5,3,1,N,2,20483
1,6,1,2,0,3,0,1,N,2,17836
2,6,8,2,7,4,62,1,N,2,12440
2,6,1,2,9,4,76,1,N,2,17546
1,N,1,0,N,7,0,1,N,2,24939
2,1,1,1,2,5,61,1,N,2,10738
1,1,1,2,9,6,80,1,N,2,16278
2,1,1,2,7,7,53,1,N,2,17919
1,1,1,1,N,N,38,1,N,2,15605
1,4,1,1,N,5,45,1,N,2,12889
2,6,1,1,6,7,27,1,N,2,2052
1,6,5,2,0,4,33,1,N,2,14084
2,1,1,1,N,2,70,1,N,2,4126
2,2,1,1,0,7,47,1,N,2,17225
1,5,1,1,5,7,73,1,N,2,19253
2,5,3,2,7,7,38,1,N,2,21078
2,3,1,1,N,7,58,1,N,2,18996
2,1,5,1,7,N,31,1,N,2,7728
2,6,1,1,5,7,69,1,N,2,9834
2,6,1,1,6,3,0,1,N,2,27252
1,6,1,1,2,8,29,1,N,2,17121
2,6,1,1,7,7,56,1,N,2,5064
2,6,2,1,9,4,61,1,N,2,11311
2,1,2,1,2,6,26,1,N,2,14445
2,4,6,1,5,6,39,1,N,2,22779
1,2,1,1,N,5,88,1,N,2,1405
1,1,1,1,7,3,72,1,N,2,23354
2,1,2,0,5,6,0,1,N,2,27252
1,1,1,2,5,8,40,1,N,2,5318
2,1,2,2,0,1,24,1,N,2,15941
2,6,2,2,2,7,0,1,N,2,1206
2,6,1,1,0,8,0,1,N,2,23456
1,6,2,0,5,7,72,1,N,2,12016
1,1,1,1,N,N,41,1,N,2,23259
2,1,1,2,4,7,49,1,N,2,13535
2,6,1,2,8,N,49,1,N,2,12273
2,6,1,2,6,7,25,1,N,2,10746
2,6,1,2,3,4,43,1,N,2,5396
1,6,1,2,6,N,21,1,N,2,19964
2,1,2,1,N,7,63,1,N,2,20172
2,1,8,1,8,3,46,1,N,2,16270
1,6,1,2,9,N,50,1,N,2,27252
2,1,8,1,0,7,16,1,N,2,23735
2,1,1,1,7,N,47,1,N,2,20676
2,1,1,1,2,8,53,1,N,2,18910
1,6,5,1,7,5,12,1,N,2,3275
1,1,1,1,N,6,85,1,N,2,14246
2,1,1,2,3,7,17,1,6,2,15958
2,4,1,1,2,7,61,1,N,2,9279
2,3,2,1,5,10,63,1,N,2,20513
1,1,2,2,0,2,45,1,N,2,27252
2,1,1,1,2,8,26,1,N,2,19712
2,1,5,1,1,N,51,1,N,2,2166
1,6,1,2,3,4,39,1,N,2,19281
1,6,1,1,6,7,35,1,N,2,10667
2,1,1,1,2,7,39,1,N,2,23021
2,1,1,1,8,6,48,1,N,2,16587
1,1,1,1,8,7,56,1,N,2,25689
2,6,1,2,4,N,36,1,N,2,19464
1,1,1,1,4,6,87,1,N,2,0
1,1,1,1,8,12,12,1,N,2,27252
2,4,1,1,N,N,68,1,N,2,22752
1,1,1,2,1,5,29,1,N,2,22784
1,4,2,1,6,6,51,1,N,2,16811
2,1,1,1,8,11,49,1,N,2,26960
1,6,1,2,6,7,79,1,N,2,13797
1,1,2,1,0,7,75,1,N,2,12012
2,1,2,2,3,5,1,1,N,2,20796
1,1,1,1,7,N,80,1,N,2,19912
2,4,1,1,8,2,7,1,N,2,17398
1,6,1,2,6,6,15,1,N,2,14548
2,1,2,1,5,1,71,1,3,2,8420
2,1,1,1,9,7,34,1,N,2,21624
2,5,2,1,0,6,51,1,N,2,7239
1,6,1,1,2,N,18,1,N,2,15015
2,4,1,1,0,9,58,1,N,2,12496
1,1,1,1,4,5,53,1,N,2,15572
2,6,1,2,3,7,78,1,N,2,14737
2,6,1,2,3,7,29,1,N,2,27201
1,1,1,1,N,7,85,1,N,2,14698
2,1,2,1,2,6,31,1,N,2,21887
1,6,1,1,1,9,0,1,N,2,16284
1,6,1,0,3,5,26,1,N,2,12088
2,1,1,1,4,2,81,1,N,2,15307
1,1,1,1,N,N,69,1,N,2,7171
2,6,2,2,3,7,26,1,N,2,2571
1,1,1,1,8,7,72,1,N,2,18118
1,5,1,1,0,6,27,2,N,2,18521
1,1,2,1,4,7,47,1,N,2,14070
2,1,1,2,7,7,28,1,N,2,17512
2,1,1,1,6,7,58,1,N,2,0
1,4,9,2,9,11,27,1,N,2,14698
2,6,1,1,2,5,68,1,N,2,13655
2,6,1,1,9,7,83,1,N,2,27252
1,1,1,2,6,6,7,1,N,2,8842
2,6,1,2,3,7,51,1,N,2,7817
1,1,1,1,6,5,20,1,N,2,12677
1,4,1,1,7,9,32,1,N,2,5545
2,1,1,1,9,7,81,1,N,2,15674
2,6,1,2,0,4,9,1,N,2,0
1,6,2,2,1,5,57,1,6,2,6589
2,4,1,2,7,9,39,1,N,2,15914
2,6,8,1,6,9,62,1,N,2,11462
2,1,1,1,7,7,62,1,N,2,9694
2,6,1,2,0,7,2,1,N,2,15152
2,1,1,2,6,5,7,1,N,2,17041
2,6,1,1,8,N,21,1,N,2,15161
1,6,7,2,N,7,36,1,N,2,19515
1,6,1,1,5,7,40,1,N,2,9927
1,6,1,2,N,7,36,1,N,2,7863
2,1,1,1,7,11,74,1,N,2,20554
2,1,1,2,6,7,20,1,N,2,15670
1,4,1,1,0,8,42,1,N,2,6390
1,6,6,1,7,N,39,1,N,2,21311
2,6,1,1,2,6,16,1,N,2,25442
1,N,2,2,9,N,53,3,N,2,1692
2,3,2,1,5,3,58,1,3,2,950
2,1,1,1,N,7,39,1,N,2,24383
1,1,1,1,6,7,74,1,N,2,10314
1,6,1,1,9,7,0,1,N,2,19322
1,4,1,2,N,7,6,1,N,2,26542
1,1,1,1,4,7,0,1,N,2,24939
1,1,1,1,7,1,73,1,N,2,24178
2,1,1,1,3,9,43,1,N,2,24500
1,1,2,2,6,4,13,1,N,2,22629
2,4,1,1,0,6,9,1,N,2,11245
2,1,1,1,8,N,9,1,N,2,13673
2,6,1,1,0,7,49,1,N,2,21380
2,1,1,2,0,5,38,1,N,2,11704
2,6,1,1,N,N,44,1,N,2,17828
2,3,1,2,9,7,1,1,N,2,15253
1,1,1,1,8,N,41,1,N,2,19172
2,6,1,2,7,7,28,1,N,2,13675
1,6,1,1,N,2,63,1,N,2,18994
1,1,1,1,7,N,54,1,N,2,21810
2,6,6,0,4,5,3,1,N,2,18522
2,1,1,1,N,N,78,1,N,2,19666
1,2,1,1,9,7,71,1,N,2,26663
2,1,1,1,N,N,49,1,N,2,20926
2,1,1,2,0,7,28,1,N,2,23876
2,6,1,2,7,5,89,1,N,2,17785
2,1,1,1,6,6,57,1,N,2,18893
2,6,1,1,2,5,32,1,N,2,2766
1,6,1,1,2,N,62,1,N,2,17674
2,6,1,1,9,7,5,1,N,2,24939
2,4,1,1,2,7,44,1,N,2,10054
2,6,1,2,4,6,23,1,N,2,10364
1,N,2,1,0,5,22,2,6,2,15675
2,3,2,2,1,9,0,3,N,2,21983
2,6,1,2,1,7,36,1,N,2,19461
1,1,1,0,8,6,34,1,N,2,16379
1,1,1,1,8,7,38,1,N,2,23706
2,1,2,1,7,5,64,3,N,2,5003
1,4,1,1,0,7,61,1,N,2,6716
1,6,1,1,7,7,14,1,N,2,22482
1,6,1,1,5,9,16,3,N,2,15141
2,2,1,1,5,5,28,1,N,2,16422
2,1,3,2,4,9,63,1,N,2,22238
1,4,1,1,4,6,39,1,N,2,6838
1,1,1,2,6,N,50,1,N,2,14220
1,6,1,1,5,7,50,1,N,2,16186
1,1,2,2,3,7,31,1,2,2,7443
2,6,2,1,3,7,3,1,N,2,5908
2,1,1,0,N,N,76,1,N,2,20329
2,6,1,1,2,8,27,1,N,2,26845
2,6,7,2,6,2,41,1,N,1,10667
1,1,1,1,3,4,51,1,N,2,0
2,1,3,1,9,8,90,1,N,2,23318
2,1,1,1,8,N,43,1,N,2,20590
2,4,2,1,0,9,49,1,N,2,20279
2,1,1,1,N,7,37,1,N,2,18043
2,6,6,1,3,7,46,1,N,2,22322
1,3,1,2,8,4,82,1,N,2,25560
1,1,1,1,7,1,62,1,N,2,9980
1,1,1,1,9,2,54,1,N,2,18405
2,1,1,1,6,N,64,1,N,2,19052
2,1,1,1,0,7,72,1,N,2,19797
2,4,1,0,7,7,49,1,N,2,8082
1,1,1,2,9,7,56,1,N,2,17292
1,1,1,1,9,7,37,1,N,2,16070
1,6,2,2,1,6,0,1,N,2,24779
1,4,1,1,5,4,44,1,N,2,24697
1,6,1,1,0,6,60,1,N,2,6496
2,6,1,1,8,2,65,1,N,2,24018
2,1,2,1,9,N,81,1,N,2,24296
1,1,1,1,8,2,53,1,N,2,26200
2,6,1,1,N,3,38,1,N,2,6618
1,1,1,0,2,7,46,1,N,2,23416
1,6,1,1,6,9,57,1,N,2,16958
2,6,1,1,2,7,69,1,N,2,20814
1,1,1,1,7,3,69,1,N,2,12591
1,1,1,1,9,12,64,1,N,2,14975
1,6,1,2,1,5,0,1,N,2,20400
1,1,1,1,2,1,68,1,N,2,13821
1,1,1,1,7,7,22,1,N,2,13499
2,4,2,2,3,6,40,1,N,2,22109
2,6,1,1,N,3,19,1,N,2,19789
2,6,1,1,0,10,83,1,N,2,25784
1,1,1,1,3,6,37,1,N,2,12377
2,1,1,1,4,6,50,1,N,2,13861
1,6,1,2,8,7,64,1,N,2,22657
2,1,1,1,6,N,15,1,N,2,22583
1,6,1,0,2,5,57,1,N,2,24223
2,6,9,1,0,12,87,1,N,2,17073
2,1,8,1,2,4,72,1,N,2,2593
2,6,1,2,7,7,56,1,N,2,13865
2,1,1,1,N,7,48,1,N,2,27252
2,1,1,1,3,12,34,1,N,2,2540
1,5,1,1,6,3,3,1,N,2,18186
1,1,1,1,4,5,18,1,N,2,15836
1,4,1,1,3,6,45,1,5,2,10182
2,1,1,2,N,N,1,1,N,2,17207
2,6,2,1,9,7,34,1,N,2,8410
2,1,1,2,8,9,33,1,N,2,10098
2,6,1,2,6,7,90,1,N,2,21909
2,6,1,1,5,6,6,1,N,2,24939
1,4,1,1,6,7,17,1,N,2,23888
1,6,1,1,6,N,42,1,N,2,19376
2,6,1,2,9,12,11,1,N,2,10412
2,4,1,1,0,6,64,1,N,2,24942
1,1,1,2,7,5,23,1,N,2,14153
2,1,1,1,9,N,52,1,N,2,24838
2,1,1,1,9,N,55,1,N,2,25026
2,6,1,2,4,3,28,1,N,2,27252
2,6,1,2,7,9,21,1,N,2,0
1,6,1,2,0,5,54,1,N,2,16691
2,6,2,2,1,5,24,1,N,2,0
2,1,1,1,1,6,7,1,N,2,0
2,1,1,1,9,9,46,1,N,1,15627
1,1,1,1,0,N,45,1,N,2,10729
2,6,1,1,1,5,22,1,N,2,0
2,1,1,1,6,2,29,1,N,2,2917
1,6,1,0,N,6,9,1,N,2,13116
2,1,1,1,6,7,48,1,N,2,27252
2,6,1,2,6,7,43,1,N,2,14188
2,1,7,1,0,8,59,1,N,2,18123
2,1,1,1,0,6,70,1,N,2,12750
2,6,2,1,8,6,22,1,N,2,20533
2,1,1,1,4,7,58,1,N,2,23404
1,4,1,1,9,7,7,1,N,2,5011
1,1,1,1,5,N,60,1,N,2,1266
1,1,1,1,0,7,15,1,N,2,23517
2,6,1,2,0,7,8,2,N,2,20969
1,6,2,1,1,9,7,1,N,2,26459
2,1,2,1,N,7,52,1,N,2,9898
2,1,1,1,7,6,36,1,N,2,14556
2,1,1,1,7,N,64,1,N,2,11710
2,6,1,1,9,4,61,1,N,2,22288
1,1,1,2,2,3,55,1,N,2,14326
1,6,1,1,1,6,40,1,N,2,25746
1,1,2,1,3,7,22,1,N,2,21263
1,6,2,1,N,5,35,1,N,2,22415
2,3,1,2,1,6,67,1,N,2,23611
2,6,2,1,6,7,8,1,N,2,16652
2,1,4,1,7,7,60,1,N,2,13442
2,6,1,2,N,7,57,1,N,2,24939
1,1,1,1,5,7,62,1,N,2,21211
2,4,1,2,6,7,18,1,N,2,1234
1,6,5,1,7,12,16,1,N,2,15538
2,1,2,1,6,N,36,1,N,2,9860
2,1,6,2,1,4,14,1,N,2,27252
2,1,1,1,N,7,70,1,N,2,19935
1,1,1,1,5,12,43,1,N,2,27252
2,1,2,2,4,7,43,1,N,2,7012
2,6,1,1,1,5,27,1,N,2,26449
1,6,1,1,6,2,69,1,3,2,18540
2,6,1,1,4,9,26,1,N,2,12986
2,1,1,1,6,7,29,1,N,2,19742
2,1,1,1,5,4,4,1,N,2,12349
1,1,1,1,8,6,71,1,N,2,20042
2,6,1,2,5,6,53,1,N,2,3003
1,6,2,1,6,7,18,1,N,2,18060
1,1,1,1,7,12,89,1,N,2,25886
1,6,2,2,2,2,31,1,N,2,15287
2,1,1,2,8,N,67,1,N,2,21478
1,1,1,1,5,7,3,1,N,2,10128
2,1,1,1,3,3,50,1,N,2,15375
2,4,1,1,6,7,33,1,N,2,17312
1,1,1,1,1,7,45,1,N,2,14485
2,6,1,2,2,7,52,1,N,2,8516
2,1,1,2,1,6,36,1,N,2,19704
1,1,1,1,7,11,51,1,N,2,14038
2,1,8,2,7,7,53,1,N,2,13733
2,6,1,1,9,7,39,1,N,2,22437
2,1,1,1,6,7,66,1,N,2,19373
1,1,1,2,9,4,24,1,N,2,27108
2,6,1,2,2,8,29,1,N,2,7881
2,1,1,1,5,10,65,1,N,2,6240
2,1,1,1,4,3,20,1,N,2,13750
2,6,2,2,5,7,5,1,N,2,16242
1,2,1,1,7,N,0,1,N,1,4582
2,1,1,2,4,6,72,1,N,2,1263
1,6,1,1,6,5,41,1,N,2,16221
1,1,3,1,1,8,60,1,N,2,20067
2,5,1,1,9,4,52,1,N,2,13650
2,1,1,1,9,N,67,1,N,2,13756
1,1,1,1,6,9,44,1,N,2,27252
1,1,1,1,5,6,33,1,N,2,27252
1,1,1,1,5,2,85,1,N,2,19812
2,1,2,2,3,N,75,1,N,2,19787
1,1,6,1,9,3,10,1,N,2,17549
2,1,1,1,4,8,74,1,N,2,24339
2,1,1,1,7,5,42,1,N,2,10005
1,1,1,2,7,7,42,1,4,2,21984
1,1,1,1,9,N,68,1,5,2,26
1,1,1,1,4,N,33,1,N,2,25346
2,1,2,2,0,12,18,1,N,2,20695
1,1,1,1,8,N,72,1,N,2,4867
2,3,1,1,4,2,47,1,N,2,23591
2,1,1,1,9,5,28,1,N,2,14688
2,6,1,2,2,7,39,1,N,2,19517
1,6,1,1,1,12,30,1,N,2,24753
2,1,1,0,4,7,24,1,N,2,24939
2,1,1,1,4,6,29,1,N,2,9157
2,1,1,1,3,4,51,1,N,2,20356
1,6,1,2,9,N,38,1,N,2,20411
2,6,2,2,6,5,32,1,N,2,13324
2,1,1,1,N,7,47,1,N,2,24939
2,5,1,1,N,N,67,1,N,2,11660
2,1,1,1,6,N,55,1,N,2,20445
1,5,1,1,0,7,5,1,N,2,24666
2,1,1,1,N,7,41,1,N,2,21155
2,1,1,1,4,7,45,1,N,2,23729
1,1,1,2,0,8,38,1,N,2,4346
2,1,1,2,0,6,58,1,N,2,12397
2,1,1,1,1,12,68,1,N,2,21340
1,1,1,1,N,N,52,1,N,2,20358
1,1,1,1,7,7,10,1,N,2,22330
2,6,1,2,1,7,50,1,N,2,23038
2,6,2,2,0,7,28,1,3,2,14649
2,6,1,2,6,6,66,1,N,2,4879
1,1,1,1,0,5,10,1,N,2,18133
2,1,1,2,9,7,48,1,N,2,9806
2,1,1,1,2,N,33,1,N,2,15228
2,4,1,1,6,N,76,1,N,2,12667
2,1,1,1,1,4,71,1,N,2,10767
1,6,1,1,6,10,38,1,N,2,242
2,6,1,2,0,11,0,1,N,2,3010
1,1,9,1,9,7,26,1,N,2,18504
2,6,1,1,8,7,6,1,N,2,16034
2,1,2,2,7,7,26,1,5,2,17400
2,1,2,1,3,7,41,1,N,2,19840
2,6,8,1,1,9,15,1,N,2,8811
2,6,1,1,N,7,0,1,N,2,24817
1,6,2,1,8,6,20,1,N,2,6032
1,1,1,1,6,2,77,1,N,2,20084
1,6,1,2,0,7,14,1,N,2,21397
2,1,1,0,N,3,56,1,N,2,8518
2,6,2,1,6,12,16,1,N,2,10275
1,1,1,1,2,N,66,1,N,2,22622
1,6,1,2,9,7,0,1,N,2,14490
2,1,1,2,9,5,64,1,N,2,9427
2,1,1,1,3,N,93,1,N,2,20330
2,4,1,2,2,4,70,1,N,2,13752
1,1,1,1,7,5,42,1,N,2,27252
1,1,1,1,8,10,55,1,N,2,10182
2,3,1,1,6,7,27,1,N,2,14679
1,6,1,2,6,5,46,1,N,2,25597
2,4,1,1,2,N,12,1,N,2,27252
1,5,1,1,1,3,58,1,N,2,13001
2,1,1,1,2,N,45,1,N,2,18982
2,1,1,1,3,5,78,1,N,2,15756
1,1,1,1,6,7,47,1,N,2,2251
2,1,1,1,4,N,33,1,N,2,27252
2,1,1,2,8,4,63,1,N,2,17166
2,1,1,2,0,10,84,1,N,2,6715
2,1,1,1,6,N,51,1,N,2,22196
2,6,1,2,8,7,54,1,N,2,2014
1,1,3,1,N,7,53,1,N,2,25241
2,6,2,1,6,7,64,1,N,2,17643
1,6,1,2,4,5,18,1,N,2,24826
2,1,1,2,7,7,36,1,N,2,12138
1,3,1,1,5,12,58,1,N,2,23077
1,1,1,1,9,12,35,1,N,2,14058
2,1,1,1,9,N,75,1,N,2,20963
2,1,1,1,N,7,43,1,N,2,11700
2,1,1,1,8,6,58,1,N,2,17373
1,6,1,1,2,5,18,1,N,2,24939
2,1,1,1,7,6,71,1,N,2,752
2,1,1,1,0,1,31,1,N,2,14358
2,5,1,1,N,12,19,1,N,2,18273
2,6,1,2,8,5,18,1,N,2,5962
1,6,2,1,2,9,39,1,N,1,11877
2,1,1,1,7,2,16,1,N,2,22776
1,1,1,1,4,10,70,1,N,1,12121
1,1,1,1,5,6,18,1,N,2,25460
2,6,1,1,N,7,11,1,N,2,20860
1,1,1,1,9,N,67,1,N,2,13155
1,1,1,1,4,7,71,1,N,2,13140
1,6,1,1,0,3,29,1,N,2,23976
2,6,1,1,4,6,68,1,N,2,21684
2,6,2,2,2,5,43,1,N,2,22713
2,6,2,1,6,6,30,1,N,2,8295
2,1,1,1,N,7,85,1,N,2,13436
1,1,1,2,7,8,27,1,N,2,27252
2,3,2,1,9,N,2,1,1,2,17985
2,1,1,1,9,N,39,1,N,2,14773
2,1,1,1,4,1,56,1,N,2,10201
2,6,1,1,6,N,19,1,N,2,23117
2,1,1,1,9,4,7,1,N,2,13258
2,1,2,1,0,N,13,1,N,2,24939
2,6,1,1,7,6,49,1,N,2,10692
2,6,1,1,4,9,71,1,N,2,18353
1,N,1,1,9,6,17,1,N,2,16419
2,2,1,2,8,3,48,1,N,2,12103
2,3,1,2,N,12,38,1,N,2,14250
2,1,1,1,9,N,46,1,N,2,20605
1,1,1,1,1,7,65,1,N,2,12516
2,1,1,1,9,N,76,1,N,2,9064
1,1,1,1,6,10,63,1,N,2,20727
1,N,1,2,0,5,75,1,N,2,19138
1,6,1,2,1,7,32,1,N,2,14909
1,3,1,1,N,7,21,1,N,2,16843
2,1,1,1,4,N,68,1,N,2,18878
2,1,2,1,6,N,22,1,N,2,10249
2,1,1,1,3,2,60,1,N,2,20860
2,4,1,1,6,8,71,1,N,2,16265
1,1,1,1,N,N,58,1,N,2,18998
2,1,1,1,9,7,30,1,N,2,2645
2,6,1,1,8,7,70,1,N,1,20909
2,1,1,1,0,5,76,1,N,2,16537
2,1,1,1,4,6,61,1,N,2,18871
2,5,3,1,9,6,38,1,N,2,15223
2,6,1,0,7,7,21,1,N,2,27252
2,1,1,1,9,7,75,1,N,2,22117
1,4,1,1,N,N,59,1,N,2,20905
2,1,1,1,3,N,49,1,N,2,9787
1,1,1,1,7,12,2,1,N,2,16843
2,1,1,1,8,7,27,1,N,2,26296
2,1,1,1,N,7,69,1,N,2,18135
2,6,1,2,3,6,39,1,N,2,7666
1,1,1,2,N,N,55,1,N,2,21788
2,1,1,1,N,N,65,1,N,2,13528
1,1,5,0,7,8,69,1,4,2,18315
2,1,1,1,9,3,65,1,N,2,12401
2,6,2,2,8,6,35,1,N,2,6351
1,6,1,1,0,7,49,1,N,2,17004
2,4,5,2,N,N,31,1,N,2,14293
2,1,1,1,7,7,17,1,N,2,13864
2,1,1,1,9,7,50,1,N,2,11721
2,6,9,0,4,4,54,1,N,2,15014
2,6,1,1,6,12,62,1,N,2,19738
2,6,1,1,6,7,31,1,N,2,13159
2,6,1,1,1,N,20,1,N,2,18535
2,1,1,1,6,1,93,3,N,2,15811
2,6,1,2,9,7,5,1,N,2,9080
1,1,1,1,9,2,54,1,N,2,18214
2,1,1,1,2,7,28,1,N,2,27252
2,6,1,1,6,7,12,1,N,2,23595
2,6,1,1,1,4,41,1,N,2,23356
1,1,1,1,9,7,21,1,N,2,26879
1,6,1,2,0,4,79,1,N,2,5569
2,1,1,1,9,7,76,1,N,2,17831
2,2,1,2,4,6,62,1,N,2,16222
2,6,2,2,6,N,74,1,N,2,2385
1,3,2,2,8,5,31,1,1,2,6448
1,3,2,1,0,11,66,1,N,2,3875
1,1,1,1,6,7,27,1,N,2,1718
1,6,6,0,5,9,64,1,N,2,6194
2,1,2,1,2,1,26,1,N,2,20850
2,1,1,2,5,2,38,1,N,2,24119
2,4,1,1,5,6,37,1,N,2,25049
2,1,1,1,0,6,55,1,N,2,25026
1,1,1,1,3,6,64,1,N,2,1692
2,6,2,1,8,7,4,1,N,2,22570
2,1,1,1,9,4,67,1,N,2,19101
2,1,1,1,4,4,30,1,N,2,13472
1,1,1,1,8,11,41,1,N,2,13959
2,1,1,1,3,12,32,1,N,2,14419
1,6,2,2,0,7,68,1,N,2,16476
2,1,1,2,9,N,83,1,N,2,7053
1,1,1,2,N,7,60,1,N,2,27252
2,4,1,1,6,3,54,1,N,2,19022
2,1,1,1,N,6,5,1,N,2,25018
2,4,1,1,N,7,0,1,N,2,19604
1,3,1,1,5,7,36,1,N,2,13632
2,6,1,1,5,N,11,1,N,2,14459
2,6,1,1,6,N,64,1,N,2,19508
1,1,1,2,2,5,32,1,N,2,17790
2,1,9,2,8,12,74,1,N,2,15370
1,6,1,1,9,7,42,1,N,2,21914
2,1,8,1,1,5,69,1,N,2,14427
1,6,2,1,0,3,23,1,N,2,13386
2,1,8,1,6,9,38,1,N,2,23778
2,6,6,2,3,6,0,1,N,2,19406
1,1,1,1,3,7,13,1,N,2,16652
1,1,1,1,N,7,30,1,N,2,25528
1,6,9,2,0,8,24,1,N,2,4010
1,2,1,1,0,3,16,1,N,2,15492
2,1,1,2,7,4,15,1,N,2,11821
1,1,1,1,7,N,25,1,N,2,9684
2,1,2,1,2,12,40,1,N,2,16527
2,2,1,1,2,7,12,1,N,2,9375
2,1,8,1,N,7,42,1,N,2,17479
2,6,1,2,N,7,80,1,N,2,4623
1,3,1,1,2,5,53,1,N,2,18548
2,1,1,1,4,9,58,1,N,2,17504
1,1,1,1,3,7,19,1,N,2,19989
2,1,1,1,9,7,68,1,N,2,11749
2,6,1,2,8,7,17,1,N,2,21142
1,6,2,1,0,9,4,1,N,2,24734
1,1,2,2,3,N,78,1,N,2,5991
2,1,1,1,8,11,33,1,N,2,26875
2,6,2,1,5,5,45,1,N,2,9373
2,1,1,1,9,N,37,1,N,2,14679
2,4,2,2,3,6,15,1,N,2,13046
1,6,2,2,2,6,22,1,N,2,22559
2,1,1,1,N,7,30,1,N,2,24939
1,1,1,2,8,N,64,1,N,2,11757
1,1,1,1,4,8,54,1,N,2,21042
2,6,1,2,1,7,72,1,2,2,0
1,1,1,1,0,7,25,1,N,2,11171
2,1,1,1,5,11,12,1,N,2,15758
2,1,1,1,8,6,39,1,N,2,5434
1,6,2,1,1,4,7,1,N,2,10255
1,1,1,1,N,3,72,1,N,2,4410
2,1,1,2,5,N,25,1,N,2,17296
1,1,2,1,9,7,36,1,N,2,23006
1,6,1,1,N,7,57,1,N,2,25525
1,1,1,1,0,7,46,1,N,2,14266
2,6,1,2,2,N,14,1,N,2,25732
2,6,6,1,0,4,17,1,N,2,12334
1,6,2,1,7,6,24,1,N,2,1867
1,6,1,2,2,2,29,1,N,2,24939
1,1,1,1,6,6,36,1,N,2,6288
2,1,1,0,N,7,73,1,N,2,11414
1,6,1,1,0,6,42,1,N,2,16944
1,1,1,1,3,7,20,1,N,2,22946
2,6,1,2,8,7,40,1,N,2,20753
2,1,1,1,3,6,20,1,N,2,23974
1,1,1,1,8,2,70,1,N,2,9427
2,1,1,1,9,8,78,1,N,2,9428
1,1,2,1,5,N,65,1,N,2,24902
1,6,2,2,1,5,20,1,N,2,7728
1,1,1,1,9,8,24,1,N,2,16393
2,6,1,2,1,9,18,1,N,2,17058
2,1,1,1,6,N,55,1,N,2,21629
2,1,1,1,1,4,44,1,N,2,18847
1,6,1,1,1,9,40,1,N,2,26380
2,1,2,2,5,2,79,1,N,2,15459
1,1,1,1,9,7,25,1,N,2,27252
2,3,1,1,9,12,51,1,N,2,6302
2,1,1,1,N,3,47,1,N,2,5824
1,6,1,2,3,8,26,1,N,2,0
2,1,1,1,N,N,48,1,N,2,24310
2,1,1,1,8,5,45,1,N,2,16617
2,1,1,1,4,9,35,1,N,2,0
1,4,1,1,9,4,48,1,N,2,19900
2,6,2,1,5,7,42,1,N,2,4332
1,6,1,1,6,3,21,1,N,2,25635
2,1,1,1,8,3,51,1,N,2,18554
2,6,1,1,9,9,57,1,N,2,27252
1,1,1,1,1,6,39,1,N,1,11133
2,6,1,2,2,12,42,1,N,2,27252
2,1,1,1,6,4,48,1,N,2,21355
2,1,1,2,9,12,17,1,N,2,13744
2,1,3,1,9,12,44,1,N,2,19602
2,1,1,2,6,6,85,1,N,2,17898
2,6,1,1,5,6,36,1,N,2,20267
2,4,5,1,6,N,27,1,4,2,15673
2,6,1,1,8,7,29,1,N,2,4611
1,1,1,2,4,3,64,1,N,2,21126
1,1,1,1,5,6,29,1,N,2,27014
2,1,1,1,1,N,63,1,N,2,23123
1,6,1,1,4,7,88,1,N,2,14892
2,6,1,1,8,4,52,1,N,2,8437
2,1,1,1,8,7,47,1,N,2,19659
2,1,1,1,9,N,79,1,N,1,14890
1,6,2,1,9,N,21,1,N,2,10519
2,1,1,1,5,N,36,1,N,2,10183
2,3,1,2,3,7,48,1,N,2,22541
1,6,2,0,2,7,25,1,N,2,16725
2,1,1,1,N,N,51,1,N,2,13398
2,6,1,1,3,N,22,1,N,2,20739
2,1,1,1,5,3,44,1,N,2,18984
1,6,1,2,2,N,39,1,6,2,19108
1,3,1,1,7,9,38,1,N,2,17777
2,1,9,1,7,10,53,1,N,2,19999
2,1,1,1,4,N,83,1,N,2,9734
2,1,1,1,N,4,44,1,N,2,7319
2,3,1,2,9,7,54,1,N,2,2789
2,1,1,1,N,N,74,1,N,2,2722
1,1,1,1,6,7,48,1,N,2,8692
1,6,1,1,2,9,18,1,N,2,15531
2,6,1,2,1,5,14,1,N,2,3371
2,4,1,1,5,4,76,1,N,2,14237
1,6,1,2,0,5,45,1,N,2,19231
1,1,1,1,N,3,70,1,N,2,9171
1,6,1,2,3,7,12,1,N,2,13731
1,N,1,1,3,5,65,1,N,2,14329
2,6,6,2,0,6,54,1,N,2,4233
1,1,6,1,5,6,27,1,N,2,26714
2,6,1,1,3,7,37,1,N,2,15747
2,6,2,2,3,6,6,1,N,2,24519
1,1,1,2,2,1,32,1,N,2,9728
2,4,1,2,0,9,25,1,N,2,25861
2,1,3,1,7,9,37,1,N,2,24936
2,6,1,1,9,11,41,1,N,2,15344
1,1,1,1,N,7,86,1,N,2,17413
2,1,1,2,7,N,95,1,N,2,20079
2,6,6,0,0,7,23,1,N,2,21589
2,1,1,1,2,8,76,1,N,2,10505
1,1,1,1,9,7,62,1,N,2,19103
2,6,1,1,N,N,57,1,N,2,10268
1,1,1,1,N,12,55,1,N,2,18297
2,1,1,1,4,7,51,1,N,2,4276
2,1,1,1,5,7,22,1,N,2,7216
1,6,1,1,8,4,18,3,N,2,25891
1,1,1,1,4,6,32,1,N,2,20760
2,1,1,1,8,9,4,1,N,2,18086
1,1,1,1,N,N,63,1,N,2,20059
2,4,1,1,0,7,27,1,N,2,18172
2,1,1,1,6,N,56,1,N,2,4105
2,1,1,1,5,7,15,1,N,2,20887
2,1,1,1,6,4,58,1,N,2,24447
1,1,1,2,8,5,54,3,N,2,21072
2,6,1,1,7,N,65,1,N,2,11592
1,2,1,1,7,5,41,1,N,2,17785
2,1,2,1,6,7,68,1,N,2,19772
1,3,1,1,9,8,48,1,2,2,23797
2,1,1,1,N,7,48,1,N,2,10184
2,6,8,2,1,5,25,1,N,2,12430
2,N,1,1,7,7,74,1,N,2,19561
2,1,1,1,7,9,38,1,N,2,27252
2,6,1,2,7,N,58,1,N,2,9916
2,3,1,1,0,7,71,1,N,2,10929
2,1,1,2,4,9,78,1,N,2,16381
1,6,2,2,6,10,23,1,N,2,13566
2,4,2,2,6,7,22,1,N,2,15899
2,6,1,1,9,7,22,1,N,2,23017
2,1,1,1,8,N,61,1,N,2,19146
1,1,1,1,8,7,63,1,N,2,22595
1,6,1,2,0,6,30,1,N,2,11108
2,1,1,1,0,7,19,1,N,2,13430
2,4,1,0,2,3,39,3,N,2,9516
2,2,1,1,8,9,21,1,N,2,15787
2,1,9,1,5,7,20,1,N,2,14479
2,1,1,1,N,7,40,1,N,2,3476
2,1,1,1,1,12,57,1,N,2,18501
2,6,7,2,0,5,43,1,N,2,13380
1,1,1,1,8,11,20,1,N,2,16935
2,1,1,1,0,6,10,1,N,2,24939
1,6,1,1,7,7,26,1,N,2,15995
2,1,1,1,9,8,42,1,N,2,9592
1,1,1,2,1,5,46,1,2,2,21160
2,1,9,2,9,9,45,1,N,2,12314
1,1,1,1,N,3,75,1,N,2,20800
1,1,1,1,0,10,25,1,N,2,16219
2,6,2,2,0,4,64,1,N,2,10839
1,2,1,2,3,3,16,1,N,2,23480
1,6,9,2,0,9,22,1,N,2,17280
1,5,6,2,9,7,38,1,N,2,24939
1,1,1,1,N,7,14,1,N,2,18200
1,1,1,1,3,7,26,1,N,2,16193
1,1,2,1,7,5,91,1,N,2,19599
2,1,1,1,0,N,46,1,N,2,22253
2,1,1,1,8,6,79,1,N,2,14000
1,6,1,1,3,N,12,1,N,2,14477
2,6,2,0,0,5,27,1,4,2,17622
2,1,1,1,9,N,24,1,N,2,23350
2,1,1,1,9,3,40,1,N,2,18505
2,1,1,1,4,6,87,1,N,2,0
1,1,1,2,4,8,55,1,N,2,23412
2,4,1,1,8,7,61,1,N,2,16881
2,1,7,1,6,7,4,1,N,2,20741
2,1,1,1,8,7,31,1,N,2,27252
1,1,1,0,2,6,5,1,N,2,9941
1,1,1,2,2,8,4,1,N,2,20892
2,1,1,1,6,7,56,1,N,2,15698
2,6,2,1,1,5,74,1,N,2,1692
2,6,1,1,5,10,29,1,N,2,15359
2,6,1,2,0,3,41,1,N,2,20139
2,3,1,1,6,5,10,1,N,2,16753
1,1,2,1,9,7,24,1,N,2,17778
1,6,1,2,7,7,39,1,N,2,8936
1,6,1,1,5,5,29,1,N,2,15345
2,1,1,1,9,7,21,1,N,2,7396
2,1,2,0,N,6,48,1,N,2,11634
2,6,6,2,6,7,2,1,N,2,14641
1,1,1,1,0,8,93,1,N,2,11861
2,4,1,2,6,7,72,1,N,2,13587
1,1,1,2,8,7,37,1,N,2,22502
2,3,2,1,9,7,46,1,N,2,24638
2,6,2,2,0,7,24,1,N,2,26047
2,1,1,1,5,N,57,1,N,2,18885
2,1,9,1,8,6,95,1,N,2,8718
2,1,9,1,8,N,19,1,N,2,11253
2,6,1,1,N,N,40,1,N,2,14975
2,1,1,1,1,4,46,1,N,2,22932
1,6,9,0,0,7,18,1,N,2,23899
2,4,1,1,1,3,16,1,N,2,17163
1,1,1,2,3,8,43,1,N,2,16881
1,1,2,1,8,12,82,1,N,2,5520
2,1,1,1,N,N,72,1,N,2,24574
1,1,2,1,N,N,68,1,N,2,21735
1,1,2,1,7,N,30,1,N,2,17359
1,1,1,1,N,7,55,1,N,2,13216
2,1,1,1,8,7,62,1,N,2,18030
1,6,2,2,0,3,19,1,N,2,8453
2,1,1,1,9,6,54,3,N,2,5988
1,1,1,1,7,7,60,1,N,2,12685
2,6,1,1,8,N,15,1,N,2,15462
2,5,1,1,N,7,44,1,N,2,27252
1,1,1,2,N,N,26,1,N,2,24429
1,4,1,1,0,2,44,1,N,2,15721
1,1,1,0,N,7,14,1,N,2,24364
1,1,1,1,0,9,68,1,N,2,18425
2,1,1,1,3,5,75,1,N,2,12586
2,6,2,2,0,6,12,1,N,2,22731
2,1,1,1,2,N,72,1,N,2,25711
2,6,3,1,9,7,15,1,N,2,25430
2,1,1,1,5,4,58,1,N,2,15264
2,6,1,1,2,7,35,1,N,2,12350
1,6,1,1,1,11,3,1,N,2,19822
2,1,2,1,8,12,40,1,N,2,14591
2,4,1,2,2,9,32,1,N,2,10131
1,1,1,1,9,7,11,1,N,2,27252
2,1,1,1,N,7,35,1,N,2,5071
1,6,1,2,6,4,73,1,N,2,24927
2,1,2,2,8,6,93,1,N,2,12406
2,3,1,1,0,7,36,1,N,2,23010
1,1,1,1,4,9,58,1,N,2,21627
2,6,1,2,1,6,15,1,4,2,22169
2,6,3,1,1,3,0,1,N,2,14454
2,1,1,1,8,5,36,1,N,2,10858
1,N,1,1,9,8,57,1,N,2,15364
1,1,1,2,8,N,7,1,N,2,22749
1,1,1,1,2,12,35,1,N,2,18507
2,1,6,2,8,6,13,1,N,2,13737
1,1,1,1,9,6,3,1,N,2,27252
1,1,1,2,1,7,27,1,N,2,14058
2,1,3,1,5,10,35,1,N,2,27252
2,4,1,1,9,6,46,1,N,2,14072
2,3,1,2,1,6,40,1,N,2,25888
2,1,1,2,0,8,73,3,6,1,4375
1,6,1,2,0,11,29,1,N,2,25261
1,1,9,1,3,11,32,1,N,2,14253
2,6,1,1,8,5,48,1,N,2,24939
2,1,4,2,6,5,47,1,N,2,27252
2,5,5,1,1,2,8,1,N,2,16323
1,1,2,2,0,7,47,1,N,2,26400
1,6,1,1,N,3,49,1,N,2,23750
2,6,2,1,6,9,53,1,N,2,11304
2,1,1,1,4,9,31,1,N,2,17417
2,4,1,1,8,N,21,1,N,2,17894
1,6,2,1,5,7,32,1,N,2,18044
1,1,1,1,8,N,58,1,N,2,23356
2,6,1,1,1,4,27,1,4,2,22456
2,6,1,2,0,4,27,1,N,2,21089
1,1,1,2,7,6,62,1,N,2,11217
2,1,1,1,2,9,21,1,N,2,19697
1,2,1,1,5,7,9,1,N,2,25761
2,6,2,1,N,7,23,1,N,2,15812
1,1,3,2,5,6,0,1,N,2,21501
2,4,1,2,9,7,64,1,N,2,5992
1,6,1,2,5,5,34,1,N,2,8296
2,1,1,1,9,6,64,1,N,2,27252
1,1,1,1,3,11,43,1,N,2,23839
2,1,1,1,2,9,3,1,N,2,19452
1,6,1,1,9,N,59,1,N,2,4322
1,1,1,2,8,7,8,1,N,2,16350
2,1,1,1,6,N,72,1,N,2,9484
1,6,1,1,N,7,32,1,N,2,19748
1,1,1,1,5,12,19,1,N,2,10146
2,6,1,2,3,7,26,1,N,2,23573
1,5,1,1,7,9,30,3,N,2,16862
2,1,1,1,8,7,45,1,N,2,25760
2,3,1,1,2,2,81,1,N,2,12928
1,4,2,1,1,7,10,1,N,2,15583
2,1,1,1,5,9,44,1,N,2,22541
2,1,1,1,3,7,53,1,N,2,22405
1,1,1,1,6,10,70,1,N,2,21313
2,1,1,2,9,7,48,2,N,2,17997
1,1,2,1,N,7,50,1,N,2,23257
2,6,1,2,7,3,72,1,N,2,18982
2,6,1,2,8,7,15,1,N,2,7757
2,1,1,1,7,3,0,1,N,2,16843
2,6,1,1,4,5,29,1,N,2,10575
2,1,1,1,9,7,23,1,N,2,16985
2,5,1,2,3,7,19,1,N,2,19749
2,6,2,1,8,N,5,1,N,2,24939
2,1,2,1,7,7,73,1,N,2,1692
2,6,1,1,3,1,27,1,N,2,9427
1,1,1,1,5,N,23,1,N,2,27252
2,6,1,1,5,6,30,1,N,2,2600
2,1,1,1,6,9,76,1,N,2,19574
1,3,2,2,0,4,17,1,N,2,9923
1,1,6,1,0,3,95,1,N,2,24939
1,1,1,1,1,6,57,1,N,2,21990
2,1,2,1,N,3,28,1,N,2,23989
2,1,1,1,9,7,11,1,N,2,25941
1,6,1,1,8,9,59,1,N,2,14889
2,1,1,1,N,N,66,1,N,2,17863
2,1,1,1,N,N,81,1,N,2,19704
2,1,1,1,8,N,34,1,N,2,2412
1,1,1,1,0,5,0,1,N,2,17424
2,6,2,2,0,7,5,1,N,2,23381
2,1,1,1,8,7,63,1,N,2,19028
2,6,1,2,8,6,65,1,N,2,19606
2,1,1,2,3,10,32,1,N,2,6403
2,1,1,1,7,11,74,1,N,2,20706
1,6,1,1,2,6,58,1,N,2,12813
1,6,1,1,4,7,49,1,N,2,17793
2,6,7,1,9,N,68,1,N,2,22233
2,1,1,1,8,3,45,1,N,2,20560
1,2,1,1,2,7,73,1,N,2,15340
1,4,1,2,N,7,28,1,N,2,15743
2,6,2,1,2,12,36,1,N,2,11111
2,1,1,2,5,7,40,1,N,2,20411
1,6,1,1,6,9,13,1,N,2,24253
2,6,1,1,7,5,43,1,6,2,6887
2,1,1,1,7,N,72,1,N,2,17153
2,6,1,2,N,7,29,1,N,2,15457
2,6,1,2,9,7,49,1,N,2,11813
2,1,1,1,1,8,66,1,N,2,24317
1,1,1,1,2,11,5,1,N,2,8221
1,3,1,1,1,9,7,1,N,2,20723
1,6,1,1,N,7,20,1,N,1,14585
1,1,1,1,N,3,50,1,N,2,14875
1,1,1,1,6,2,51,1,N,2,19940
1,6,1,1,0,2,80,1,N,2,2910
1,6,2,2,2,5,6,1,N,2,9814
1,1,1,1,4,N,66,1,N,2,15190
1,1,1,1,8,N,72,1,N,2,11883
2,1,2,1,8,4,36,1,N,2,23347
2,1,3,1,N,7,89,1,N,2,13066
2,6,2,1,6,5,42,1,N,2,22427
1,6,2,1,4,5,30,1,N,2,21000
2,6,1,2,9,6,12,1,N,2,27252
1,6,1,1,9,6,59,1,N,2,11450
2,6,2,1,2,7,41,1,N,2,23215
1,1,1,1,4,N,28,1,N,2,20254
2,1,1,1,1,9,27,1,N,2,12114
2,3,2,1,3,7,79,1,N,2,4953
1,4,1,1,7,1,44,1,N,2,17730
2,3,1,1,6,5,41,1,N,2,7614
1,1,1,1,8,12,65,1,N,2,19610
2,1,7,2,0,6,45,1,N,2,10633
2,4,1,1,8,N,6,1,N,1,1588
1,1,1,1,6,3,82,1,N,2,16098
1,1,1,1,0,5,88,1,N,2,18235
1,1,1,1,N,5,45,1,N,2,6446
2,1,1,1,6,7,66,1,N,2,2550
2,1,1,1,2,2,63,1,N,2,25636
1,4,2,2,3,5,18,1,N,2,9427
1,1,5,2,5,6,65,1,5,2,14224
1,1,1,1,N,3,56,1,N,2,18093
1,6,1,1,9,7,46,1,N,2,24939
2,1,1,1,N,7,61,1,N,2,25120
2,1,1,1,5,N,32,2,N,2,3437
1,6,1,1,3,5,12,1,N,2,23361
2,1,1,2,8,7,26,1,N,2,13708
2,1,1,2,9,7,58,1,N,2,17091
1,6,1,2,3,5,80,1,N,2,22657
2,1,1,1,9,12,61,1,N,2,0
1,1,2,2,9,6,31,1,N,2,17502
2,1,1,1,8,4,81,1,N,2,22996
2,1,1,1,0,11,45,1,N,2,15004
1,1,3,1,4,12,56,1,N,2,9760
2,6,1,1,9,N,60,1,N,2,24786
2,6,1,2,6,6,12,1,N,2,20032
2,4,1,2,N,N,80,1,N,2,7082
1,1,1,1,7,7,66,1,N,2,20419
1,3,2,1,0,6,90,1,N,2,1257
2,6,1,1,N,7,90,1,N,2,23859
2,5,1,1,0,3,19,1,N,2,5028
2,1,1,1,8,N,59,1,N,2,23281
2,1,2,1,8,7,76,1,N,2,14989
2,6,1,1,0,7,2,3,N,2,8474
1,1,1,1,N,3,67,1,N,2,25023
2,6,2,1,4,5,73,1,N,2,18010
2,3,1,1,1,5,48,1,N,2,21926
2,6,1,1,0,7,76,1,N,2,10909
1,6,1,2,2,5,48,1,N,2,5299
1,6,1,1,7,N,69,1,N,2,16643
2,6,1,2,7,7,16,1,N,2,23039
2,4,2,0,0,6,84,1,N,2,1801
1,1,1,1,7,5,36,1,N,2,18344
2,6,2,2,1,3,11,1,N,2,0
2,6,2,1,0,3,38,1,N,2,9394
1,1,1,2,5,6,82,1,N,2,1297
2,4,1,1,7,5,56,1,N,2,26251
2,1,1,1,N,N,63,1,N,2,26748
2,3,1,2,N,7,48,1,N,2,11379
2,6,1,2,2,1,79,1,N,2,20346
1,6,2,2,7,3,39,1,N,2,15749
2,1,1,1,5,7,15,1,N,2,21929
1,3,1,0,4,8,13,1,N,2,7259
1,4,1,1,5,N,4,1,N,2,15359
1,6,1,1,3,7,22,1,N,2,17697
2,4,9,1,7,7,72,1,N,2,16712
1,6,2,2,4,7,27,1,N,2,15181
2,1,1,2,0,4,10,1,N,2,13934
1,6,1,2,9,N,21,1,N,2,3195
2,6,1,1,1,7,4,1,N,2,15694
2,3,2,1,N,3,49,1,N,2,13246
2,6,1,1,9,7,43,1,N,2,10684
1,1,1,1,0,10,30,1,N,2,21789
1,1,1,1,N,N,79,1,N,2,14697
2,1,1,2,1,N,71,1,N,2,21353
1,1,2,1,6,7,15,1,N,2,17257
2,1,2,1,N,3,59,1,N,2,23407
2,1,2,2,2,7,58,1,N,2,4313
2,1,1,1,8,7,90,1,N,2,12298
2,3,1,1,9,3,64,1,N,2,19740
2,1,1,1,9,6,0,1,2,2,14767
2,6,1,2,0,3,15,1,N,2,14559
1,1,3,2,5,7,0,1,5,2,27252
1,6,1,1,N,6,53,1,N,2,1047
1,1,1,1,9,N,62,1,N,2,12698
2,4,1,1,8,7,62,1,N,2,4176
1,1,1,1,0,6,13,1,N,2,93
2,6,2,2,6,6,7,1,N,2,13289
2,N,1,0,0,7,18,1,N,2,17848
2,1,1,1,9,6,87,1,N,2,23093
1,4,1,2,0,8,72,1,N,2,18877
1,6,9,1,7,7,58,1,N,1,22860
1,1,1,1,N,7,77,1,N,2,24687
2,6,2,1,3,4,10,1,N,2,20302
1,6,1,1,7,7,36,1,N,2,22984
1,6,1,1,2,6,63,1,N,2,17907
1,1,5,1,9,6,42,1,N,2,13900
1,1,1,1,1,6,93,1,N,2,12437
2,6,1,2,0,N,0,1,N,2,15105
2,6,1,1,N,7,74,1,N,2,17146
1,N,1,1,9,7,53,1,N,2,19390
2,1,1,1,N,7,52,1,N,2,20562
1,6,1,1,N,7,60,1,N,2,20898
2,6,1,1,2,N,63,1,N,2,17631
1,4,1,2,3,4,56,1,N,2,20636
2,6,3,1,3,6,74,1,N,2,12086
1,N,2,1,5,7,2,1,N,2,6571
1,1,1,2,3,7,37,1,N,2,21942
1,1,1,2,8,7,74,1,N,2,14743
1,5,1,1,2,9,29,1,N,2,26304
2,1,2,1,9,2,44,1,N,2,4340
1,6,1,1,6,7,10,1,N,2,25354
2,4,1,1,9,6,62,1,N,1,12018
1,6,2,2,3,7,78,1,N,2,10284
2,4,1,1,8,N,20,1,N,2,0
2,6,1,1,1,11,0,1,N,2,24287
2,1,1,1,3,7,50,1,N,2,9427
2,1,3,1,7,6,66,1,N,2,20276
1,6,5,2,N,6,22,1,N,2,27252
2,4,1,1,1,9,66,1,N,2,24287
2,6,1,1,8,12,73,1,N,2,13109
1,1,9,1,5,12,42,1,N,2,15852
1,1,1,2,4,11,43,1,N,2,25450
1,1,1,1,5,12,51,1,N,2,21354
2,1,1,1,5,7,63,1,N,2,21022
1,5,2,1,2,4,23,1,N,2,15276
1,6,5,0,0,7,80,1,N,2,14766
1,1,1,1,8,6,84,1,N,2,13417
2,6,1,1,3,5,65,1,N,2,14360
2,6,2,2,N,7,23,1,N,2,12543
1,1,1,1,N,9,33,1,N,2,14347
1,1,1,1,1,5,80,1,N,2,588
1,1,1,2,N,7,54,1,N,2,23014
2,6,3,1,2,6,15,1,N,2,10819
1,1,1,2,6,4,49,1,N,2,22445
2,6,3,1,2,6,20,1,N,2,25001
2,1,1,1,5,12,75,1,N,2,19908
1,1,1,1,4,9,56,1,N,2,2828
2,1,4,0,8,N,72,1,N,2,21247
1,6,2,1,9,6,26,1,N,2,20863
2,6,1,1,2,5,19,3,N,2,17556
2,N,1,2,6,6,47,1,N,2,1692
2,3,2,1,2,8,1,1,N,2,27252
1,1,1,1,8,N,21,1,N,2,16652
1,6,1,2,2,7,14,1,N,2,27252
1,1,1,1,4,6,44,1,N,2,22511
2,5,9,1,0,4,0,1,N,2,15557
2,1,1,1,8,N,7,1,N,2,4680
2,1,1,1,N,3,72,1,N,2,11723
1,3,4,1,1,9,0,1,N,2,25119
1,3,1,1,8,N,65,1,N,2,8482
1,3,1,1,0,N,7,1,N,2,23123
2,1,6,0,9,6,37,1,N,2,12725
1,1,1,1,6,9,49,1,N,2,18356
2,1,1,1,5,6,69,1,N,2,22858
2,1,1,1,9,7,75,1,N,2,8921
2,1,1,1,2,2,24,1,N,2,21432
2,1,1,1,N,7,63,1,N,2,8650
1,1,1,1,4,N,41,1,N,2,22146
1,1,1,1,5,N,46,1,N,2,20222
1,6,2,2,3,1,17,1,N,2,16664
2,1,2,1,N,N,40,1,N,2,27252
1,1,1,1,8,8,20,1,N,2,7238
1,6,1,0,1,5,50,1,N,2,13222
1,6,1,1,9,5,27,1,N,2,17697
2,5,2,1,9,7,77,1,N,2,8761
2,6,2,1,8,7,46,1,N,2,11389
1,3,1,1,0,9,68,1,N,2,2483
2,6,1,1,5,7,68,1,N,2,16843
2,6,8,2,2,7,13,1,N,2,18376
1,4,1,0,7,9,63,1,N,2,13950
2,1,2,1,9,4,83,3,N,2,16260
2,1,1,2,3,7,10,1,N,2,12256
2,3,1,1,1,6,50,1,N,2,7219
2,3,2,2,0,12,61,1,N,2,21278
2,1,1,1,N,N,62,1,N,2,12084
1,1,8,2,0,2,49,1,N,2,12480
2,1,1,2,9,6,95,1,N,2,18295
2,6,1,2,5,6,14,1,N,2,22427
2,6,1,1,4,7,23,1,2,2,13574
1,1,1,2,N,7,49,1,N,2,18884
2,1,1,1,8,5,54,1,N,2,5401
2,1,1,1,2,6,41,1,N,2,24939
2,1,1,1,9,3,63,1,N,2,15783
1,6,1,2,1,5,57,1,N,2,16008
2,1,2,1,7,7,11,1,N,2,24446
2,6,1,1,2,6,22,1,N,2,10466
1,6,3,2,0,9,52,1,N,2,23295
2,1,1,1,7,10,28,1,N,2,7287
2,4,1,1,0,10,48,1,N,2,20863
2,1,6,1,8,1,75,1,N,2,15269
2,6,1,1,5,6,39,1,N,2,4449
2,4,2,1,6,8,51,1,N,2,9427
2,6,1,2,2,5,20,1,N,2,13486
2,1,1,1,7,N,36,1,N,2,21547
1,6,2,1,0,7,60,1,N,2,27252
2,6,1,1,0,11,23,1,N,2,6185
2,1,1,1,9,2,54,1,N,2,24360
2,1,2,1,9,10,55,1,N,2,19197
1,1,1,1,4,9,51,1,N,2,463
2,1,1,1,N,7,38,1,N,2,27252
1,1,1,1,N,N,72,1,N,2,25951
1,6,1,1,N,5,20,1,N,2,7458
2,6,1,1,6,7,52,1,N,2,25293
2,6,1,1,8,7,0,1,N,2,20586
2,1,1,1,6,8,93,1,N,2,15283
1,1,1,2,7,3,17,1,N,2,6621
2,1,1,1,9,7,63,1,N,2,15453
2,6,2,0,2,5,21,1,N,2,14947
2,6,6,2,8,7,36,1,N,2,1692
1,6,1,1,N,7,48,1,N,2,23285
2,6,2,1,8,N,39,1,N,2,27252
1,1,2,0,4,9,74,3,N,2,13575
2,1,1,1,9,3,69,1,N,2,21284
2,6,1,1,N,7,61,1,N,2,23744
2,4,1,1,0,6,19,1,N,2,7530
2,1,1,1,0,7,61,3,N,2,18825
2,5,1,1,9,5,45,1,N,2,18543
2,1,1,1,8,11,25,1,N,2,18647
1,4,1,1,9,3,46,1,N,2,20557
2,6,1,1,9,7,28,1,N,2,11882
2,1,2,1,7,7,61,1,N,2,9847
1,4,1,1,4,7,18,1,N,2,14696
2,2,1,1,0,6,18,1,N,2,7967
2,4,1,1,9,7,44,1,N,2,26923
2,4,9,2,N,7,10,1,N,2,19737
2,6,2,2,8,2,51,1,N,2,1859
2,4,2,1,5,9,43,1,N,2,21725
2,6,1,2,8,7,27,1,N,2,18354
2,1,1,1,8,7,10,1,N,2,18045
1,1,1,1,8,7,43,1,N,2,13085
2,6,1,1,4,3,34,1,N,1,9804
1,1,1,1,7,6,37,1,N,2,22566
2,6,1,1,3,5,66,1,N,2,26585
1,1,1,1,7,7,76,1,N,2,7967
1,6,6,2,3,7,56,1,N,2,11541
1,1,4,1,4,N,46,1,N,2,14970
2,1,1,1,N,7,14,1,N,2,27252
2,1,1,1,7,6,32,1,N,2,26472
1,1,2,2,3,4,39,1,N,2,8941
2,1,1,1,9,7,85,1,N,2,12914
1,6,1,1,7,6,53,1,N,2,12963
2,6,1,1,8,6,32,1,N,2,7871
2,6,1,2,0,3,5,1,N,2,11140
2,6,6,2,8,6,23,1,N,2,21889
1,1,1,2,1,8,42,1,N,2,19280
1,2,1,2,3,7,31,1,N,2,22647
1,1,2,2,9,7,24,1,N,2,24939
1,6,1,1,8,7,75,1,N,2,16859
1,1,1,1,6,N,61,1,N,2,6490
2,1,1,1,1,7,55,1,N,2,23269
2,6,1,1,N,N,19,1,N,2,10322
2,6,1,1,0,3,5,1,N,2,16373
2,6,1,1,8,5,47,1,N,2,9851
1,1,1,1,9,9,32,1,N,2,18232
1,1,1,1,6,7,57,1,N,2,23098
1,6,1,2,1,12,0,1,N,2,16843
2,1,1,1,5,N,76,1,N,2,11969
1,3,2,1,2,4,2,1,N,2,9208
1,6,8,2,4,7,0,1,N,2,24939
1,1,1,2,N,6,43,1,N,2,4874
1,1,1,2,8,3,58,1,N,2,11134
2,3,2,1,0,4,15,1,N,2,16582
2,6,2,2,1,6,14,1,N,1,9840
1,4,6,1,8,11,47,1,N,2,11196
2,1,1,1,8,3,36,1,N,2,26221
2,2,1,1,7,4,91,1,N,2,9698
1,1,1,2,0,11,34,1,N,2,10269
1,6,1,1,8,7,35,1,N,2,16311
1,6,2,2,0,2,27,1,N,2,9521
2,6,1,2,4,N,59,1,N,2,16109
2,6,1,2,0,3,61,1,N,2,19992
1,6,1,2,4,7,64,1,N,2,15066
2,6,3,2,5,6,0,1,N,2,26948
2,1,1,1,1,4,40,1,N,2,19058
1,6,2,2,2,N,27,1,N,2,21713
2,6,1,2,1,7,59,1,N,2,14735
2,1,8,1,2,6,27,1,N,2,20565
2,1,1,2,9,7,26,1,N,2,11893
1,1,1,2,7,11,62,1,N,2,8216
2,1,1,1,7,N,61,1,N,2,25601
1,1,1,1,0,4,39,1,N,2,27196
1,1,2,1,7,5,27,1,N,2,17005
1,1,2,1,6,6,89,1,N,2,16887
2,1,1,1,4,7,60,1,N,2,17100
1,3,1,2,3,7,68,3,N,2,13581
2,1,1,1,2,9,24,1,N,2,24939
2,1,1,1,N,7,50,1,N,2,23504
1,1,1,1,5,11,48,1,N,2,15463
2,1,1,1,7,3,64,1,N,2,8343
1,4,1,1,0,12,64,1,N,2,3167
2,1,1,1,7,3,40,1,N,2,17679
2,N,6,2,2,6,15,1,N,2,15701
2,6,1,1,3,5,6,1,N,2,1458
2,1,1,1,7,N,57,1,N,2,14266
2,1,1,2,0,3,17,1,N,2,24535
2,1,1,2,7,7,28,2,N,2,18048
2,4,1,1,6,7,14,1,N,2,17737
2,1,1,1,6,3,78,1,N,2,14930
2,3,8,0,8,7,53,1,N,2,11346
1,6,1,1,1,6,6,1,N,2,22763
1,1,1,1,4,N,54,1,N,2,20165
2,1,1,2,N,7,28,1,N,2,11012
2,1,1,1,4,6,13,1,N,2,21912
2,6,1,2,1,7,22,1,N,2,15980
2,1,1,2,0,7,38,1,N,2,15964
2,6,8,2,9,10,41,1,N,2,20015
1,1,1,1,9,7,47,1,N,2,17067
2,1,1,1,8,N,48,1,N,2,10654
2,6,1,1,1,7,21,1,N,2,19349
1,6,1,1,7,6,76,1,N,2,11802
1,6,2,2,1,9,31,1,N,2,25578
1,1,1,2,3,7,7,1,N,2,18083
1,6,2,1,0,6,21,1,N,2,3114
2,1,1,1,7,N,40,1,N,2,24827
1,2,1,1,N,N,21,1,N,2,9545
2,4,1,1,9,6,68,1,N,2,23796
2,1,1,1,7,7,76,1,N,2,18037
2,1,1,2,8,N,52,1,N,2,20174
2,6,6,2,3,5,77,1,N,2,0
2,1,1,1,5,11,47,1,N,2,21346
1,1,1,1,1,7,33,1,N,2,20698
2,3,1,1,8,7,23,1,N,2,26220
2,1,1,1,9,3,56,1,N,2,22871
2,6,3,1,N,7,45,1,N,2,10015
2,1,1,1,4,3,41,1,N,2,11358
2,6,1,1,4,N,38,1,N,2,6659
1,1,1,1,5,5,85,1,N,2,18133
2,1,1,1,4,7,1,1,N,2,5990
1,1,6,1,5,9,52,1,N,2,13329
2,6,6,1,2,7,40,1,N,2,18492
2,6,6,2,8,7,8,1,N,2,26798
2,1,1,1,8,5,50,1,N,2,22468
2,6,1,1,8,3,35,1,N,2,8495
2,1,1,1,0,N,66,1,N,2,21982
2,6,2,0,7,6,35,1,N,2,5199
2,6,1,1,8,6,52,1,N,2,24939
1,6,2,2,6,3,33,1,N,2,7448
2,6,1,2,8,2,24,1,N,2,18282
2,1,1,1,N,N,55,1,N,2,14948
2,1,2,1,9,N,51,1,N,2,15382
1,1,1,1,8,3,78,1,N,2,14667
1,1,1,1,9,N,69,1,N,2,10044
1,1,1,1,N,7,83,1,N,2,17440
2,4,1,2,9,6,37,1,N,2,16341
1,6,1,1,5,3,28,1,N,2,12747
2,1,1,1,0,11,69,1,N,2,17598
1,1,1,1,3,7,65,1,N,2,15949
1,1,1,2,0,7,61,1,N,2,9933
2,1,4,1,5,1,52,1,1,2,11302
1,5,1,2,N,7,53,1,N,2,14695
2,1,1,1,3,5,16,1,N,2,7866
2,1,1,1,7,7,7,1,N,2,15554
1,1,1,1,9,7,29,1,N,2,23081
1,6,1,2,2,7,0,1,N,2,6611
1,1,1,1,0,5,22,1,N,2,21736
2,6,1,1,1,11,56,1,N,2,15927
2,1,1,0,N,N,18,1,N,2,7184
2,6,2,1,N,7,56,1,N,2,12140
1,1,1,1,0,6,44,1,N,2,24419
2,1,1,2,5,N,8,1,N,2,20542
1,6,1,2,0,N,25,1,N,2,25276
1,2,1,1,9,N,30,1,N,2,27252
2,1,1,1,4,N,45,1,N,2,17989
2,6,1,2,0,3,51,1,N,2,17116
2,1,1,0,9,8,57,1,N,2,22468
2,6,1,1,N,3,56,1,N,2,12531
2,6,1,2,N,7,56,1,N,2,20238
1,6,1,1,0,4,0,1,N,2,21988
1,1,1,1,0,6,26,1,N,2,11563
1,1,1,1,0,6,81,1,N,2,251
2,1,2,1,2,6,49,1,N,2,15719
1,1,1,0,3,7,12,1,N,2,21701
2,6,1,1,9,7,61,1,N,2,24053
1,1,1,1,2,2,3,1,N,2,17994
2,1,1,1,6,2,49,1,N,2,17337
1,1,1,1,N,7,75,1,N,2,16736
2,1,1,1,7,N,56,1,N,2,12625
2,1,2,1,7,7,19,1,N,2,23385
1,1,1,1,8,12,71,1,N,2,8045
1,6,6,2,N,7,19,1,N,2,22617
2,5,1,1,N,2,78,1,N,2,21464
2,1,1,1,N,6,59,1,N,2,19749
1,6,2,1,2,7,38,1,N,2,10437
1,1,7,1,5,11,57,1,N,2,24931
2,6,1,1,1,5,55,1,N,2,23964
1,3,2,2,3,4,77,3,N,2,10601
2,6,2,0,3,9,61,1,N,2,17862
2,1,1,0,9,7,78,1,N,2,8213
1,6,1,1,2,7,13,1,N,2,26817
2,1,1,1,4,1,62,1,N,2,10232
2,1,1,1,0,7,49,1,N,2,27252
1,6,2,2,9,6,35,1,N,2,17445
2,1,1,1,2,9,12,1,N,2,18972
2,1,1,1,8,N,57,1,N,2,8512
1,1,1,0,8,6,59,1,N,2,17907
2,6,1,1,6,7,17,1,N,2,26909
2,1,1,1,8,6,66,1,N,2,0
1,4,1,2,0,5,45,1,N,2,18183
1,1,1,1,4,6,10,1,N,2,13343
1,1,1,1,8,5,90,1,N,2,19086
1,1,1,1,N,3,46,1,N,2,21798
1,1,1,1,N,N,54,1,N,2,26664
1,1,1,2,5,7,91,1,N,2,1692
2,1,1,2,0,7,10,1,N,2,22386
2,6,2,1,4,2,20,1,N,2,21754
1,6,1,1,N,N,60,1,N,2,17116
2,1,1,1,N,7,36,1,N,2,14838
2,1,1,1,5,7,0,1,N,2,17469
2,6,6,2,7,8,95,1,N,2,13722
2,6,1,2,5,7,43,1,N,1,11406
2,1,1,1,4,11,21,1,N,2,17817
1,1,2,1,N,7,45,1,N,2,14847
2,6,2,2,5,6,31,1,N,2,10241
1,1,1,1,N,N,87,1,N,2,20268
2,1,1,1,9,5,31,1,N,1,27252
1,1,1,1,0,7,57,1,N,2,8782
2,1,1,1,3,7,58,1,N,2,19262
1,1,1,1,7,12,41,1,N,2,18412
2,6,1,1,5,7,48,1,N,2,14723
2,1,1,1,8,2,68,1,N,2,18229
2,N,3,1,2,1,49,3,N,2,14389
2,1,4,1,2,7,63,1,N,2,21061
1,1,1,1,5,7,23,1,N,2,10703
2,6,1,1,6,7,14,1,N,2,11266
2,1,2,2,N,7,78,1,N,2,12562
2,6,1,1,2,7,12,1,N,2,17198
2,1,1,1,7,9,65,1,N,2,20788
2,3,2,1,5,6,48,1,N,2,24090
1,4,5,2,N,7,53,1,N,2,7010
2,1,1,1,1,11,60,1,N,2,12689
1,6,1,1,9,N,49,1,N,2,23877
2,6,1,2,5,3,61,1,N,2,3770
2,1,2,1,N,7,87,1,N,2,16668
2,6,1,1,0,5,4,1,N,2,13412
2,6,1,2,2,6,20,1,N,2,9228
1,6,1,2,1,11,29,1,N,2,25571
2,6,1,1,0,11,14,1,N,2,21961
2,6,1,1,7,7,7,1,N,2,25151
2,4,1,1,6,N,41,1,N,2,8249
1,1,1,1,4,5,61,1,N,2,1256
1,1,1,1,N,N,67,1,N,2,18568
1,6,1,1,0,9,30,1,N,2,23425
2,1,1,1,5,11,47,1,4,2,23073
1,1,6,1,2,12,32,1,N,2,995
1,6,1,1,6,3,63,1,N,2,22258
2,1,1,1,2,9,73,1,N,2,23627
2,6,1,1,6,N,12,1,N,2,16281
2,4,9,2,0,6,31,1,N,2,14899
2,1,5,1,2,9,47,1,N,2,13859
2,6,1,2,5,7,34,1,N,1,20389
2,1,1,1,7,2,30,1,N,2,13189
2,6,2,1,9,N,22,1,N,2,13292
1,1,1,1,7,7,34,1,N,2,18008
2,3,9,2,0,7,12,1,N,2,17676
2,1,1,1,7,N,41,1,N,2,18581
2,1,1,1,9,7,57,1,N,2,23685
1,1,9,2,9,5,55,1,N,2,19062
2,4,1,0,7,N,76,1,N,2,9918
2,1,1,1,9,7,77,1,N,2,12875
2,6,2,1,0,N,16,1,N,2,8255
1,1,1,1,9,7,66,1,N,2,22686
2,1,1,2,6,7,55,1,N,2,10351
2,1,1,0,7,7,66,1,N,2,6767
2,1,1,1,7,10,74,1,N,2,13141
1,1,1,2,1,6,18,1,N,2,5084
2,6,1,1,6,2,51,1,N,2,23493
2,6,1,0,3,7,7,1,N,2,12433
2,6,1,2,N,7,62,1,N,2,8722
1,1,2,1,7,6,36,1,N,2,25855
2,6,5,2,7,10,81,1,N,2,12640
2,1,2,1,3,N,38,1,N,2,27252
2,6,1,1,4,7,44,1,N,2,19505
1,1,1,1,8,7,52,1,N,2,13436
2,6,1,1,N,3,74,1,N,2,14287
2,6,1,1,9,3,54,1,N,2,15044
2,6,1,1,3,7,45,1,N,2,15506
1,3,4,1,8,9,5,1,N,2,270
2,1,1,1,2,3,56,1,N,2,24291
1,6,1,1,8,7,65,1,N,2,12822
1,1,7,1,6,6,40,1,N,2,21016
2,6,2,2,7,9,0,1,N,2,27252
2,1,1,1,5,7,17,1,N,2,20787
1,1,2,2,N,N,56,1,N,2,6510
2,6,2,1,4,N,32,1,N,2,24939
2,6,1,1,1,6,39,1,N,2,15343
1,1,1,1,N,11,69,1,N,2,18206
2,1,5,1,1,3,65,1,N,2,9427
2,1,1,1,N,7,93,1,N,2,21858
1,4,1,1,N,N,74,1,N,2,15220
1,6,1,2,1,7,51,1,N,2,2067
2,1,1,1,4,1,57,1,N,2,21181
2,1,1,1,8,11,10,1,N,2,26286
1,6,2,2,8,7,10,1,N,2,14995
2,1,1,1,2,N,63,1,N,2,7578
1,6,1,1,N,7,58,1,N,2,17113
2,6,2,2,2,5,15,1,N,2,23053
1,6,1,1,3,5,0,1,N,2,24819
2,4,1,1,6,7,82,1,N,2,22987
1,6,1,0,5,7,66,1,N,2,24787
2,1,1,1,9,4,60,1,N,2,27252
2,6,1,1,7,7,38,1,N,2,21387
2,1,1,1,5,6,42,2,N,2,18120
2,1,2,1,9,7,41,1,N,2,14390
2,1,1,1,7,N,42,1,N,2,24939
2,6,1,2,9,7,74,1,N,2,17400
1,1,1,1,6,7,17,1,N,2,24586
2,1,1,1,8,3,69,1,N,2,15178
2,6,1,2,2,6,39,1,N,2,15662
1,6,1,1,0,12,85,1,N,2,13853
2,1,6,1,4,7,36,1,N,2,22156
1,4,1,1,6,5,62,1,N,2,19465
1,6,6,2,4,8,34,1,N,2,20816
1,3,3,1,0,7,62,1,N,2,16547
1,1,1,1,6,N,71,1,N,2,20228
2,6,1,1,6,6,11,1,N,2,11997
2,6,6,1,0,7,64,1,N,2,20561
2,1,1,1,N,7,59,1,N,2,14313
2,4,1,1,6,7,61,1,N,2,16563
2,2,1,2,9,7,48,1,N,2,23736
1,1,1,1,N,N,65,1,N,2,2048
2,6,8,1,6,7,82,1,N,2,4636
1,6,1,2,7,7,37,1,N,2,22896
2,6,1,2,2,7,43,1,N,2,19760
1,1,1,1,9,7,70,1,N,2,11717
2,6,3,2,1,5,56,1,N,2,15044
2,6,1,1,9,7,51,1,N,2,27252
2,6,1,1,N,7,28,1,N,2,9700
1,1,2,1,N,7,55,1,N,2,12224
2,1,1,2,2,7,73,1,N,2,13116
2,1,1,1,5,1,65,1,N,2,13931
2,4,1,2,5,6,60,1,N,2,12424
1,1,6,1,3,9,64,3,N,2,18854
2,6,2,1,2,5,56,1,N,2,21170
2,6,1,1,N,7,48,1,N,2,12916
2,1,1,0,3,7,26,1,N,2,18016
1,1,1,1,5,5,19,1,N,2,19388
2,1,1,1,1,5,71,1,N,2,18730
1,6,1,1,0,4,9,1,N,2,21786
2,1,1,1,7,7,6,1,N,2,19906
1,1,1,1,6,6,57,1,N,2,13371
2,6,1,1,0,N,17,1,N,2,18693
1,4,1,1,1,9,59,3,N,2,11908
1,2,1,1,7,N,64,1,N,2,15895
2,6,1,1,6,6,25,1,N,2,14039
2,4,1,1,2,2,59,1,N,2,27252
2,1,1,1,3,N,40,1,N,2,25918
1,1,1,1,4,9,68,1,N,2,13500
1,3,6,2,8,4,57,1,N,2,24355
2,6,1,1,3,8,62,1,N,2,2850
2,6,1,1,0,3,65,1,N,2,15776
2,1,6,1,6,7,45,1,N,2,20554
1,1,1,1,2,7,48,1,N,2,5058
2,1,1,1,4,5,68,1,N,2,16995
2,2,1,1,0,8,65,1,N,2,9625
1,1,1,1,3,7,43,1,N,2,18579
2,6,1,1,9,6,7,1,N,2,1666
2,6,1,1,N,7,14,1,N,2,13319
1,4,1,1,7,9,71,1,N,2,12870
1,N,9,1,N,N,23,1,N,2,23285
1,1,1,1,0,1,66,1,N,2,13213
1,6,1,1,6,8,28,1,N,1,17654
1,1,1,2,0,8,34,1,N,2,14749
2,6,1,1,7,7,34,1,N,2,9781
1,5,1,1,5,12,58,1,N,2,19187
2,1,1,1,2,11,33,1,N,2,2343
1,6,1,2,3,6,32,1,N,2,7492
2,1,1,1,2,N,66,1,N,2,22068
2,6,1,1,0,6,4,1,N,2,11693
2,6,1,1,N,7,44,1,N,2,24930
1,3,1,1,7,6,63,1,N,2,19487
1,3,1,1,5,3,60,1,N,2,14238
1,6,1,0,3,4,29,1,N,2,12755
1,6,2,2,2,6,0,1,N,2,24939
2,6,1,1,2,7,32,1,N,2,0
2,1,1,1,1,4,44,1,N,2,3368
2,1,1,1,0,7,75,1,N,2,20270
2,3,2,1,N,7,81,1,N,2,4018
2,1,1,1,4,6,48,1,N,2,2204
2,1,1,1,2,6,23,1,N,2,18855
1,1,1,1,6,9,64,1,N,2,9427
1,1,9,1,9,7,12,1,N,2,22573
2,1,1,1,N,N,74,1,N,2,16843
1,1,1,1,0,4,33,1,N,2,23577
2,1,2,1,5,9,37,1,N,2,25769
2,5,1,1,5,2,70,1,N,2,14436
2,6,1,1,9,4,13,1,N,2,4106
1,6,1,1,7,3,51,1,N,2,24939
2,1,1,1,2,8,36,1,N,2,22173
1,1,1,1,7,4,39,1,N,2,18791
2,6,1,1,8,3,68,1,N,2,20069
2,6,2,1,5,6,46,1,N,2,12036
2,1,1,1,8,6,15,1,N,2,16268
2,6,6,2,2,4,30,1,N,2,23093
2,1,1,2,2,4,41,1,N,2,9179
2,1,6,2,7,11,58,1,N,2,27252
2,6,1,2,0,2,58,1,N,2,13784
2,6,2,2,3,7,28,2,N,2,20634
2,1,2,1,3,7,80,1,N,2,489
2,6,1,2,4,7,34,1,N,2,22312
1,1,1,1,4,7,8,1,N,2,24595
2,1,1,1,9,7,40,1,N,2,24939
1,6,6,2,0,7,14,1,N,2,19206
1,3,1,1,4,8,50,1,N,2,7454
1,1,1,0,1,5,35,1,N,2,5028
1,1,2,1,9,6,68,1,N,2,12071
1,1,1,2,N,3,49,1,N,2,21473
2,1,1,1,2,4,10,1,N,2,15412
2,1,1,1,9,7,16,1,N,2,22010
2,1,1,1,9,N,11,1,N,2,23057
2,6,1,1,0,3,35,1,N,2,10933
2,1,1,1,6,3,33,1,N,2,23435
2,6,1,1,3,6,56,1,N,2,7749
1,4,1,1,2,6,64,1,N,2,16042
2,6,2,2,8,6,33,1,N,2,14566
1,6,1,1,0,3,56,1,N,2,13834
2,1,1,1,0,11,42,1,N,2,24939
2,1,1,1,6,8,50,3,N,2,24010
1,4,2,1,7,7,73,1,N,2,16593
1,6,1,2,9,5,28,1,N,2,19820
2,6,6,1,3,N,56,1,N,2,16987
2,1,1,0,3,8,24,1,N,2,15225
2,1,1,1,N,N,5,1,N,2,25980
1,6,1,1,4,9,58,1,N,2,15742
1,6,1,1,3,3,32,1,N,2,18850
2,1,1,1,9,5,41,1,N,2,19293
1,1,1,1,8,5,74,1,N,2,24100
2,1,1,1,N,3,43,1,N,2,23015
1,1,1,1,0,6,48,1,N,2,1679
1,6,1,1,0,5,81,1,N,2,12946
2,6,1,2,9,7,53,1,N,2,11839
2,6,2,2,7,7,36,1,N,2,17907
2,6,3,2,9,9,12,2,N,2,21220
1,1,1,1,7,11,38,1,N,2,18143
2,3,3,2,1,5,53,1,5,1,13809
2,1,1,1,N,N,47,1,N,2,25774
1,1,2,1,7,6,60,1,N,2,16268
1,1,1,1,N,3,75,1,N,2,14610
1,4,2,1,9,6,58,1,N,2,8413
1,1,1,1,9,7,51,1,N,2,25765
2,1,1,1,9,3,43,1,N,2,14246
1,2,2,1,3,N,32,1,N,2,24470
1,1,1,1,9,2,59,1,N,1,22853
2,6,2,2,N,7,10,1,N,2,24939
1,6,1,2,6,N,52,1,N,2,16341
2,6,1,1,2,5,56,1,N,2,11789
2,6,2,1,8,7,34,1,N,2,3706
1,1,1,1,9,7,51,1,N,2,21484
2,6,1,2,0,5,75,1,N,2,19642
2,1,1,1,6,6,0,1,N,2,21701
2,1,1,1,7,7,60,1,N,2,17685
2,1,1,1,9,2,93,1,N,2,21060
1,N,1,1,N,N,63,1,N,2,1633
2,1,2,2,4,7,0,1,N,2,26988
2,1,1,0,3,12,39,1,N,2,4024
1,1,1,1,N,3,71,1,N,2,988
2,6,1,2,3,7,76,1,N,2,20975
1,1,1,1,9,12,25,1,N,2,26668
1,1,1,2,N,7,62,1,N,2,7171
2,1,1,1,5,7,76,1,N,2,13873
1,1,1,1,N,7,41,1,N,2,24939
2,6,2,1,5,N,37,1,N,2,6863
1,2,1,1,9,7,36,1,N,2,19967
2,1,3,1,N,7,50,1,N,2,17176
1,1,1,1,1,7,45,1,N,2,22449
1,1,1,2,5,7,22,1,N,2,4106
2,6,1,1,3,1,47,1,N,2,23932
2,N,1,1,2,7,42,1,N,2,22195
2,6,2,0,5,N,5,1,N,1,5159
1,1,1,2,9,6,77,1,N,2,12515
2,1,2,2,2,9,58,1,N,2,15026
2,1,1,1,9,N,56,1,N,2,23561
1,1,3,1,9,9,62,1,N,2,8481
2,1,1,1,5,9,0,1,N,2,26068
2,1,1,1,N,7,82,1,N,2,12272
1,1,1,1,4,7,54,1,N,2,17380
1,4,2,2,6,6,32,1,N,2,19485
2,1,1,1,N,7,44,1,N,2,24908
2,1,1,1,6,9,57,1,N,2,18632
2,1,2,1,9,10,56,1,N,2,13664
2,1,1,1,0,7,58,1,N,2,20195
2,6,1,1,4,5,24,1,N,2,10421
2,1,1,1,7,5,75,1,N,2,12664
2,6,1,1,2,7,61,1,N,2,3618
1,1,1,1,6,N,55,1,N,2,17795
1,1,1,1,2,6,68,1,N,2,15616
2,1,1,1,8,N,34,1,N,2,20791
1,1,1,0,9,5,81,1,N,2,8293
1,1,1,1,3,7,67,1,N,2,15041
2,4,1,1,5,2,35,2,N,2,25352
2,1,1,1,8,2,53,1,N,2,19796
1,6,1,1,2,9,59,1,N,2,16913
1,6,1,1,9,5,19,1,N,2,2073
2,6,1,1,N,7,18,1,N,2,20562
1,6,1,1,6,10,42,1,N,2,6027
1,1,1,1,3,7,39,1,N,2,25987
1,1,1,1,N,7,69,1,N,2,18244
2,3,1,1,5,9,84,1,N,2,19426
2,6,1,1,2,7,0,1,N,2,20186
2,6,1,2,4,7,33,1,N,2,6615
2,1,1,2,6,7,6,1,N,2,14577
1,1,1,1,N,N,58,1,N,2,14126
1,1,1,1,9,N,23,1,N,2,18227
2,6,1,1,1,3,18,1,N,2,12101
1,1,1,1,N,7,54,1,N,2,14322
1,1,1,1,6,2,19,1,N,2,21812
1,6,1,2,N,7,38,1,N,2,21290
2,1,1,1,8,3,68,1,N,2,26899
2,1,1,1,4,11,4,1,N,1,27252
2,1,1,1,6,N,49,1,N,2,12678
2,6,1,1,8,N,27,1,N,2,16362
2,1,1,1,1,12,59,1,N,2,0
1,1,1,2,2,7,64,1,N,2,13453
1,1,1,1,7,7,25,1,N,2,17753
2,1,1,1,5,7,60,1,N,2,10742
2,1,2,1,N,7,20,1,N,2,16538
1,1,1,1,7,7,74,1,N,2,20913
2,6,1,2,0,5,54,1,N,2,10843
2,1,1,2,2,7,36,1,N,2,25845
2,1,1,0,7,6,26,1,N,2,23565
2,2,1,1,7,N,16,1,N,2,24436
1,1,1,1,8,7,37,1,N,2,16529
2,6,9,0,3,6,52,1,N,2,19570
2,6,1,2,N,7,23,1,N,2,15690
1,6,1,1,4,5,31,1,N,2,7318
1,6,2,1,6,N,17,1,N,2,14371
2,4,1,1,4,7,6,1,N,2,24651
2,1,1,2,N,3,74,1,N,2,17292
1,1,1,1,9,6,32,1,N,2,17558
1,6,3,2,4,7,20,1,N,2,13662
1,1,1,2,0,8,38,1,N,2,21521
1,6,1,1,1,4,3,1,N,2,0
2,6,1,1,5,5,32,1,N,2,19659
2,6,1,1,9,7,32,1,N,2,8900
2,6,2,1,7,6,5,1,N,2,22324
2,1,1,1,N,N,77,1,N,2,18239
2,1,1,1,8,4,35,1,N,2,19825
1,1,1,2,7,7,25,1,N,2,19373
1,6,1,1,2,7,10,1,N,2,27252
1,6,1,0,9,3,62,1,N,2,200
1,6,1,2,6,9,11,1,N,2,20408
1,6,9,1,1,6,35,1,N,2,18900
2,1,1,1,9,N,68,1,N,2,2438
2,1,1,2,N,N,86,1,N,2,13349
2,6,1,1,N,7,17,1,N,2,15962
1,6,4,2,N,N,76,1,N,1,24486
1,1,1,1,N,3,55,1,N,2,20083
2,1,1,2,8,7,75,1,N,2,17455
1,1,1,1,9,5,80,1,N,2,21692
2,6,1,2,9,5,33,1,N,2,8209
2,6,1,1,9,7,9,1,N,2,6947
1,1,1,1,N,N,64,1,N,2,20450
2,1,1,1,1,8,95,1,N,2,17214
1,1,1,1,N,7,20,1,N,2,25876
1,6,1,2,2,5,55,1,N,2,23771
1,1,3,0,6,7,15,3,N,2,22429
2,6,2,2,4,9,38,1,N,2,17152
1,6,1,2,N,7,56,1,N,2,21946
1,1,2,1,8,N,80,1,N,2,18995
1,1,1,2,7,9,30,1,N,2,24752
1,1,1,1,5,N,27,1,N,2,13888
2,1,1,1,N,7,93,1,N,2,14406
1,1,1,1,N,7,36,1,N,2,20384
2,1,1,1,8,6,45,1,N,2,17148
2,6,1,2,N,6,48,1,N,2,19109
2,6,1,1,1,12,36,1,N,2,23148
1,1,1,1,2,1,44,1,N,2,26065
1,4,1,1,0,1,64,1,N,2,7244
2,1,8,2,0,N,42,1,N,2,12387
2,6,1,1,3,9,28,1,N,2,25992
1,6,2,1,8,7,16,1,N,2,13194
1,6,1,1,7,7,9,1,N,2,17944
2,1,2,1,0,3,47,1,N,2,20162
2,1,1,1,7,N,36,1,N,2,17537
2,6,1,1,3,3,36,1,N,2,6614
1,6,2,1,0,7,88,1,N,2,17768
1,1,1,1,3,6,0,1,N,2,22494
1,3,1,2,0,5,66,1,N,2,16618
1,1,1,1,N,7,67,1,N,2,24558
1,1,6,1,1,8,64,1,N,2,17360
2,1,1,1,6,12,38,1,N,2,20186
2,6,1,1,2,7,29,1,N,2,22296
1,1,3,1,6,6,70,1,N,2,22275
2,6,1,1,6,6,50,1,N,2,14603
2,1,1,1,2,6,52,1,N,2,20250
1,1,1,1,9,7,56,1,N,2,24818
2,6,2,2,0,7,3,1,N,2,16427
2,1,1,1,5,7,33,1,N,2,21680
1,1,1,1,7,7,27,1,N,2,9305
2,6,1,1,7,7,27,1,N,2,12383
2,6,2,1,0,6,27,1,N,2,9252
1,1,1,1,7,7,0,1,N,2,21752
1,1,1,1,9,12,29,1,N,2,18134
2,1,1,2,1,5,29,2,N,2,3292
2,1,2,1,N,7,13,1,N,2,24939
2,1,1,2,2,6,31,1,N,2,17452
1,6,1,1,6,10,71,1,N,2,7875
2,1,1,2,5,N,39,1,N,2,1692
2,6,9,2,5,6,42,1,N,2,10910
2,1,9,1,8,4,78,1,N,2,10195
1,3,1,2,1,9,13,1,N,2,7501
1,2,1,1,8,8,62,1,N,2,2038
1,6,1,1,7,7,8,1,N,2,18242
2,1,1,2,9,N,29,1,N,2,15047
1,1,1,1,7,N,30,1,N,2,10111
1,1,1,1,4,7,68,1,N,2,17829
2,6,1,1,7,N,61,1,N,2,15767
1,1,1,2,5,N,64,1,N,2,11039
2,1,1,1,4,6,62,1,N,2,10390
2,1,1,0,4,N,28,1,N,2,15442
1,1,1,1,3,7,0,1,N,2,14469
2,1,1,1,0,7,17,1,N,2,27252
2,6,2,1,7,5,31,1,N,2,16512
2,6,2,2,9,9,69,1,N,2,19963
2,6,1,2,0,6,58,1,N,2,18493
1,1,1,1,7,9,40,3,N,2,18004
1,6,2,2,2,5,0,1,N,2,16014
1,6,7,2,8,5,25,1,N,2,13162
2,1,1,2,0,6,0,1,N,2,27252
2,1,1,1,8,7,39,1,N,2,9797
2,3,1,2,2,N,30,1,N,2,3475
2,6,2,1,6,4,25,1,N,2,9098
2,2,1,1,N,7,20,1,N,2,14254
1,1,1,1,0,3,42,1,N,2,17036
2,1,8,1,9,7,45,1,N,2,3997
1,1,2,2,0,6,0,1,N,2,14810
1,6,1,1,8,N,9,1,N,2,9984
1,1,1,1,9,7,44,1,N,2,24939
2,3,1,1,9,7,41,1,N,2,26663
2,4,1,1,3,7,70,1,N,2,22983
1,6,1,2,8,3,46,1,N,2,8062
1,1,1,1,3,N,66,1,N,2,17926
1,1,1,1,2,6,53,1,N,2,15824
2,6,1,1,4,7,44,1,N,2,20096
2,1,1,1,2,6,45,1,N,2,6079
1,6,8,1,2,5,47,1,N,2,16221
2,1,1,1,4,5,50,1,N,2,1963
2,1,1,1,5,2,8,1,N,2,19928
2,6,1,2,0,5,50,1,N,2,10195
1,3,1,2,4,2,19,1,N,2,13757
2,1,1,1,9,N,27,1,N,2,24939
1,6,2,1,4,5,47,1,N,2,22783
2,6,1,1,4,N,11,1,N,2,21852
1,6,1,0,9,9,46,1,N,2,26521
1,1,1,1,2,3,13,1,N,2,22835
1,4,1,2,0,N,66,1,N,2,23361
1,6,2,1,0,8,35,1,N,2,4149
2,6,1,2,3,7,64,1,N,2,11183
2,6,2,2,5,7,34,1,N,2,1290
2,1,8,2,9,7,66,1,N,2,16693
1,1,1,1,9,3,60,1,N,2,20372
1,1,1,1,8,7,79,1,N,2,18369
2,1,1,1,4,9,74,1,N,2,13517
1,1,1,1,9,6,20,1,N,2,9254
2,6,1,0,6,6,66,1,N,2,25432
2,6,6,2,0,6,50,2,N,2,12554
2,1,1,1,8,N,56,1,N,2,3452
1,1,1,1,9,7,10,1,N,2,18912
1,6,9,1,2,7,33,3,N,2,10558
2,5,1,1,9,7,69,1,N,2,22837
2,6,6,2,0,7,22,1,N,2,24438
2,4,1,1,7,6,69,1,N,2,19298
2,1,1,0,1,6,34,1,N,2,20613
2,1,1,0,9,5,5,1,N,2,19400
2,6,1,1,6,7,30,1,N,2,24266
2,6,1,1,5,6,46,1,N,2,11457
2,1,1,1,N,N,70,1,N,2,17965
2,1,2,2,7,6,0,1,N,2,17039
1,1,1,1,7,7,53,1,N,2,7699
2,6,1,1,N,7,63,1,N,2,24939
2,1,1,1,8,5,46,1,N,2,13473
2,1,1,1,9,6,67,1,N,2,2535
1,6,1,1,3,6,65,1,N,2,27252
2,1,1,2,4,7,35,1,N,2,10655
2,6,1,1,7,N,42,1,N,2,21132
1,1,1,2,N,7,29,1,N,2,15634
1,6,1,1,6,10,20,1,N,2,22309
1,6,1,1,5,N,44,1,N,2,4351
2,6,1,1,N,7,27,1,N,2,19772
1,1,2,2,8,7,14,1,N,2,21332
2,1,1,1,1,N,40,1,N,2,15845
2,6,6,1,4,7,8,1,N,2,14845
1,6,1,1,6,2,56,1,N,2,18789
2,6,1,1,N,7,26,1,N,2,27252
2,6,1,2,6,6,6,2,N,2,15270
1,1,2,1,N,N,20,1,N,2,17200
1,3,2,2,5,4,46,1,N,2,13390
2,1,1,1,6,7,65,1,N,2,23401
2,6,1,1,2,10,30,1,N,2,19514
2,6,1,1,3,7,16,1,N,2,8442
1,1,1,1,7,N,67,1,N,2,24939
1,1,1,1,8,2,61,1,N,2,17759
2,4,1,2,4,4,38,1,N,2,15202
2,1,1,1,5,N,59,1,N,2,12020
2,1,9,1,0,7,38,1,N,2,11085
1,4,1,2,0,12,60,1,N,1,19013
1,1,1,1,8,2,81,1,N,2,1245
1,6,1,2,N,7,0,1,N,2,24292
1,6,1,1,2,5,3,1,N,2,12152
2,1,1,1,4,2,0,1,N,2,13045
2,1,1,1,7,7,32,1,N,2,21924
2,1,2,2,1,6,15,1,N,2,18135
2,1,1,2,0,6,92,1,N,2,22409
2,6,1,2,7,7,4,1,N,2,26673
2,1,1,0,5,7,21,1,N,2,14371
2,1,1,1,7,12,36,1,N,2,13794
2,1,1,2,8,7,59,1,N,2,27252
2,6,1,2,9,7,21,1,N,2,22110
2,1,1,1,N,4,54,1,N,2,27252
2,1,1,1,8,2,61,1,N,2,27252
2,6,6,1,2,7,32,1,N,2,10909
2,4,2,2,6,7,50,1,N,2,17981
2,3,1,1,8,12,63,1,N,2,1692
2,6,1,1,2,6,57,1,N,2,15566
1,4,2,2,0,6,48,1,N,2,11185
2,3,2,1,2,N,53,1,N,2,14289
2,6,1,1,8,11,28,1,N,2,10862
1,1,2,2,8,7,77,1,N,2,8824
1,6,1,2,2,7,8,1,N,2,14973
1,1,1,1,7,N,26,1,N,2,943
1,6,2,2,8,7,34,1,N,2,13574
1,1,2,1,5,6,77,1,N,2,14158
1,1,1,1,N,7,80,1,N,2,12883
2,1,1,1,7,N,81,1,N,2,25068
1,6,3,1,1,5,29,1,N,2,7784
2,5,1,1,7,7,62,1,N,2,21457
2,1,1,1,5,5,20,1,N,2,9207
1,1,1,1,0,7,79,1,N,2,16314
2,4,1,1,5,N,52,1,N,2,21177
1,1,2,1,5,8,69,1,N,2,12948
1,1,1,1,2,7,55,1,N,2,22135
2,6,1,1,2,6,47,1,N,2,10412
2,6,1,1,6,7,77,1,N,2,22640
1,6,1,1,4,5,19,1,N,2,1287
2,1,1,1,N,7,49,1,N,2,17683
2,1,2,1,1,6,46,1,N,2,9660
1,6,1,1,2,9,13,1,N,2,8238
2,6,8,1,3,3,69,1,4,2,14320
2,1,1,1,9,6,40,1,N,2,27252
2,6,1,2,8,7,21,1,N,2,17717
2,1,1,2,3,4,41,1,N,2,13913
2,4,2,2,N,2,50,1,N,2,10101
2,5,2,1,6,8,80,1,N,2,9427
1,6,2,2,0,7,6,1,N,2,13691
2,2,2,2,0,N,12,1,N,2,21166
1,6,1,2,7,11,69,1,N,2,16210
1,1,1,2,1,11,73,1,N,2,12150
1,6,1,1,7,N,20,1,N,2,15096
1,3,1,1,2,N,8,1,N,2,14083
2,3,1,1,0,7,53,1,N,2,6439
2,6,1,2,2,N,72,1,N,2,23906
2,6,2,2,8,7,51,1,N,2,14227
2,1,1,1,8,7,91,1,N,2,10180
1,6,2,2,4,5,48,1,N,2,13826
1,1,1,1,6,7,69,1,N,2,11229
1,1,1,1,9,7,20,1,N,2,17593
2,4,8,2,2,6,23,1,N,2,11843
1,1,1,1,9,3,41,1,N,2,8343
2,1,1,2,0,7,61,1,N,2,367
2,1,2,1,0,6,74,1,N,2,13698
1,6,5,1,0,9,10,1,N,2,19382
2,3,2,2,8,7,39,1,N,2,11568
2,1,1,1,3,N,14,2,N,2,24252
1,1,1,2,4,7,41,1,N,2,6847
1,6,1,1,8,7,29,1,N,2,2449
1,3,1,1,0,5,0,3,N,2,27252
2,6,1,2,2,6,10,1,N,2,24982
2,1,1,1,4,7,37,1,N,2,11976
2,1,1,1,9,N,71,1,N,2,20171
2,1,1,1,8,2,36,1,N,2,22412
1,6,1,1,5,5,65,1,N,2,18778
2,6,1,2,0,7,38,3,N,2,12299
1,1,1,2,5,9,39,1,N,2,13934
2,1,1,1,7,12,71,1,N,2,18330
2,6,1,1,0,5,24,1,N,1,27252
1,1,1,1,8,7,65,1,N,2,17149
1,6,1,1,N,7,28,1,N,2,8942
2,6,2,2,0,2,57,1,N,2,987
2,1,1,2,9,7,35,1,N,2,20454
2,4,1,2,7,7,44,1,N,2,16423
2,1,1,1,8,N,26,1,N,2,20422
2,1,1,1,1,4,31,1,N,2,16765
2,6,2,1,1,N,33,1,N,2,4220
1,1,3,2,3,N,67,1,N,2,15380
2,6,1,2,8,7,24,1,N,2,18533
1,1,3,1,8,7,60,1,N,2,23943
1,1,2,1,8,5,69,1,N,2,20110
1,1,1,1,7,1,79,1,N,2,16587
1,6,1,1,8,7,21,1,N,2,17737
1,1,2,1,1,10,11,1,N,2,26130
1,1,2,2,N,2,26,1,N,2,7257
2,1,1,1,7,7,79,1,N,2,19301
1,6,1,2,0,7,0,1,N,2,18864
1,6,2,1,7,N,34,1,N,2,25430
2,6,1,2,0,N,9,1,N,2,11874
1,1,2,1,N,7,37,1,N,2,18573
1,1,1,1,3,6,56,1,N,2,19359
2,3,2,1,0,7,31,1,N,2,14822
1,6,2,2,0,7,6,1,N,2,16255
1,4,2,1,1,N,50,1,N,2,2146
2,1,1,1,N,N,69,1,N,2,27252
2,1,6,1,7,3,84,1,N,2,14779
2,1,1,1,1,10,59,1,N,2,16478
1,1,1,1,8,9,55,1,N,2,15814
1,1,1,1,7,7,61,1,N,2,18686
2,4,1,2,8,7,43,1,N,2,20578
2,1,1,1,5,5,44,1,N,2,14345
2,6,1,2,2,4,95,1,N,2,17918
2,1,1,1,9,9,38,1,N,2,21165
2,1,1,1,6,N,77,1,N,2,13399
2,6,1,1,3,7,64,1,N,2,11818
1,1,2,1,8,2,0,1,N,2,27252
2,6,1,1,N,7,84,1,N,2,17405
2,1,2,1,3,7,10,1,N,2,23693
2,6,1,2,9,N,28,1,N,2,27252
2,6,1,1,9,N,19,1,N,2,16923
1,3,1,1,3,7,32,1,N,2,12049
1,1,7,1,4,5,86,1,N,2,12356
2,N,1,1,0,3,50,1,N,2,17417
2,1,1,1,9,7,31,1,N,2,24352
2,6,1,1,0,4,0,1,N,2,24939
2,1,1,2,8,7,50,1,N,2,21946
2,4,1,1,6,7,38,1,N,2,24939
2,6,1,1,1,7,14,1,N,2,13884
2,1,1,2,6,10,43,1,N,2,6766
2,4,1,1,5,N,29,1,N,2,4019
1,1,1,1,2,7,8,1,N,2,19589
1,3,5,2,8,1,49,1,N,2,5297
1,4,1,0,N,7,4,1,N,2,27252
2,1,1,1,9,3,57,1,N,2,8922
1,1,1,1,N,7,80,1,N,2,6821
1,1,1,1,2,7,35,1,N,2,13130
1,1,2,1,7,1,51,1,N,2,12287
2,1,1,1,N,N,67,1,N,2,2521
2,6,1,1,N,N,73,1,N,2,18375
2,6,1,1,7,5,21,1,N,2,11897
1,1,2,0,0,4,59,1,N,2,16623
1,6,1,2,4,6,16,1,N,2,27252
2,1,1,1,7,N,48,1,N,2,23298
1,2,1,1,2,6,68,1,N,2,9300
2,1,6,2,1,8,34,1,N,2,16749
2,4,1,1,2,6,26,1,N,2,16504
2,1,1,1,9,11,68,1,N,2,24939
2,1,2,1,N,7,36,1,N,2,22906
2,1,1,0,1,4,17,1,N,2,19156
1,2,1,2,8,7,44,1,N,2,27252
2,1,1,1,0,7,14,1,N,2,21522
1,6,1,1,5,8,0,1,N,2,13416
1,6,2,2,9,N,0,1,N,2,19922
1,1,1,2,9,7,54,1,N,2,11693
1,6,1,1,7,12,42,1,N,2,17858
2,6,2,1,0,9,55,1,N,2,5928
2,6,8,2,2,7,25,1,N,2,16995
2,1,1,1,7,N,0,1,N,2,25546
1,6,1,1,7,5,62,1,N,2,0
1,1,1,1,3,9,55,1,N,2,15403
2,1,2,1,2,6,74,1,N,2,15720
2,6,1,2,4,6,15,1,N,2,16535
2,1,1,1,9,7,49,1,N,2,12402
2,1,1,2,0,8,32,1,4,2,16469
2,6,1,1,8,6,28,1,N,2,18032
2,N,2,1,4,7,45,1,N,2,14336
2,6,1,1,7,7,23,1,N,2,23784
1,1,1,1,8,7,45,1,N,2,22916
2,6,1,1,8,6,53,1,N,2,9461
1,3,1,2,3,7,6,1,N,2,20991
2,1,1,1,7,4,60,1,N,2,26061
2,1,1,1,8,3,44,1,N,2,24357
2,1,1,1,3,7,63,1,N,2,14956
1,1,1,1,8,7,63,1,N,2,8781
1,1,2,2,3,7,0,1,N,2,27252
2,6,3,2,7,7,18,1,N,2,11448
2,1,7,2,9,N,73,1,N,2,16270
2,1,1,1,6,7,32,1,N,2,18395
2,1,1,1,6,7,49,1,N,2,18203
1,4,2,1,5,7,52,1,N,2,11960
2,1,1,1,7,N,61,1,N,2,3722
2,1,1,2,7,5,3,1,N,2,22684
1,6,1,1,2,6,59,1,N,2,16352
2,4,1,1,4,7,65,1,N,2,20739
2,1,1,2,0,7,57,1,N,2,11309
1,1,1,1,0,7,72,1,N,2,24051
2,6,1,2,0,7,41,1,N,2,17133
2,1,1,0,N,6,28,1,N,2,21313
2,3,1,2,7,7,61,1,N,2,10616
2,1,1,1,9,7,59,1,N,2,26490
2,6,1,2,0,6,17,1,N,2,24963
1,1,1,1,2,3,62,1,N,2,13537
1,6,1,1,0,9,12,1,N,2,5610
2,6,1,2,N,7,34,1,N,2,12305
1,1,8,1,N,7,85,1,N,2,10302
2,6,1,1,1,4,29,1,N,2,24939
2,6,1,2,N,7,90,1,N,2,12388
1,6,1,2,9,7,55,1,N,2,22999
2,1,1,1,9,7,95,1,N,2,12611
1,1,1,1,9,9,45,1,N,2,25444
2,6,1,1,9,7,22,1,N,2,25787
1,3,1,1,8,N,48,1,N,2,22321
1,3,6,1,1,7,61,1,N,2,11636
2,1,9,0,2,6,59,1,N,2,27138
2,1,1,1,7,N,15,1,N,2,9636
1,1,1,1,5,11,62,1,N,2,9738
2,1,1,1,3,10,46,1,N,2,9656
1,1,1,1,N,7,56,1,N,2,25406
2,1,1,1,N,N,69,1,N,2,22385
2,5,1,1,7,7,50,1,N,2,20241
2,1,1,1,N,7,27,1,N,2,20266
2,6,1,1,2,6,38,1,N,2,16448
1,6,1,2,2,6,46,1,N,2,17065
2,1,1,1,7,5,51,1,N,2,4689
2,6,2,1,1,7,24,1,N,2,13018
1,1,1,1,8,7,64,1,N,2,25271
1,6,1,2,0,7,10,1,N,2,23445
1,4,1,1,2,4,30,1,N,2,21079
2,1,1,1,7,12,64,1,N,2,23499
1,6,1,2,4,5,16,1,N,2,27252
2,6,1,1,2,8,60,3,N,2,4634
2,6,1,2,9,7,45,1,N,2,27252
2,6,1,1,1,5,49,1,N,2,6754
2,1,1,1,9,12,49,1,N,2,18787
2,6,1,1,7,10,8,1,N,2,5488
1,6,1,2,0,7,16,1,N,2,19949
2,1,1,1,N,3,33,1,N,2,15144
2,2,1,1,6,5,48,1,N,2,18515
1,1,2,1,4,7,34,1,N,2,9335
1,1,8,1,3,9,62,1,N,2,19743
1,1,1,2,6,7,51,1,N,2,24939
2,1,1,0,7,N,91,1,N,2,0
2,1,4,1,6,10,49,1,N,2,21530
2,6,1,2,N,7,29,1,N,2,27252
2,4,2,1,2,N,67,1,N,2,20985
2,1,1,1,2,7,81,1,N,2,18065
1,6,1,2,4,7,12,1,N,2,22159
2,1,1,2,2,6,36,1,N,2,16026
2,6,1,1,0,3,69,1,N,2,12825
2,1,2,2,8,7,4,1,N,2,12261
1,6,2,1,4,N,22,1,N,2,11892
1,4,1,1,6,2,60,1,N,2,22978
2,6,1,1,2,6,38,1,N,2,11796
2,1,1,2,8,7,54,1,N,2,5858
1,1,1,1,6,8,54,1,N,2,25613
1,1,7,1,N,6,78,1,N,2,19144
1,1,2,1,8,N,30,1,N,2,22154
1,6,1,1,8,6,33,1,N,2,23494
1,6,3,2,2,4,47,1,N,2,14180
1,6,1,2,0,12,15,1,N,2,11252
1,3,1,2,0,7,50,1,N,2,27252
1,6,1,1,5,12,73,1,N,2,10556
2,1,1,1,8,6,84,1,N,2,2777
1,1,1,2,1,4,85,1,N,2,8345
2,1,1,1,7,7,53,1,N,2,21280
2,1,1,1,N,3,81,1,N,2,8297
2,4,2,1,5,6,11,1,N,2,13527
2,1,1,1,N,7,93,1,N,2,14340
2,6,1,1,3,5,61,1,N,2,1692
1,1,1,2,7,6,35,1,N,2,27252
2,4,1,1,3,N,52,1,N,2,20655
2,1,1,1,2,12,67,1,N,1,21620
1,1,2,2,2,6,65,1,N,2,11661
1,1,1,1,7,7,53,1,N,2,21283
2,6,1,1,7,6,17,1,N,2,20271
1,1,1,1,N,3,56,1,N,2,14312
2,6,1,1,4,3,65,1,N,2,2357
2,6,1,1,N,N,75,1,N,2,14311
2,6,1,2,4,3,26,1,N,2,4888
2,6,1,1,8,5,48,1,N,2,16923
1,6,1,2,3,7,50,1,N,2,14819
2,6,1,1,6,N,62,1,N,2,25371
2,1,1,1,N,N,15,1,N,2,3723
2,1,1,1,8,4,67,1,N,2,12596
2,1,1,1,8,6,28,1,N,2,20432
2,1,1,1,N,7,63,1,N,2,23683
2,1,1,1,9,N,58,1,N,2,21973
1,6,1,2,7,7,28,1,N,2,18019
2,N,1,2,2,7,81,1,N,2,18981
2,6,1,2,8,3,18,1,N,2,16707
1,1,1,1,7,11,11,1,N,2,10595
2,1,1,1,9,N,63,1,N,2,3113
1,3,1,1,6,9,33,1,N,2,13210
2,6,1,1,0,8,69,1,N,2,19399
1,6,1,2,1,6,39,1,N,2,11737
2,1,8,1,N,7,88,1,N,2,452
2,4,1,1,7,8,10,1,6,2,15610
2,6,1,2,9,10,0,1,N,2,6761
1,1,2,1,6,6,23,1,N,2,9803
2,1,1,1,6,6,54,1,N,2,6400
2,4,1,1,4,7,64,1,N,2,7338
2,6,1,2,6,6,76,1,N,2,18516
1,6,1,1,6,6,25,1,N,2,8131
1,1,1,1,1,4,6,1,N,2,7482
1,1,1,2,8,6,56,1,N,2,10178
1,6,1,2,1,9,71,1,N,2,7409
2,1,1,2,4,7,55,1,N,2,18034
2,1,2,2,7,N,33,1,N,2,21515
2,6,1,1,4,6,61,1,N,2,21448
2,6,1,1,4,4,15,3,N,1,1245
1,6,6,1,1,9,15,1,N,2,7340
2,6,2,2,6,2,31,1,N,2,21094
1,1,1,1,5,7,71,1,N,2,25328
1,6,2,2,6,4,55,1,N,2,21853
1,1,1,1,3,7,16,1,N,2,11479
1,6,1,1,N,6,60,1,N,2,27233
2,6,4,2,6,N,39,1,N,2,11114
1,6,1,2,6,7,0,1,N,2,16344
1,1,1,2,2,7,5,1,N,2,27252
2,6,1,1,7,7,37,1,N,2,13254
1,5,1,1,2,12,58,1,N,2,27184
2,3,8,1,N,7,58,1,N,2,18579
2,1,1,1,N,N,83,1,N,2,27252
2,6,2,2,2,4,8,1,N,2,13416
2,6,2,0,7,7,36,1,N,2,11097
1,4,6,1,9,7,42,1,N,2,27183
2,1,2,1,3,N,19,1,N,2,20924
1,6,1,1,2,2,28,1,N,2,7613
1,1,1,2,0,8,9,1,N,2,21751
2,6,1,2,1,8,27,1,N,2,12658
1,1,1,1,N,7,70,1,N,2,19755
2,1,1,1,N,3,19,1,N,2,27252
2,1,1,1,N,7,68,1,N,2,14548
2,6,2,2,7,N,31,1,N,2,14032
1,1,1,1,N,7,81,1,N,2,10812
2,1,2,1,9,7,38,1,N,2,27252
2,1,1,1,2,9,2,1,N,2,19356
2,6,2,2,8,9,51,1,N,2,22030
2,1,1,1,N,7,93,1,N,2,14460
2,6,1,2,N,7,33,1,N,2,24440
2,6,1,2,1,8,43,1,N,2,18584
2,6,1,0,0,8,87,1,N,2,16655
2,1,1,1,N,3,43,1,N,2,24512
1,1,3,1,8,3,43,1,N,2,5717
1,4,1,1,1,9,77,1,N,2,16303
2,1,1,1,4,7,64,1,N,2,15756
2,6,1,2,7,6,67,3,N,2,15205
2,6,1,1,9,7,75,1,N,2,20444
1,6,7,1,6,7,2,2,N,2,27252
2,1,1,1,6,7,61,1,N,2,10858
1,1,1,1,5,5,26,1,N,2,13030
1,1,1,2,0,9,24,1,N,2,3836
2,1,8,1,8,5,53,1,N,2,2286
2,4,7,2,0,N,73,1,N,2,20251
2,1,1,1,5,7,95,1,N,2,14902
1,6,2,2,0,9,0,1,N,2,18174
2,1,3,1,9,7,45,1,N,2,14086
2,1,2,0,9,2,52,1,N,2,18640
2,6,1,1,3,3,32,1,N,2,21142
1,6,1,1,N,7,38,2,N,2,15497
1,5,1,1,3,2,13,1,N,2,20691
2,1,1,0,7,8,58,1,N,2,13066
1,6,6,2,8,N,47,1,N,2,15917
1,1,1,1,0,7,73,1,N,2,19309
2,1,1,2,9,7,38,1,N,2,24939
2,1,5,2,9,5,76,1,N,1,0
2,1,1,1,N,3,56,1,N,2,12082
2,6,1,1,6,N,27,1,N,2,18299
1,1,2,1,6,5,34,1,N,2,17396
2,6,1,0,0,7,12,1,N,2,22685
2,4,1,2,6,7,16,1,N,2,3850
1,1,1,1,1,9,46,1,N,2,26586
1,1,1,1,9,N,64,1,N,2,7255
2,1,2,2,5,5,38,1,N,2,11500
2,1,1,2,0,7,41,1,N,2,23140
1,3,1,1,3,7,59,1,N,2,22492
1,6,1,1,4,11,38,1,N,2,11747
1,1,1,1,5,2,57,1,N,2,10673
2,1,1,1,6,N,62,1,N,2,22627
1,4,2,1,2,5,17,1,N,2,27252
1,1,6,1,7,7,67,1,N,2,24507
2,1,1,1,8,7,50,1,N,2,27252
2,3,1,2,N,N,55,1,N,2,18700
1,1,1,2,N,7,42,1,N,2,7509
1,3,1,1,6,7,13,1,N,2,17932
2,1,1,2,0,6,0,1,N,2,21016
2,1,1,2,4,N,61,1,N,2,8232
1,1,1,1,6,7,64,1,N,2,22875
2,1,2,1,3,N,53,1,N,2,16574
1,1,2,1,5,4,32,2,N,2,12803
2,1,1,1,6,3,85,1,N,2,4899
1,1,1,1,9,7,79,1,N,2,20284
1,1,1,2,6,4,18,1,N,2,7446
1,1,2,1,5,7,64,1,N,2,12329
2,6,1,1,7,4,62,1,N,2,14978
2,1,1,1,5,1,63,1,N,2,16220
2,4,1,2,4,7,46,1,N,2,17003
2,6,1,2,0,5,95,1,N,2,8944
2,1,1,1,8,12,15,1,N,2,17808
2,1,2,1,5,6,90,3,N,2,15610
1,6,8,2,2,9,27,3,N,2,9761
1,1,9,0,9,2,58,1,N,2,16861
1,1,1,1,9,7,60,1,N,2,8240
2,6,1,2,2,7,29,1,N,2,18063
1,1,2,1,9,5,57,1,N,2,17512
1,4,2,2,0,N,25,1,N,2,9402
1,6,1,1,0,4,56,1,4,2,0
1,1,1,1,7,7,53,1,N,2,19839
2,6,1,1,2,6,70,1,N,2,13335
2,1,1,1,7,5,51,1,N,2,8909
2,1,2,1,5,2,40,1,N,2,1844
1,3,1,1,7,N,7,1,N,2,27252
2,6,1,0,N,3,30,1,N,2,24939
1,6,1,1,2,9,25,1,N,2,20517
2,3,2,1,6,N,38,1,N,2,20245
1,6,1,1,5,7,0,1,N,2,20010
2,1,1,1,9,7,77,1,2,2,25971
2,2,1,2,1,7,52,1,N,2,22268
2,4,1,1,9,N,47,1,N,2,14415
2,1,1,1,N,7,51,1,N,2,20685
2,1,1,1,2,6,14,1,N,2,18041
1,1,2,1,8,3,49,1,N,2,21430
1,6,2,0,4,6,11,1,N,2,10205
1,3,1,1,0,4,8,1,N,2,4623
2,4,1,1,8,6,43,1,N,2,20621
2,1,1,1,7,7,62,1,N,2,8163
2,1,1,1,9,7,78,1,N,2,20721
2,6,1,1,2,N,68,1,N,2,14784
2,N,1,1,6,7,8,2,N,2,24939
1,6,1,1,N,2,64,1,N,2,20164
2,4,1,1,6,7,39,1,N,2,11197
1,6,1,1,6,N,38,1,N,2,17194
2,1,1,1,N,7,53,1,N,2,20025
2,1,1,2,9,7,80,1,N,2,12057
2,1,2,1,3,5,43,1,N,2,0
2,6,1,1,8,7,13,1,N,2,18932
2,1,9,1,9,7,59,1,N,2,12444
2,2,1,1,0,N,59,1,N,2,5175
1,1,1,1,3,9,59,1,N,2,2586
1,6,1,2,N,7,54,1,N,2,17756
1,4,2,1,N,7,44,1,N,2,17503
1,1,1,1,5,3,66,1,N,2,25385
2,1,1,1,0,N,10,1,N,2,27252
2,3,1,1,6,5,5,1,N,2,7800
2,6,5,2,7,4,15,2,N,2,7513
1,6,2,2,2,7,25,3,N,2,18583
2,6,2,1,0,10,51,1,N,2,9955
2,6,1,1,4,3,27,1,N,2,18166
2,6,1,0,1,4,44,1,N,2,12917
2,1,1,1,8,9,54,1,N,2,10226
1,4,1,1,N,7,34,1,N,2,24974
1,6,1,2,0,12,25,1,N,2,23410
2,1,1,1,N,N,43,2,N,2,27252
2,1,1,1,9,6,63,1,N,2,22601
2,6,2,1,7,2,38,1,N,2,3789
1,6,1,1,8,6,53,1,N,2,17025
1,6,1,1,N,3,55,1,N,2,27198
2,6,1,2,5,6,11,1,N,2,17507
2,1,1,1,N,N,39,1,N,2,20618
1,1,1,1,8,N,38,1,N,2,21162
1,1,2,1,0,6,14,1,N,2,11707
2,1,1,1,8,11,53,1,N,2,16315
2,1,1,1,6,2,55,1,N,2,16257
2,1,1,1,8,7,54,1,N,2,10910
1,3,9,2,5,N,34,1,N,2,23321
2,6,1,1,4,9,61,1,1,2,8761
2,1,1,1,5,3,95,1,N,2,14734
1,2,1,1,7,11,16,1,N,2,17498
2,6,1,1,N,3,51,1,N,2,11921
2,1,1,1,7,3,95,1,N,2,9814
2,1,1,1,9,11,29,1,N,2,26486
2,6,1,1,9,5,27,1,N,2,11756
2,6,1,0,7,7,15,1,N,2,20815
1,5,3,1,7,5,46,1,N,2,23194
2,1,2,1,N,7,46,1,N,2,11203
2,6,1,1,2,7,40,1,N,2,9310
1,1,3,1,5,11,61,1,N,2,20976
2,1,1,2,7,7,53,1,N,2,7211
2,1,2,1,9,6,39,1,N,2,20446
2,6,8,2,2,5,25,1,N,2,13662
1,6,1,1,7,7,52,1,N,2,10197
2,6,1,1,8,7,58,1,N,2,19863
2,1,2,1,5,7,54,1,N,2,25607
1,6,1,2,4,4,50,1,N,2,20326
2,6,2,2,0,7,39,1,N,2,13397
1,1,1,1,9,9,26,1,N,2,0
1,6,2,0,3,2,58,1,N,2,4314
2,1,1,1,N,7,79,1,N,2,21121
1,2,1,1,9,8,80,1,N,2,22683
2,6,1,2,8,7,4,1,N,2,18740
2,1,1,1,7,7,32,1,N,2,14363
1,1,1,1,3,7,29,1,N,2,8382
2,1,1,1,1,5,22,1,N,2,15727
1,6,9,1,6,7,68,1,N,2,17617
2,1,1,1,8,5,37,1,N,2,20254
2,1,1,1,3,7,21,1,N,2,8006
2,1,1,1,N,7,26,1,N,2,6282
2,1,3,1,9,6,70,1,N,2,7410
1,6,1,1,3,8,0,1,N,2,16585
1,1,1,1,8,7,0,1,N,2,11823
2,6,3,1,3,9,21,1,N,2,17499
2,4,1,1,8,N,46,1,N,2,26753
1,1,1,1,5,5,27,1,N,2,18307
2,1,1,2,7,6,2,1,N,2,5871
1,1,1,2,4,N,36,1,N,2,9710
2,1,1,1,2,5,79,1,N,2,13731
1,1,1,2,4,7,14,1,N,2,27252
2,1,1,1,6,3,45,1,N,2,16404
1,1,3,1,8,5,41,1,N,2,19828
2,1,2,1,8,7,43,1,N,2,24451
1,1,2,1,9,N,47,1,N,2,11100
1,1,7,1,9,N,61,1,N,2,7947
2,6,2,0,0,5,38,1,N,2,6716
2,1,1,1,4,9,72,1,N,2,4826
1,6,3,1,5,3,38,1,N,2,21191
2,6,1,1,N,7,52,1,N,2,16666
2,1,1,1,6,7,47,1,N,2,7707
2,1,1,1,0,8,28,1,N,2,19065
2,1,1,2,9,7,51,1,N,2,19736
2,6,2,1,2,7,13,1,N,2,23656
2,6,1,1,9,5,31,1,N,2,17821
2,1,1,1,8,2,81,1,2,2,19196
2,3,1,2,4,5,49,1,N,2,13957
2,6,1,1,4,7,30,1,N,2,0
2,1,1,2,6,1,30,1,N,2,26312
2,1,1,1,6,10,73,1,4,2,16306
1,1,1,2,6,9,44,1,N,2,26919
1,6,2,2,9,5,57,1,N,2,14457
1,1,1,1,N,N,74,1,N,2,17897
1,6,1,1,4,7,29,1,N,2,24939
2,1,1,1,1,10,78,1,N,2,20661
2,6,1,1,5,7,36,1,N,2,7489
2,4,1,2,0,7,34,1,N,2,18594
2,4,1,1,4,6,62,1,N,2,9427
1,6,2,2,N,7,39,1,N,2,18731
1,6,1,2,1,6,19,3,N,2,21265
1,6,1,1,1,5,29,1,N,2,0
2,6,1,2,6,12,45,1,N,2,5462
2,6,1,0,2,4,14,1,N,2,18391
2,6,1,0,2,5,45,1,N,2,6468
2,1,1,0,2,3,33,1,N,2,27252
1,6,1,1,2,5,56,1,N,2,22885
1,1,1,1,1,6,57,1,N,2,23072
2,6,1,2,8,7,51,1,N,2,13689
2,1,1,1,2,N,31,1,N,1,16843
2,1,1,2,3,7,50,1,N,2,18665
1,1,2,2,0,7,33,1,N,2,25251
2,1,1,1,6,11,72,1,N,2,15994
2,6,1,2,7,7,38,1,N,2,6588
2,1,1,1,4,7,48,1,N,2,20138
1,6,2,1,3,9,38,1,N,2,9352
1,6,1,2,9,7,56,1,N,2,0
2,1,1,1,7,6,15,1,N,2,24939
2,1,8,1,1,N,63,1,N,2,17246
1,1,2,1,9,12,66,1,N,2,16454
2,1,1,1,9,N,44,1,N,2,24939
2,1,1,2,1,10,58,1,N,2,17354
1,1,1,1,0,7,28,1,N,2,15934
2,1,1,1,3,4,49,1,N,2,16594
1,6,1,2,5,5,28,1,N,2,25493
2,6,8,1,0,6,38,1,N,2,9147
1,1,1,1,6,N,56,1,N,2,12198
2,5,1,1,4,9,22,1,N,2,23841
2,6,1,1,7,N,83,1,N,2,12762
1,1,1,1,0,4,45,1,N,2,24866
2,1,3,2,1,8,64,1,N,2,20179
2,6,1,1,5,7,37,3,N,2,21656
1,6,2,1,5,6,38,1,N,2,5891
2,6,1,1,0,5,22,1,N,2,12994
2,1,2,1,1,5,36,1,N,2,19220
2,6,1,2,2,7,39,1,N,2,11808
2,1,1,1,5,5,0,1,3,2,7949
1,6,1,2,N,6,15,1,N,2,15768
2,1,1,2,4,N,0,1,N,2,26441
2,1,1,1,N,3,59,1,N,2,25794
2,1,1,1,9,7,47,1,N,2,15423
1,1,5,1,3,8,61,1,N,2,19365
2,1,1,1,0,7,54,1,N,2,21407
2,1,1,2,6,7,41,1,N,2,22307
1,6,1,1,4,N,31,1,N,2,16267
2,6,2,1,6,5,62,1,N,2,27252
2,6,1,1,3,5,10,1,N,2,12161
1,6,2,2,5,7,27,1,N,2,14691
2,1,1,1,3,2,57,1,N,2,16762
2,4,4,1,4,N,64,1,N,2,17142
2,1,1,1,3,6,59,1,N,2,11102
2,1,2,1,4,11,33,1,N,2,15063
2,4,1,1,0,7,0,1,N,2,17850
1,6,2,1,8,7,31,1,N,2,9427
2,4,1,1,3,5,55,1,N,2,18181
1,4,1,2,8,6,76,1,N,2,17367
1,6,2,1,1,3,27,1,N,2,13478
1,1,1,1,4,5,26,1,N,2,10308
2,1,1,1,4,7,22,1,N,2,22577
2,6,1,1,3,4,0,1,N,2,26938
2,1,1,1,7,2,15,1,N,2,19588
2,3,1,2,8,7,26,1,N,2,16719
2,6,1,2,7,7,63,1,N,2,27252
2,4,1,2,5,7,57,1,N,2,14504
1,1,2,2,5,7,67,1,N,2,15207
1,N,1,2,4,6,13,1,N,2,1768
2,3,1,2,6,6,61,1,N,2,14030
2,4,1,1,9,4,26,1,N,2,17339
2,1,1,1,5,12,83,1,N,2,24986
2,6,9,2,3,7,48,1,N,2,16910
2,1,1,2,4,11,11,1,N,2,25079
2,1,1,1,4,N,38,1,N,2,18136
2,6,1,1,N,7,71,1,N,2,9041
2,1,2,1,5,7,11,1,N,2,13166
2,6,1,2,2,9,55,1,N,2,19025
1,4,1,0,1,7,49,1,N,2,8099
2,6,1,1,8,7,40,1,N,2,11939
2,6,1,2,6,7,34,1,N,2,12334
1,1,1,1,8,10,25,1,N,2,9123
2,1,1,1,9,3,47,1,N,2,7653
2,6,1,2,0,N,0,1,N,2,24939
1,6,1,2,7,6,65,1,N,2,25608
2,6,1,2,N,7,37,1,N,2,22050
2,6,1,2,5,4,43,1,N,2,11511
1,6,1,1,2,6,0,1,N,2,27252
1,1,1,1,1,N,17,1,N,2,19025
2,1,1,1,N,7,60,1,N,2,13093
2,1,1,1,8,7,67,1,N,2,12649
2,6,2,2,N,6,66,1,N,2,9603
2,1,1,1,6,6,66,1,N,2,19744
1,6,1,1,3,N,47,1,N,2,24853
2,6,1,1,8,6,36,2,N,2,10498
1,1,3,1,0,3,52,1,N,2,22380
2,6,1,1,6,3,57,1,N,2,20849
1,6,1,1,N,7,12,1,N,2,19672
1,1,1,1,1,6,19,1,N,2,27252
2,1,1,1,N,N,29,1,N,2,12952
1,1,1,2,3,4,68,1,N,2,11167
2,6,1,1,6,11,58,1,N,2,17602
1,1,1,2,0,3,51,1,N,2,11222
1,1,1,1,3,N,45,1,N,2,24571
2,1,3,1,5,11,76,1,N,2,17528
2,1,1,1,N,N,56,1,N,2,15473
1,1,1,1,6,11,28,1,N,2,11192
1,4,1,1,2,6,26,1,N,2,14703
2,6,2,1,3,6,46,1,N,2,17278
2,4,1,1,N,N,54,1,N,2,20690
2,1,1,1,3,7,63,1,N,2,13607
1,1,1,1,5,10,77,1,N,2,11439
1,1,3,1,7,3,42,1,N,2,27252
2,1,2,1,9,7,38,1,N,2,12103
1,1,1,1,7,9,32,1,N,2,12968
2,6,2,1,9,7,55,2,N,2,15748
2,1,1,1,N,7,34,1,N,2,19712
2,1,1,1,N,7,62,1,N,2,23496
2,1,2,1,N,4,36,1,N,2,16892
2,4,1,1,N,3,44,1,N,2,19612
2,6,1,1,1,8,47,1,N,2,5753
2,6,2,1,0,6,28,1,N,2,6968
2,6,1,0,3,6,50,1,N,2,16558
2,6,3,1,6,4,26,1,N,2,19495
2,1,1,1,7,3,71,1,N,2,17610
1,6,1,1,3,8,52,1,N,2,7725
2,3,1,1,2,5,75,1,N,2,18434
1,6,2,2,4,5,40,3,N,2,9455
2,6,1,1,8,5,41,1,N,2,24939
2,1,1,1,7,5,62,1,N,2,22481
1,4,1,1,0,7,60,1,N,2,25691
2,6,1,0,2,2,6,1,N,2,12102
2,1,1,1,N,N,21,1,N,2,25789
2,1,2,1,7,5,14,1,N,2,20659
2,4,1,1,0,N,0,1,N,2,13988
2,1,1,2,9,7,31,1,N,2,14873
1,1,1,2,3,7,75,1,N,2,16137
1,6,8,1,0,N,51,1,N,2,18711
2,1,1,1,N,N,68,1,N,2,18366
2,1,1,1,N,7,86,1,N,2,23522
2,6,1,1,5,7,68,1,N,2,9461
1,N,1,2,3,5,0,1,N,2,27252
2,6,1,1,7,7,55,1,N,1,14202
1,6,2,2,1,5,13,1,N,2,22758
2,N,1,1,4,7,44,1,N,2,3849
2,6,2,2,4,4,22,1,N,2,14804
2,6,1,1,7,7,7,1,N,2,24939
2,1,1,1,5,N,79,1,N,2,19612
2,1,1,2,7,9,6,1,N,2,23857
2,6,1,1,3,N,43,1,4,2,15250
2,1,1,1,9,7,34,1,N,2,24817
2,1,2,1,4,5,39,1,N,2,9144
2,6,1,1,9,7,28,1,N,2,19033
1,6,1,2,4,7,6,1,N,2,8789
1,1,2,2,8,7,35,1,N,2,11407
2,1,9,2,3,N,62,1,N,2,10983
1,1,1,1,0,6,4,1,N,2,16971
2,1,1,1,8,N,47,1,N,2,21345
1,6,1,1,8,5,12,1,N,2,18817
2,6,1,1,N,5,8,1,N,2,9814
1,1,1,1,4,7,0,1,N,2,15633
2,1,1,2,3,7,71,1,N,2,7532
1,N,1,1,1,3,80,1,N,2,18009
2,1,1,2,9,N,58,1,N,2,16000
1,6,1,1,9,7,51,1,N,2,18554
1,1,1,1,9,7,45,1,N,2,27252
1,6,1,2,9,4,82,1,N,2,19912
1,1,1,1,7,9,33,1,N,2,9478
1,6,1,0,3,5,19,1,N,2,13125
1,1,1,1,N,3,92,1,N,2,19718
1,1,1,1,6,7,82,1,N,2,12841
2,6,1,2,8,7,72,1,N,2,4843
2,1,1,1,6,12,56,1,N,2,24820
2,1,1,1,0,5,24,1,N,2,17362
1,6,1,1,7,7,23,1,N,2,19547
2,1,1,1,9,6,13,1,N,2,575
2,6,2,1,0,N,50,1,N,2,15061
2,6,2,1,3,11,65,1,N,2,10540
1,1,1,1,N,7,66,1,4,2,20360
1,1,2,1,1,10,53,1,N,2,15802
1,1,1,1,5,N,60,1,N,2,19907
2,6,1,1,3,7,55,1,N,2,4507
1,4,6,1,1,4,44,1,N,2,20348
2,1,1,1,9,N,52,1,N,2,24366
2,1,2,1,3,11,18,1,N,2,0
2,1,2,0,3,7,21,1,N,2,21805
1,1,1,1,N,7,30,1,N,2,13716
1,6,1,2,2,5,11,1,N,2,21826
2,1,1,1,7,11,54,1,N,2,6847
2,6,2,0,0,7,34,1,N,2,22599
2,1,1,1,3,N,58,1,N,2,3988
2,1,1,1,9,N,65,1,N,2,16274
2,1,1,1,9,7,56,1,N,2,25068
1,1,1,1,7,5,64,1,N,2,19372
2,6,1,1,5,5,21,1,N,2,13951
2,1,1,2,7,6,26,1,N,2,12662
1,6,1,2,2,7,68,1,N,2,18831
2,6,2,1,7,7,77,1,N,2,24724
1,1,8,2,8,2,74,1,N,2,19129
1,1,1,2,0,6,68,1,N,2,11615
1,2,1,2,4,11,21,1,N,2,21444
2,4,9,2,8,7,33,1,N,2,4107
1,1,1,1,3,8,35,1,N,2,17714
2,1,1,1,0,3,45,1,N,2,15002
1,1,1,1,8,7,46,1,N,2,16843
1,1,1,1,9,N,31,1,N,2,12820
2,6,1,2,7,2,51,1,N,2,1635
2,1,1,0,2,5,66,1,N,2,19100
1,1,1,1,7,7,46,1,N,2,20947
1,6,2,2,3,6,25,1,N,2,26081
2,1,1,1,5,5,60,1,N,2,9084
2,5,6,1,3,4,25,2,N,2,14771
2,6,1,1,9,N,77,1,N,2,7159
2,1,1,1,5,7,51,1,N,2,9051
2,1,1,1,1,5,59,1,N,2,20443
2,1,1,1,N,3,13,1,N,2,19326
2,1,2,1,3,1,55,1,N,2,17940
2,6,1,1,N,7,52,1,N,2,14098
1,1,1,1,8,11,35,1,N,2,25136
1,1,1,0,3,7,49,1,N,2,10573
2,6,1,1,8,N,52,1,N,2,8029
1,1,1,1,6,7,31,1,N,2,21074
1,1,1,1,N,7,95,1,N,2,6255
1,6,2,2,0,10,34,1,N,2,11485
1,6,3,2,6,7,37,1,N,2,15633
2,6,1,1,8,7,29,1,N,2,19485
2,2,1,1,3,6,37,1,N,2,17072
1,1,1,1,0,7,27,1,N,2,24939
1,4,4,2,N,3,59,1,N,2,13334
1,1,1,2,0,5,63,1,N,2,16950
2,1,1,1,6,7,35,1,N,2,20775
1,1,1,1,7,2,51,1,N,2,19289
2,1,1,1,2,7,48,1,N,2,20702
1,6,1,2,0,6,26,1,N,2,2898
2,4,1,1,6,9,26,1,N,2,0
2,6,2,1,8,5,34,1,5,2,13518
2,6,1,1,6,7,18,1,N,2,22917
2,1,1,1,8,N,26,1,N,2,21370
1,6,1,0,N,N,59,3,N,2,18024
2,1,1,1,8,7,92,1,N,2,17606
2,1,1,1,6,7,37,1,N,2,25280
1,1,1,1,N,7,35,1,N,2,17136
2,4,1,1,4,4,44,1,N,2,20349
1,6,1,1,N,5,38,1,N,2,27252
1,4,1,1,8,7,40,1,N,2,8753
1,6,1,0,2,7,9,1,N,2,24939
2,1,7,1,2,5,57,2,N,2,5275
1,1,6,1,9,2,35,1,N,2,2751
2,6,1,1,6,3,40,1,N,2,15211
1,1,1,1,4,12,47,1,N,2,10983
1,1,1,1,2,2,55,1,N,2,10183
2,6,1,1,1,4,25,1,N,2,8554
2,6,9,2,8,4,22,1,N,2,17832
1,1,1,2,4,7,8,1,N,2,27252
2,4,7,2,2,7,77,1,N,2,21078
1,1,1,1,N,7,80,1,N,2,20510
2,1,1,1,N,3,40,1,N,2,22228
2,1,2,1,N,7,95,1,N,2,8694
1,1,6,2,8,N,29,1,N,2,27252
1,1,1,1,9,2,52,1,N,2,11355
2,6,1,2,1,7,76,1,N,2,7627
2,4,1,1,9,7,44,1,N,2,27252
1,1,1,2,6,4,82,2,N,2,7992
1,1,1,1,0,7,10,1,N,2,19774
1,1,1,1,1,1,50,1,N,2,21734
2,1,1,1,N,7,92,1,N,2,19791
1,3,8,1,7,12,21,1,N,2,3237
1,1,1,2,5,6,54,1,N,2,14582
1,1,1,1,0,5,72,1,N,2,18314
1,6,1,1,9,7,69,1,N,2,27252
1,1,1,2,N,7,53,1,N,2,16131
1,6,1,1,7,7,54,1,N,2,11949
2,6,1,2,N,N,0,1,N,2,21350
2,1,1,1,1,6,63,1,N,2,20437
2,1,2,2,2,9,79,1,N,2,12782
2,6,1,2,6,N,28,1,N,2,14158
2,1,2,2,0,5,26,1,N,2,15701
2,6,1,1,5,N,72,1,N,2,10488
1,1,1,1,4,12,16,1,N,2,14624
1,6,1,2,N,7,10,1,N,2,9489
2,1,1,1,1,7,51,1,N,2,17590
2,6,8,1,8,2,31,1,N,2,9541
1,1,9,1,0,6,53,1,N,2,5999
1,1,1,1,7,6,56,1,N,2,4118
1,1,1,1,5,N,57,1,N,2,15317
2,1,1,1,5,7,14,1,N,2,13743
1,3,1,2,1,6,62,2,N,2,15756
1,1,1,2,1,N,47,1,N,2,25038
1,6,1,2,3,7,16,1,N,2,11777
1,1,1,1,4,N,76,1,N,2,14565
2,1,1,1,7,7,32,1,N,2,27252
2,3,1,1,N,7,70,1,3,2,11095
1,1,1,2,9,7,30,1,N,2,19304
1,6,1,1,2,7,47,1,N,2,13562
1,1,1,1,8,7,66,1,3,2,15448
2,1,1,1,0,7,66,1,N,2,25546
2,6,2,2,4,7,0,1,N,2,11172
1,6,3,2,0,9,3,1,N,2,11041
1,6,1,1,7,12,23,1,N,2,17899
1,1,1,1,7,7,61,1,N,2,11412
2,1,2,2,5,N,3,1,N,2,17983
1,1,1,2,5,7,25,1,N,2,24939
1,6,1,2,0,3,0,1,N,2,10658
2,1,3,1,9,7,30,1,N,2,22683
2,4,1,1,7,N,16,1,N,2,19503
2,4,9,2,7,5,22,1,N,2,16527
2,1,1,1,9,7,58,1,N,2,8486
1,1,1,1,N,12,32,1,N,2,14452
1,1,1,1,0,N,69,1,N,2,21004
1,N,2,1,0,7,29,1,N,2,20859
2,6,1,2,5,6,68,1,N,2,1231
2,6,2,2,N,3,40,1,N,2,16672
1,N,8,1,4,N,80,1,N,2,18723
2,6,2,2,3,7,55,1,N,2,10424
2,1,1,1,6,3,48,1,N,2,23709
2,6,1,1,0,2,21,1,N,2,10511
2,1,1,1,3,3,40,1,N,2,19941
2,1,1,1,3,2,57,1,N,2,20684
1,6,2,1,5,N,42,1,N,2,7327
2,1,1,2,N,7,7,1,N,2,27252
1,1,1,1,N,6,67,1,N,2,24990
2,1,1,1,7,N,66,1,N,2,25587
1,4,1,1,6,7,31,1,N,2,23204
1,6,1,1,7,3,5,1,N,2,27252
1,1,1,1,N,7,0,1,N,2,27252
2,1,1,1,6,10,86,1,N,2,19185
2,6,1,2,0,7,18,1,N,2,16757
2,1,1,1,8,10,69,1,N,2,0
2,1,2,2,4,7,83,1,N,2,0
1,6,1,2,1,4,30,1,N,2,15403
2,1,1,1,N,3,19,1,N,2,19649
2,4,1,1,N,7,21,1,N,2,25892
2,1,1,1,8,6,23,1,N,2,23311
1,6,1,1,1,7,78,1,N,2,15417
1,4,2,2,0,10,12,1,N,2,25790
1,2,1,1,4,5,51,1,N,2,24875
1,1,1,2,N,3,85,1,N,2,21591
2,3,6,0,1,6,76,1,N,2,25198
2,1,1,1,8,7,46,1,N,2,0
1,1,1,1,9,3,70,2,N,2,9673
1,6,1,1,6,4,49,1,N,2,26477
1,3,1,1,6,5,0,1,N,2,10919
2,6,1,1,7,5,0,1,N,2,27252
2,1,1,1,3,7,13,1,N,2,27252
1,3,1,1,N,N,41,1,N,2,24099
2,6,1,1,3,6,18,1,N,2,23417
1,1,1,0,N,7,41,1,N,2,24939
1,1,1,1,8,9,61,1,N,2,17007
1,1,1,0,4,7,70,1,N,2,19938
2,6,1,2,0,6,37,1,N,2,19331
2,6,1,1,0,9,31,1,N,2,818
2,6,3,1,9,7,25,1,N,2,15058
2,6,1,1,8,N,48,1,N,2,27252
2,6,2,1,9,7,74,1,N,2,23395
2,1,1,1,7,7,8,1,4,2,20807
1,1,1,1,8,2,70,1,N,2,19175
1,2,1,1,6,9,40,1,N,2,20658
1,6,2,1,N,3,34,1,N,2,11735
1,6,1,1,6,7,26,1,N,2,17577
1,3,1,2,9,6,0,1,N,2,23252
1,4,1,1,5,10,43,1,N,2,7514
1,6,2,1,7,7,46,1,N,2,22199
1,1,1,1,9,7,34,1,N,2,25914
2,1,2,2,0,4,51,1,N,2,3926
1,1,1,1,7,6,67,1,N,2,14213
2,1,1,1,9,6,24,1,N,2,5063
2,4,1,2,N,7,31,1,N,2,18922
2,1,1,2,5,6,32,1,N,2,21797
1,1,1,2,1,9,69,1,N,2,21254
2,1,1,2,3,7,39,1,N,2,19301
1,6,1,2,6,N,20,1,N,2,19571
2,6,1,2,2,6,66,1,N,2,23251
2,1,1,1,N,6,71,1,N,2,20347
2,1,1,1,5,9,17,1,N,2,20030
2,1,2,1,3,N,54,1,N,2,18809
1,6,1,2,N,5,3,1,N,2,12634
1,6,1,1,8,4,28,1,N,2,22490
2,4,6,1,5,6,13,1,N,2,26607
2,6,2,1,3,5,52,1,N,2,3964
1,1,1,1,7,6,77,1,N,2,2461
2,1,1,1,5,3,21,1,N,2,3908
2,6,1,2,7,7,7,1,N,2,12128
2,6,1,1,9,N,34,1,N,2,18972
1,1,1,1,6,3,44,1,N,2,20887
1,1,1,1,6,7,57,1,N,2,16893
2,1,1,1,N,3,47,1,N,2,16834
2,1,1,1,4,4,60,1,N,2,11536
1,6,2,1,6,7,32,1,N,2,19821
2,1,1,1,0,N,6,1,N,2,10555
1,3,1,1,3,5,48,1,N,2,22716
2,4,1,1,8,7,18,1,N,2,23934
1,6,1,2,0,3,84,1,N,2,11554
2,1,1,1,6,5,79,1,2,2,21091
2,4,1,1,9,N,34,1,N,2,20343
1,1,1,1,3,8,9,1,N,2,8382
2,1,1,1,N,7,67,1,N,2,24175
1,1,2,2,3,6,8,1,N,2,14964
1,1,1,1,8,N,73,1,N,2,16777
2,4,2,1,3,4,14,1,N,2,2924
1,6,1,1,8,9,66,1,N,2,19304
2,1,1,2,N,N,34,2,N,2,22664
2,1,1,1,3,7,63,1,N,2,8791
1,1,1,1,N,4,50,1,N,2,15779
1,1,1,2,0,8,5,1,N,2,11628
2,1,3,1,7,9,31,1,6,2,9348
2,1,1,1,N,N,62,1,N,2,23033
2,1,1,0,7,4,68,1,N,2,22006
1,1,1,1,5,7,13,1,4,2,18980
2,3,1,1,9,7,14,1,N,2,21179
2,2,1,1,2,6,67,1,N,2,21122
1,1,1,1,9,2,47,1,N,2,21331
2,6,2,2,4,N,42,1,N,2,16843
2,6,1,2,0,10,4,1,N,2,17304
1,1,1,1,1,5,3,3,N,2,20580
1,1,1,2,7,5,68,1,N,2,13444
1,1,1,1,3,7,93,1,N,2,18728
2,6,6,2,0,5,36,1,N,2,14698
2,4,1,1,9,N,36,1,N,2,14018
2,1,1,2,4,4,75,1,N,2,17279
2,6,1,2,0,7,22,1,N,2,17697
1,1,1,1,N,7,31,1,N,2,20607
2,2,1,2,6,N,0,1,N,2,20778
1,6,1,2,2,6,67,1,N,2,17979
2,1,1,1,6,7,77,1,N,2,21432
1,1,2,0,8,7,23,1,N,2,16485
2,1,1,1,5,10,72,1,N,2,14116
1,6,1,1,4,5,12,1,N,2,15464
1,6,1,1,N,7,60,1,N,2,17097
1,6,1,2,5,7,39,1,N,2,17634
2,1,1,1,6,7,21,1,N,2,24208
1,1,2,2,2,6,10,1,N,2,23963
1,6,9,1,7,N,44,3,N,2,23678
1,6,3,2,0,5,73,1,N,2,10027
2,6,1,1,9,N,87,1,N,2,7407
1,6,1,1,8,6,55,1,N,2,2698
2,6,6,1,5,3,35,1,N,2,19995
2,1,6,1,0,6,31,1,N,2,7930
1,6,1,1,6,7,42,1,N,2,18010
2,6,1,2,1,9,30,1,N,2,11623
1,1,1,1,N,7,95,1,N,2,18608
2,1,1,1,9,N,39,1,N,2,24939
1,1,1,1,8,3,48,1,N,2,18382
2,6,1,1,7,9,66,1,N,2,0
1,1,1,1,5,9,0,1,N,2,9408
2,6,1,1,1,6,1,1,N,2,14733
2,1,1,1,5,6,61,1,N,2,9084
1,1,6,2,2,7,9,1,N,2,4710
1,6,1,1,4,N,34,1,N,2,4646
1,1,2,2,3,12,65,1,N,2,13742
1,6,6,1,4,7,14,1,N,2,19035
1,1,1,2,6,N,36,1,N,2,21392
1,1,1,1,9,6,54,1,N,2,15539
1,6,9,1,6,N,6,1,N,2,10816
1,1,1,1,5,7,52,1,N,2,21996
2,1,1,1,N,7,0,1,N,2,27252
1,4,2,1,0,7,45,1,N,2,4420
1,1,1,2,8,7,83,1,N,2,17587
2,1,1,1,N,3,19,1,N,2,27100
2,6,1,1,2,6,77,1,N,2,22305
2,1,2,2,7,7,32,1,N,2,8411
2,6,1,1,0,7,26,1,N,2,12840
1,6,1,0,N,7,31,1,N,2,14822
1,6,1,1,7,3,20,1,N,2,15432
1,1,1,1,3,3,29,1,N,2,15514
2,6,3,1,5,7,40,1,3,2,17517
2,1,1,1,8,N,50,1,N,2,16068
2,1,1,1,8,12,47,1,N,2,7644
1,1,9,1,3,7,61,1,N,2,20091
1,6,1,2,5,5,29,1,N,2,22525
2,6,1,1,4,N,0,1,N,2,23579
1,1,1,2,4,7,34,1,N,2,10353
2,6,1,2,2,4,45,1,N,2,4215
2,1,1,0,9,5,35,1,N,2,12447
2,1,1,1,6,7,27,1,N,2,11112
1,6,1,2,0,7,15,1,N,2,27252
2,6,1,2,4,N,34,1,N,2,14761
1,1,1,1,8,3,39,1,N,2,20269
2,6,1,1,8,6,68,1,N,2,16538
1,6,1,1,N,3,62,1,N,2,21944
1,6,1,2,6,N,13,1,N,2,12227
1,6,1,2,4,6,20,1,N,2,16152
2,1,1,2,6,N,13,1,N,2,12074
2,4,1,2,0,5,61,1,N,2,14148
2,1,1,1,9,N,82,1,N,2,23487
1,1,2,0,2,6,64,1,N,2,5210
2,1,1,1,6,N,43,1,N,2,15458
2,1,5,1,8,11,52,1,N,2,0
1,6,2,2,6,3,3,1,N,2,18496
2,6,2,1,0,5,9,1,N,2,13912
1,4,8,1,2,9,45,1,N,2,16195
2,6,2,2,0,7,56,1,N,2,10901
2,6,1,1,1,9,21,1,N,2,13766
1,6,2,2,9,12,26,1,N,2,18716
2,1,1,1,8,7,83,1,N,2,23510
2,1,2,1,8,N,22,1,N,2,2357
1,4,1,1,6,3,40,1,N,2,25848
1,4,1,2,1,5,36,1,N,2,18504
2,6,1,2,7,7,30,1,N,2,14702
2,6,6,1,2,8,23,1,N,2,2516
2,1,1,1,7,N,37,1,N,2,10208
2,1,1,1,8,12,48,1,N,2,2454
2,3,1,1,9,9,74,1,N,2,18154
2,1,1,1,0,7,32,1,N,2,20927
1,1,1,1,6,7,58,1,N,2,20684
1,1,1,1,5,6,50,1,N,2,18853
2,6,1,1,5,7,70,1,N,2,22503
2,3,1,1,9,N,11,1,N,2,23441
1,1,1,1,7,7,51,1,N,2,20510
1,6,1,2,3,4,19,1,N,2,15179
1,6,2,0,0,7,27,1,N,2,18374
2,1,1,1,0,6,46,3,N,2,19205
2,6,1,0,N,7,71,1,N,2,22791
2,6,1,1,7,7,58,1,N,2,2233
2,1,1,2,0,4,76,1,N,2,9500
1,1,1,1,3,3,71,1,N,2,21893
2,3,1,2,0,3,48,1,N,2,7902
1,6,1,1,3,7,35,1,N,2,15573
1,1,1,1,8,N,65,1,N,2,19879
1,N,9,2,9,N,17,1,N,2,12266
1,6,1,1,N,N,37,1,N,2,14768
2,1,1,1,9,N,65,1,N,2,20206
1,6,1,1,7,7,22,1,N,2,21468
1,1,1,1,5,N,51,1,N,2,12541
1,1,1,1,9,N,83,1,N,2,27252
2,1,1,1,2,5,11,1,N,2,24097
1,6,1,1,2,6,41,1,N,2,21951
1,6,1,1,3,3,61,1,N,2,11729
2,6,1,2,2,5,49,1,N,2,10249
1,1,1,1,7,6,40,1,N,2,16589
1,1,1,1,9,7,47,1,N,2,22505
1,1,1,1,8,7,0,1,N,2,27173
2,1,2,1,9,7,78,1,N,2,7825
2,3,1,1,4,5,34,1,N,2,2600
2,1,1,1,7,7,82,1,N,2,13996
1,1,1,1,5,N,65,1,N,2,19357
2,1,1,1,4,10,45,1,N,2,9427
1,1,1,2,3,7,64,1,N,2,15128
1,1,1,1,9,7,40,1,N,2,8230
2,1,2,1,1,4,58,1,N,2,17014
2,1,2,1,N,N,81,1,N,2,15681
1,1,1,2,5,6,64,1,N,2,18179
2,1,6,2,8,5,33,1,N,2,13668
1,6,1,2,N,4,31,1,N,2,13437
1,5,3,1,5,7,50,1,N,2,8451
2,3,1,1,9,N,52,1,N,2,13461
2,6,6,1,7,7,28,1,N,2,20500
2,1,1,1,7,10,42,1,N,2,16131
1,1,1,1,2,7,39,1,N,2,10356
2,1,1,1,N,7,22,1,N,2,16049
1,1,1,1,8,4,72,1,N,2,22623
1,1,1,2,4,5,34,1,N,2,13563
1,3,1,2,4,5,17,1,N,2,17752
2,1,2,1,1,7,62,1,N,2,19264
2,1,1,2,5,6,27,1,N,2,5088
2,1,2,1,0,8,21,1,N,2,13948
1,5,1,2,1,7,56,1,N,2,21660
1,4,1,1,9,N,26,1,N,2,19621
2,4,3,1,N,N,66,1,N,2,1743
1,6,1,1,8,6,9,1,N,2,23249
2,1,1,2,5,12,40,1,N,2,23531
2,1,1,1,3,9,86,1,N,2,9461
1,1,1,1,6,8,59,1,2,2,1623
1,4,2,0,3,6,8,1,N,2,18473
1,6,1,1,5,N,49,1,N,2,24302
1,6,2,1,7,7,10,1,N,2,27252
2,1,1,1,5,3,64,1,N,2,11559
1,6,1,2,8,6,38,1,N,2,20688
2,1,1,1,N,3,68,1,N,2,23874
2,1,1,1,N,3,39,1,N,2,24030
2,1,2,1,0,2,35,1,N,2,22699
2,6,1,1,6,7,29,1,N,2,7902
2,1,1,1,N,N,58,1,N,2,12295
2,1,1,1,N,7,44,1,N,2,21819
1,1,1,1,9,7,67,1,N,2,19511
2,1,1,1,5,10,45,1,N,2,19033
1,6,8,2,0,6,23,1,N,2,18372
2,6,1,1,N,7,27,1,N,2,24838
1,4,1,1,3,9,69,1,N,2,16087
2,4,1,1,N,7,64,1,N,2,19197
2,1,1,1,9,7,57,1,N,2,16416
1,1,1,1,7,N,72,1,N,2,16066
1,1,1,1,2,2,70,1,N,2,19731
2,4,6,2,7,11,38,1,N,2,15108
2,6,1,2,8,5,38,1,N,2,7410
2,6,1,2,6,6,0,1,N,2,17281
2,1,1,1,N,7,17,1,N,2,13172
2,6,1,1,0,7,56,1,N,2,22239
2,1,1,2,8,7,25,1,N,2,18613
1,6,2,1,8,9,34,1,N,2,21857
2,1,1,2,N,7,36,1,N,2,21016
2,1,1,1,N,7,59,1,N,2,15353
2,4,1,1,9,N,35,1,N,2,24463
2,1,1,1,7,N,43,1,N,2,9277
2,6,7,2,9,7,29,1,N,2,20180
1,4,1,2,6,7,39,1,N,2,941
2,6,3,2,5,N,9,1,N,2,19471
2,1,1,1,3,1,82,1,N,2,17920
2,6,1,1,N,3,38,1,N,2,9645
2,1,1,1,3,7,34,1,N,2,22851
2,1,2,2,0,N,37,1,N,2,7611
1,6,1,2,9,4,8,1,4,2,22199
1,1,1,1,7,1,88,1,N,2,16752
1,1,1,2,7,8,10,1,N,2,17809
2,1,1,1,5,N,30,1,N,2,19512
1,1,1,1,9,3,40,1,N,2,19296
2,1,1,1,N,7,35,3,N,2,9276
1,6,1,1,0,7,36,1,N,2,16157
2,1,1,1,9,3,44,1,N,2,6866
2,6,2,2,1,6,21,1,N,2,16454
2,6,1,2,6,6,4,1,N,2,11408
1,1,7,2,0,5,7,1,N,2,24939
2,1,1,1,2,7,56,1,N,2,24939
2,1,1,1,9,9,41,1,N,2,25692
2,1,1,2,6,7,49,1,N,2,12740
1,1,1,1,3,5,55,1,N,2,18766
2,6,3,2,9,7,39,1,N,2,22313
2,6,2,2,3,6,19,1,N,2,22802
1,1,1,2,9,6,66,1,N,2,23859
2,1,1,1,9,9,57,1,N,2,8651
1,6,1,2,8,11,84,1,N,2,13967
1,1,1,2,4,10,67,1,N,2,12111
1,6,1,2,0,6,35,1,N,2,16259
2,1,1,2,8,6,53,1,N,2,9695
2,1,1,1,7,11,26,1,N,2,19054
2,1,8,1,0,7,22,1,N,2,18992
2,N,1,2,6,7,22,1,N,2,17754
2,6,1,1,8,7,31,1,N,2,8541
2,6,1,2,6,5,43,1,N,2,9646
1,1,1,2,9,6,0,1,N,2,26886
2,1,1,1,0,3,61,1,N,2,13559
2,6,1,1,8,7,60,3,N,1,23512
2,6,1,1,3,6,45,1,N,2,1692
1,1,1,1,6,N,21,1,N,2,16353
1,6,1,0,9,6,76,1,N,2,14495
2,1,2,1,8,6,60,1,N,2,26307
1,6,1,1,7,9,26,1,N,2,8689
2,1,1,1,8,12,45,1,N,2,5664
2,1,1,1,9,N,52,1,N,2,6224
2,1,1,1,8,N,80,1,N,2,19600
2,1,1,1,7,7,30,1,N,2,24939
2,6,1,2,1,7,71,1,N,2,23055
1,1,1,1,3,7,14,1,N,2,18102
2,1,1,1,0,5,49,1,N,2,19005
1,6,1,1,7,7,39,1,N,2,13938
1,4,1,2,9,7,49,1,N,2,19992
2,4,1,1,0,7,49,1,N,2,24607
1,1,1,1,7,7,55,1,N,2,16891
2,1,1,1,5,7,50,1,N,2,23519
2,4,1,1,9,9,3,1,N,2,25740
2,6,1,2,4,7,40,1,N,2,24187
2,1,1,1,3,6,85,1,N,2,12593
2,1,1,2,0,7,67,1,N,2,24939
2,1,1,1,8,N,20,1,N,2,27252
1,6,2,2,7,5,8,1,N,2,109
1,3,1,1,3,6,33,3,6,2,15432
1,6,2,0,4,9,60,1,N,2,19598
1,6,1,1,0,N,31,1,N,2,10120
1,1,2,1,5,9,51,1,N,2,18717
1,6,2,2,N,7,0,1,N,2,26621
1,1,1,1,8,7,89,1,N,2,22717
2,1,8,1,N,3,39,1,N,2,26606
1,1,1,1,0,7,24,1,N,2,15227
2,6,1,1,6,1,52,1,N,2,22688
1,N,1,1,N,N,53,1,N,2,20399
1,6,1,1,6,N,56,1,N,2,26676
2,1,1,1,8,11,65,1,N,2,19507
2,1,1,2,7,7,22,1,N,2,27252
2,3,1,1,5,7,77,1,N,2,9142
2,1,1,1,N,9,57,1,N,2,21187
2,1,2,1,9,N,37,1,N,2,4785
1,1,4,1,1,6,54,1,N,2,24444
2,4,3,1,6,7,80,1,N,2,17990
1,1,1,0,N,3,82,1,N,2,14290
2,N,1,1,1,7,35,1,N,2,27252
1,5,2,1,1,3,0,1,N,2,18482
1,6,2,0,6,4,16,1,N,2,18232
2,6,1,1,N,7,20,1,N,2,15144
1,6,2,1,1,4,43,1,N,2,7456
2,6,6,1,9,N,33,1,N,2,19807
2,1,1,1,8,5,65,1,N,2,22398
2,6,1,1,0,6,59,1,N,2,13677
2,1,1,1,8,7,48,1,N,2,13469
1,6,1,2,2,6,39,1,N,2,6170
1,1,1,2,7,4,85,1,N,2,18591
2,1,2,1,N,N,50,1,N,2,27252
2,1,1,1,1,7,41,1,N,2,22305
2,1,1,1,7,N,51,1,N,2,22180
2,6,2,1,0,7,29,1,N,2,15649
2,6,1,1,3,7,40,1,N,2,11033
1,1,7,1,9,6,22,1,N,2,27252
2,1,1,2,7,12,78,1,N,2,9977
1,1,1,1,N,6,15,1,N,2,18433
2,1,1,1,2,6,23,1,N,2,17024
2,1,1,1,9,7,61,1,N,2,24401
2,1,1,1,8,2,60,1,N,2,22787
1,1,1,1,0,7,47,1,N,2,22211
1,1,1,1,0,6,33,1,N,2,23854
2,1,1,1,3,N,72,1,N,2,21857
1,6,1,0,8,4,29,1,N,2,18026
1,1,8,2,0,4,68,1,1,2,14085
2,1,4,1,4,7,17,1,N,2,15170
2,6,1,1,9,N,58,1,N,2,4682
2,1,1,1,1,9,42,1,N,2,5223
2,1,1,1,7,7,59,1,N,1,20035
1,1,1,1,N,N,76,1,N,2,25776
1,1,1,1,4,9,24,1,N,2,10918
2,2,2,1,0,4,66,1,N,2,16176
2,6,1,2,1,5,9,1,N,2,16816
1,1,2,1,5,6,48,1,N,2,23183
2,6,1,1,5,5,6,1,N,2,14837
2,6,2,1,6,6,58,1,N,2,27252
1,1,1,1,7,12,41,1,N,2,7614
2,1,1,0,7,7,48,1,N,2,13916
2,6,1,1,N,N,9,1,N,2,22177
2,1,1,1,N,N,44,1,N,2,16072
1,1,1,1,5,1,12,1,N,2,18394
1,6,2,1,9,5,0,1,N,2,14895
1,1,1,1,N,3,63,1,N,2,13610
1,6,2,1,3,N,3,1,N,2,12434
2,6,1,1,9,6,0,1,N,2,20801
2,6,1,0,5,12,12,1,N,2,16849
2,6,1,2,6,5,75,1,N,2,15414
2,5,7,2,1,9,67,1,N,2,16847
1,1,1,1,N,N,64,1,N,2,21290
2,1,1,1,9,7,38,1,N,2,14194
2,1,1,1,5,7,65,1,N,2,18278
2,6,1,2,8,6,74,1,N,2,13101
2,6,1,2,2,7,30,1,N,2,17792
1,1,1,1,4,9,48,1,N,2,10614
2,1,1,1,6,5,48,1,N,2,5882
2,6,1,2,4,7,38,1,N,2,17719
1,5,1,0,1,6,39,1,N,2,1808
2,1,1,1,9,N,74,1,N,2,21249
2,6,1,2,1,7,18,1,N,2,13172
1,6,1,1,6,7,22,1,N,2,24814
1,6,1,1,1,8,43,1,N,2,20798
1,1,1,1,5,2,58,2,N,2,2512
2,1,1,1,4,9,24,1,N,2,26788
2,1,1,1,N,3,43,1,N,2,27252
2,6,4,1,8,N,17,1,N,2,16817
2,1,1,1,6,N,70,1,N,2,12010
1,6,1,0,9,6,51,1,N,2,25249
2,6,7,1,1,1,0,1,N,2,26689
1,1,1,1,9,5,80,1,N,2,13010
1,6,1,0,8,9,17,3,N,2,8276
2,1,1,0,6,6,35,1,N,2,13580
1,6,1,1,3,4,47,1,N,2,15856
2,6,1,1,N,7,29,1,N,2,13058
1,1,1,2,6,7,34,1,N,2,17593
1,6,2,2,6,7,14,1,1,2,9240
1,6,1,2,4,5,26,1,N,2,7923
2,1,2,2,2,6,27,1,N,2,13730
2,1,1,0,9,N,27,1,N,2,26453
1,1,1,2,5,6,0,1,N,2,17271
1,4,2,1,4,7,66,1,N,2,20211
2,1,1,2,0,4,34,1,N,2,12669
1,1,1,1,6,6,54,1,N,2,14649
2,4,1,1,8,7,48,1,N,2,25550
1,1,3,1,7,7,35,1,N,2,16051
2,6,1,2,8,7,43,2,N,2,7969
1,3,3,2,4,5,0,1,N,2,23532
1,6,2,1,6,9,71,1,N,2,1692
2,6,2,2,1,6,36,1,N,2,5042
2,1,1,1,N,3,48,1,N,2,14222
1,2,3,1,6,6,64,1,N,2,19366
1,1,1,2,1,3,67,1,N,2,20028
2,1,1,1,9,N,19,1,N,2,27252
1,4,1,2,2,8,64,1,N,2,24791
1,1,1,2,6,N,80,1,N,2,19148
1,1,1,1,9,7,70,1,N,2,22217
2,1,1,1,7,6,83,1,N,2,20452
2,3,1,0,6,6,83,1,N,2,17097
1,6,1,2,2,7,45,1,N,2,14892
1,6,2,1,3,7,19,1,N,2,24939
1,2,1,2,6,10,0,1,N,2,13818
2,1,2,1,1,N,4,1,N,2,27252
1,1,1,1,0,N,67,1,N,2,6785
2,6,1,1,9,7,33,1,N,2,27252
1,4,1,1,3,8,67,1,N,2,19461
2,1,1,1,8,7,42,1,N,2,3544
1,6,6,2,0,4,26,1,N,2,19883
2,1,2,2,2,7,58,1,N,2,9734
2,1,1,1,9,N,78,1,N,2,26069
2,1,1,1,N,N,55,1,N,2,7343
2,6,1,1,0,4,19,1,N,2,22139
2,1,1,0,5,7,62,1,N,2,10298
1,1,1,1,N,7,26,1,N,2,17975
2,1,1,2,8,9,65,1,N,2,26383
1,1,1,2,3,4,18,1,N,2,16916
2,6,1,1,4,11,23,1,N,2,11836
2,1,1,1,3,5,65,1,N,2,27252
1,6,2,1,7,7,71,1,N,2,16635
1,6,2,2,5,5,13,1,N,2,20722
2,1,1,1,7,7,54,1,N,2,0
2,1,1,2,0,N,54,1,N,2,10475
1,1,1,1,6,7,29,1,N,2,15156
2,1,2,2,7,7,24,1,N,2,15857
2,3,1,1,3,7,32,1,N,2,21140
1,6,1,2,6,5,28,1,N,2,7149
2,6,1,1,5,8,60,1,N,2,25548
1,1,1,2,4,5,45,1,N,2,8649
2,6,8,1,0,5,38,1,N,2,11762
2,6,2,1,N,4,18,1,N,2,24939
1,1,1,2,N,4,41,1,N,2,20183
1,1,1,1,0,7,25,1,N,2,6080
2,1,9,1,6,N,38,1,N,2,26333
2,6,1,1,0,7,63,1,N,2,13085
2,6,1,1,2,7,47,1,N,2,6897
2,1,1,1,5,7,43,1,N,2,12790
1,1,1,1,N,7,67,1,N,2,8741
2,1,1,1,8,2,50,1,N,2,10676
1,4,1,1,3,10,5,1,N,2,14402
1,6,1,1,1,12,61,1,N,2,20801
2,3,1,1,N,7,20,1,N,2,13864
1,1,1,2,3,10,59,1,N,2,5722
1,1,2,2,7,10,72,1,N,2,20549
1,1,1,1,N,3,26,1,N,2,23306
2,6,4,1,3,11,26,1,N,2,18545
1,1,2,2,8,12,87,1,N,2,18333
1,6,1,2,N,7,59,1,N,2,8538
2,6,1,1,3,3,65,1,N,2,27252
1,1,1,1,2,7,11,1,N,2,5374
2,1,1,1,3,12,39,1,N,2,20170
1,1,2,1,5,9,64,1,N,2,17423
2,1,1,2,7,8,12,1,N,2,16472
1,6,3,2,6,5,30,1,N,2,16915
2,1,1,1,7,7,21,1,N,2,24507
2,6,1,1,3,N,42,1,N,2,15899
2,6,1,2,8,6,49,1,N,2,13758
1,6,1,1,2,4,86,1,N,2,10732
1,6,1,1,1,4,17,1,N,2,26158
2,6,1,2,4,6,54,1,N,2,16687
1,6,2,1,3,7,27,1,N,2,21542
2,1,1,2,N,N,45,1,N,2,27252
2,6,5,1,1,3,33,1,N,2,4389
1,1,1,1,4,N,50,1,N,2,7229
1,1,1,1,2,2,49,1,N,2,19707
1,6,1,1,7,7,0,1,N,2,19971
1,6,1,1,0,7,55,1,N,2,14103
1,1,6,1,7,11,11,1,N,2,14070
2,6,9,2,3,7,6,1,N,2,22785
1,1,1,1,N,3,43,1,N,2,13369
2,6,1,1,7,7,27,1,N,2,13248
1,1,1,2,6,3,71,1,N,2,18756
2,3,1,1,N,N,62,1,N,2,14950
1,4,1,1,8,7,29,1,N,2,16201
1,6,2,2,7,5,1,1,N,2,27252
1,1,2,1,N,7,8,1,N,2,21718
1,1,1,2,7,7,4,1,N,2,15894
1,6,2,1,6,4,84,1,N,2,20055
1,6,1,1,0,3,38,1,N,2,23090
2,1,1,1,N,3,45,1,N,2,25292
1,6,2,1,6,6,49,1,N,2,17221
1,6,1,2,3,7,21,1,N,2,20433
2,1,1,1,5,12,44,1,N,2,20862
2,1,1,1,5,N,38,1,N,2,16474
2,6,1,2,2,7,57,2,N,2,17622
1,6,5,1,4,7,73,1,N,2,27252
2,1,1,1,8,7,54,1,N,2,20191
2,1,1,1,6,10,28,1,N,2,24571
2,1,1,1,8,3,50,1,N,2,12906
2,1,1,1,7,3,81,1,N,2,23611
2,5,1,1,8,7,71,1,N,2,11762
1,6,1,1,0,N,5,1,N,2,23305
1,3,1,1,0,7,85,1,N,2,14739
2,6,1,1,5,5,28,1,N,2,15217
2,4,1,1,6,7,21,1,N,2,6752
1,1,1,1,N,7,51,1,N,2,27252
1,1,1,1,9,7,87,1,2,2,15179
2,1,1,1,5,2,70,1,N,2,20232
1,1,1,1,2,4,38,1,N,2,17176
2,1,1,1,5,6,50,1,N,2,17435
1,1,1,1,7,6,55,1,N,2,23626
1,6,3,2,0,3,26,1,N,2,12570
1,6,2,1,2,7,28,1,N,2,16636
2,6,6,2,4,5,24,1,N,2,11518
1,3,1,1,5,4,52,1,N,2,9280
2,1,1,1,9,N,43,1,N,2,13575
1,6,2,1,2,6,26,1,N,1,12258
2,4,1,1,8,7,79,1,N,2,18926
2,1,1,1,3,6,26,1,N,2,27252
2,1,1,1,8,3,56,1,N,2,16737
1,1,1,1,5,7,41,1,N,2,23717
2,1,1,1,3,12,86,1,N,2,17241
1,1,2,0,9,N,72,1,N,2,12793
2,3,1,2,5,5,90,1,N,1,9427
2,1,1,1,3,7,64,1,N,2,27252
2,1,1,1,8,7,50,1,N,2,9289
1,1,1,1,5,2,50,1,N,2,17338
2,1,1,1,3,7,94,1,N,2,9092
2,4,2,1,1,1,26,1,N,2,8365
1,6,1,2,7,7,40,1,N,2,15329
1,1,1,1,9,6,32,1,N,2,11096
1,1,6,1,4,9,75,1,N,2,18613
2,1,1,1,9,N,53,1,N,2,18207
2,3,1,1,9,11,40,1,N,2,17031
2,4,4,1,N,N,36,1,N,2,23488
2,1,1,2,2,7,3,1,N,1,22429
1,1,1,2,8,11,69,1,N,2,19469
2,6,1,1,0,6,32,1,N,2,12597
2,1,2,2,8,6,51,1,N,2,388
2,6,1,2,7,N,40,1,N,2,12503
2,1,1,2,7,9,67,1,N,2,13922
1,1,1,1,4,11,32,1,N,2,16463
1,6,1,1,4,7,40,1,N,2,27252
2,4,6,2,9,N,29,1,N,2,10620
2,6,2,1,N,7,74,1,N,2,14411
2,1,1,1,8,6,13,1,N,2,15379
1,1,2,0,9,6,32,1,N,2,2977
1,1,1,0,6,3,51,1,N,2,25568
2,6,1,1,6,N,0,1,N,2,20317
2,1,1,1,0,N,49,1,N,2,27252
1,1,1,2,8,7,44,1,N,2,21099
1,6,1,1,3,3,0,1,N,2,13682
2,4,1,1,1,9,63,1,N,2,11694
1,3,1,2,N,5,43,1,N,2,6407
2,1,8,1,9,10,61,1,1,2,21785
1,1,1,1,7,7,60,1,N,2,25285
2,6,9,1,7,4,85,1,N,2,12575
1,3,1,1,3,7,34,1,N,2,11639
2,6,2,1,7,7,69,1,N,2,12557
1,1,2,1,0,7,51,1,N,2,8893
1,6,1,2,3,N,46,1,N,2,18312
1,1,1,2,0,3,72,1,N,2,19604
1,6,3,2,8,7,34,1,N,2,23869
2,1,1,1,5,8,62,1,N,2,18322
2,4,1,0,5,3,61,1,N,2,14901
2,6,1,2,9,7,17,1,N,2,5225
1,1,1,1,2,4,38,1,N,2,17202
1,1,1,1,2,3,41,1,N,2,24620
2,4,1,1,0,1,60,1,5,2,7165
2,1,1,1,8,7,47,1,N,2,21708
2,1,1,1,9,7,66,1,N,2,14110
2,1,1,1,7,2,65,1,N,2,11545
1,6,3,1,3,N,54,3,N,1,10471
2,1,1,1,2,3,70,1,N,2,18403
2,4,1,1,7,N,55,1,N,2,27252
1,6,2,1,6,12,44,1,N,2,12025
2,1,1,1,9,N,0,1,N,2,16461
2,3,1,1,2,3,83,1,N,2,9837
2,1,2,1,7,7,33,1,N,2,23515
2,1,1,1,1,6,35,1,N,2,24703
2,6,2,0,0,5,44,1,N,2,12553
2,1,1,1,N,7,85,1,N,2,20182
2,1,1,2,1,4,52,1,N,2,14490
1,6,1,1,6,6,44,1,N,2,19104
1,1,1,1,N,4,75,1,N,2,13337
2,1,1,1,N,7,48,1,N,2,18435
2,1,1,1,5,6,69,1,N,2,9809
2,1,1,1,6,N,0,1,N,2,24939
2,6,1,1,0,N,61,1,N,2,20555
1,1,1,1,8,5,68,1,N,2,23090
2,6,5,1,5,N,73,1,N,2,14395
1,6,3,1,8,7,73,1,N,2,1603
2,6,1,0,4,7,50,1,N,2,9563
2,1,1,1,8,7,54,1,N,2,19376
1,1,1,0,5,7,0,1,N,2,19483
2,1,1,1,4,N,62,1,N,2,23343
2,6,1,2,2,6,45,1,N,2,17527
2,6,1,2,0,6,68,1,N,2,14764
1,4,1,1,8,12,80,1,N,2,1957
2,1,1,1,5,5,55,1,N,2,25883
1,6,1,2,2,6,23,1,N,2,19042
2,6,3,2,4,7,48,1,N,2,18764
1,1,1,1,1,1,37,1,N,2,19872
1,6,4,2,0,12,42,1,N,2,23334
1,1,1,1,3,3,28,1,N,2,22399
1,1,1,1,7,6,32,1,N,2,13478
2,1,1,1,6,7,35,1,N,2,5886
2,6,2,1,6,6,22,1,N,2,22367
2,1,2,1,5,6,41,1,N,2,24428
2,1,2,2,9,N,32,1,N,2,17853
2,1,2,2,0,7,49,1,N,2,18861
1,6,1,1,0,6,0,3,N,2,11868
1,1,1,1,4,N,52,1,N,2,17894
1,6,1,1,2,6,6,1,N,2,18443
1,3,1,1,2,11,57,1,N,2,9867
1,6,1,1,2,4,49,1,N,2,19015
2,6,1,2,6,6,56,1,N,2,23161
1,1,1,1,0,2,0,1,N,2,18568
2,1,1,1,6,6,70,1,N,2,25730
1,1,1,1,N,7,31,1,N,2,18444
2,1,2,1,9,3,90,1,N,2,19860
2,6,1,1,2,3,73,1,N,2,17837
1,3,3,1,7,7,52,2,N,2,27252
1,1,3,2,1,4,73,1,N,2,8277
2,6,1,0,2,4,37,1,N,2,3723
2,6,1,2,5,8,10,1,N,2,11390
1,1,1,1,4,5,29,1,N,2,10150
1,6,1,1,0,N,49,1,N,2,16383
1,1,2,1,6,6,47,1,N,2,3121
1,6,8,2,8,1,74,1,N,2,15320
2,6,8,1,8,5,19,1,N,2,13100
2,1,1,1,0,6,68,1,N,2,388
2,6,2,2,0,N,57,1,N,2,19233
1,6,1,2,0,6,39,1,N,2,12614
2,1,1,1,N,7,53,1,N,2,17668
2,1,1,1,7,7,18,1,N,2,20362
2,6,2,1,9,6,69,1,N,2,25068
2,6,1,1,4,5,67,1,N,2,18628
2,6,1,1,7,11,9,1,N,2,21240
2,4,1,2,8,7,82,1,N,2,19362
2,6,2,1,6,7,47,1,N,2,15025
2,1,1,1,1,9,29,1,N,2,868
2,6,2,1,9,7,0,1,N,2,19471
1,1,7,1,5,10,1,1,2,2,9168
2,1,2,1,8,8,56,1,N,2,8088
2,5,1,2,8,5,30,1,N,2,10597
2,6,1,1,1,6,39,1,N,2,11689
1,1,1,1,N,N,81,1,N,2,17102
2,6,7,1,2,6,38,1,N,2,14703
1,1,3,2,4,8,12,1,N,2,17097
2,6,1,1,6,7,61,1,N,2,15380
1,1,1,2,9,6,28,1,N,2,19915
1,6,2,0,0,7,36,1,N,2,21338
1,3,1,2,6,9,50,1,N,2,20000
2,1,1,1,4,7,2,1,N,2,23071
1,6,5,2,5,8,57,1,N,2,20569
2,1,1,1,7,12,64,1,N,2,1933
2,1,1,1,N,3,52,1,N,2,23610
2,1,1,1,6,11,60,1,N,2,18083
1,1,3,1,8,5,35,1,N,2,15538
1,1,1,1,5,N,75,1,N,2,1546
1,6,1,1,5,7,50,1,N,2,15546
1,1,1,1,8,6,59,1,N,2,4113
2,N,1,1,8,3,69,1,N,2,4993
1,1,1,1,9,7,10,1,N,2,22391
2,3,1,1,0,5,29,1,N,2,16470
1,3,2,2,7,4,66,1,N,2,21172
2,1,1,2,8,N,18,1,N,2,24939
2,1,1,2,N,7,38,1,N,2,14171
1,N,1,2,N,7,66,1,N,2,9763
2,6,1,1,7,N,43,1,N,2,1981
1,1,1,1,5,7,56,1,N,2,27252
2,1,1,2,5,12,21,1,N,2,13161
2,6,1,2,3,7,27,1,N,2,24939
1,1,1,2,3,7,63,1,N,2,19189
1,6,2,2,9,7,0,1,N,2,13446
1,1,1,1,N,7,73,1,N,2,27252
2,1,1,1,9,10,81,1,N,2,17734
2,1,1,2,0,1,67,1,N,2,20459
1,4,6,2,9,5,16,1,N,2,17765
1,6,1,2,3,7,20,1,N,2,4805
2,1,1,1,1,8,42,1,N,2,9254
2,1,3,1,6,9,40,1,N,2,14200
2,1,1,1,N,N,66,1,N,2,16484
1,1,1,2,5,N,73,1,N,2,6858
2,6,1,2,9,7,67,1,N,2,15814
2,1,1,1,9,7,17,1,N,2,23308
2,1,1,1,N,N,54,1,N,2,21759
2,1,1,1,0,7,38,1,N,2,19978
2,N,1,1,1,7,53,1,N,2,11312
2,6,2,1,4,7,31,1,N,2,18500
2,1,1,1,2,6,5,1,N,2,16255
2,6,2,2,9,5,10,1,N,2,12515
2,6,1,1,6,6,65,1,N,2,23248
1,1,8,1,5,1,47,1,N,2,16252
2,6,6,1,4,7,53,1,N,2,20731
2,1,1,1,2,7,35,1,N,2,7346
1,1,6,1,6,10,41,1,N,2,18693
2,6,1,1,1,7,20,1,N,2,11768
1,1,1,0,N,2,59,1,N,2,22249
1,1,1,1,N,N,66,1,N,2,24770
1,6,1,1,5,5,52,1,N,2,7741
2,6,1,1,7,7,39,1,N,2,17536
1,1,1,2,9,7,25,1,N,2,22674
1,6,1,1,4,3,34,1,N,2,10115
2,6,1,1,0,8,46,1,N,2,16117
2,6,3,1,2,7,55,1,N,2,8038
1,1,1,1,6,N,68,1,N,2,0
2,1,1,2,4,10,20,1,N,2,19016
2,1,1,1,7,N,72,1,N,2,14091
2,6,1,2,6,7,55,1,N,2,12261
1,6,1,2,1,6,25,1,N,2,14172
2,6,1,1,2,6,33,1,N,2,17211
1,1,1,1,N,7,43,1,N,2,14293
2,1,1,2,5,7,26,1,N,2,22402
2,6,2,1,3,7,38,1,N,2,16979
1,6,1,1,6,7,21,1,N,2,23604
1,1,2,1,3,7,30,1,N,2,26054
2,6,2,2,0,5,12,2,N,2,14645
2,1,1,1,N,N,88,1,N,2,20959
2,6,3,1,4,4,41,1,N,1,4191
1,6,1,2,4,7,12,1,N,2,18602
2,6,1,0,5,4,37,1,N,2,14313
2,1,1,2,0,5,52,1,N,2,22634
1,1,1,1,N,9,63,1,N,2,15635
1,1,1,1,N,N,95,1,N,2,16025
2,1,1,2,0,7,26,1,N,2,17651
1,1,1,1,5,3,48,1,N,2,8736
1,6,2,2,0,5,9,3,4,2,22830
2,6,2,2,8,6,49,1,N,2,21740
1,6,2,2,8,7,47,1,N,2,1715
1,1,1,2,N,7,27,1,N,2,22848
1,1,1,1,5,6,36,1,N,2,7114
2,6,1,1,5,9,53,1,N,2,9092
2,3,1,1,1,3,56,3,N,2,27252
1,6,1,2,0,8,17,1,N,2,16263
1,6,2,0,N,7,18,1,N,2,18938
2,6,2,2,1,5,18,1,N,2,13798
2,1,1,1,N,N,48,1,N,2,27252
1,1,1,1,2,9,70,1,N,2,21759
1,6,2,2,0,7,75,1,N,2,24543
2,6,1,2,9,N,86,1,N,2,0
1,1,1,0,9,N,62,1,N,2,27252
1,6,2,2,0,9,28,1,N,2,17096
2,6,1,1,9,N,44,1,N,2,13576
1,1,1,0,0,6,56,1,N,2,15822
1,1,1,1,8,7,45,1,N,2,27252
1,6,1,1,9,7,42,1,N,2,14201
2,1,9,2,2,7,38,1,N,2,24939
2,1,1,2,9,N,66,1,N,2,12939
2,5,4,1,8,7,37,1,N,2,12945
2,1,1,1,8,N,51,1,N,2,12460
2,5,2,2,0,6,4,2,N,2,15572
1,1,1,2,9,8,27,1,N,2,18632
1,1,1,2,N,N,75,1,N,2,24207
2,6,1,2,0,7,60,1,N,2,16642
1,1,1,1,4,7,48,1,N,2,20505
1,6,1,2,5,8,39,1,N,2,11473
1,6,1,2,N,4,12,1,N,2,2873
2,1,8,1,9,3,9,1,N,2,23830
1,6,1,2,6,4,58,1,N,2,17061
2,6,1,1,N,7,43,1,N,2,18596
2,6,1,1,5,2,41,1,N,2,15320
2,1,1,2,6,7,56,1,N,2,25994
2,6,1,1,1,6,48,1,N,2,16292
2,1,1,1,2,7,76,1,N,2,22872
2,6,1,1,9,2,71,1,N,2,22949
1,6,2,2,3,7,11,1,N,1,15756
1,6,2,1,2,6,85,1,N,2,2475
1,6,1,1,2,6,51,1,N,2,16828
1,1,2,1,8,9,40,1,N,2,17200
1,1,1,1,3,5,80,1,N,2,15030
2,1,2,1,4,5,74,1,N,2,12632
2,6,1,1,7,7,30,1,N,2,27252
2,1,2,1,8,N,25,1,N,2,7995
2,6,1,1,2,12,84,1,N,2,4455
2,4,7,1,2,7,13,1,N,2,10850
2,6,1,2,9,5,34,1,N,2,15694
1,6,1,1,0,11,18,1,2,2,3796
1,6,1,1,1,9,68,1,N,2,15801
1,1,8,1,9,N,9,1,N,2,23665
1,1,1,1,9,N,49,1,N,2,25761
1,1,1,1,7,N,54,1,N,2,6961
2,4,1,1,6,7,0,1,N,2,27252
2,1,1,1,7,12,60,1,N,2,5453
1,2,6,0,2,7,0,1,N,2,27252
2,1,1,1,9,12,62,1,N,2,19997
2,1,1,1,N,6,46,1,N,2,17953
2,1,5,2,1,6,70,1,N,2,9075
2,6,6,1,7,7,63,1,N,2,23538
1,1,1,1,N,3,77,1,N,2,23170
1,1,2,1,9,9,47,1,N,2,23179
2,1,1,1,N,12,79,1,N,2,20765
2,6,1,2,8,7,22,1,N,2,13216
2,1,1,1,N,N,95,1,N,2,6995
2,4,1,1,8,7,74,1,N,2,12836
2,1,1,1,9,N,35,1,N,2,18764
1,6,1,1,9,N,36,1,N,2,16477
1,6,1,2,1,9,36,1,N,2,616
2,6,6,2,0,7,55,1,N,2,13053
2,6,8,1,2,N,39,1,N,2,12530
1,6,1,2,0,7,37,1,N,2,14283
2,6,2,2,2,2,53,1,N,2,23189
2,1,1,0,3,7,72,1,N,2,8017
1,6,1,1,N,7,30,1,N,2,26633
1,6,1,1,3,11,40,1,N,2,19077
2,4,1,2,N,7,71,3,N,2,14345
2,6,4,1,4,7,55,1,N,2,12119
2,1,5,2,N,7,55,1,N,2,8825
2,6,1,0,0,6,59,1,N,2,1998
2,1,1,2,9,7,78,1,N,2,10531
2,6,1,1,3,8,32,1,N,2,12861
1,6,1,2,9,7,30,1,N,2,21768
2,6,1,1,9,N,35,1,N,2,9242
1,1,1,1,8,3,14,1,N,2,17875
1,6,2,2,2,3,56,1,N,2,16455
2,6,1,1,N,7,42,1,N,2,17937
2,1,1,2,0,6,36,1,N,2,27252
1,6,1,2,2,5,0,1,N,2,20134
1,6,1,1,4,7,62,1,N,2,15885
1,6,1,2,7,6,36,1,N,2,5813
2,6,5,1,7,7,25,1,N,2,20500
2,4,2,1,0,3,78,1,N,2,17070
1,6,1,1,0,9,39,1,N,2,19934
2,1,1,2,N,7,11,1,N,2,21855
2,1,1,2,9,7,40,1,N,2,17949
2,6,8,1,9,7,19,1,N,2,15912
2,6,1,2,9,7,78,1,1,2,27252
1,4,1,1,8,9,15,1,N,2,22514
2,1,1,2,6,2,91,1,N,2,9426
1,1,1,2,2,7,35,1,N,2,27252
1,1,1,2,4,7,53,1,N,2,24937
1,6,1,0,2,7,64,1,N,2,11844
2,1,1,1,8,5,17,1,N,2,23116
1,1,1,1,6,7,50,1,N,2,8588
2,6,1,2,3,6,36,1,N,2,19422
1,1,1,1,4,7,46,2,N,2,14085
1,1,1,1,0,7,86,1,N,2,12337
2,6,1,2,3,3,15,1,N,2,14157
2,1,1,1,6,9,36,1,N,2,24893
1,3,2,1,9,7,23,1,N,2,26519
2,1,1,1,9,7,54,2,N,2,11967
2,4,1,1,8,3,81,1,N,2,5867
1,1,1,1,4,7,55,1,N,2,15576
1,1,1,1,N,7,32,1,N,2,27252
2,6,1,2,0,4,33,1,N,2,4561
2,1,1,2,0,3,47,1,N,2,18918
1,6,1,1,3,3,24,1,N,2,25965
2,1,1,1,N,N,61,1,N,2,14592
2,1,5,1,6,9,50,1,N,2,22301
2,4,1,1,N,7,21,1,N,2,24813
2,6,2,1,4,7,34,1,N,2,27252
1,1,1,1,N,7,82,1,N,2,20749
2,1,1,1,0,9,21,1,N,2,4969
2,1,1,1,3,12,51,1,N,2,12073
2,1,1,2,9,10,49,1,N,2,21046
2,6,5,2,1,4,0,1,N,2,20013
2,6,8,2,6,3,20,1,N,2,22886
2,6,1,1,0,7,11,1,N,2,20906
2,3,1,2,N,7,9,1,N,2,15865
2,1,1,1,8,8,63,1,N,2,11685
2,1,1,2,7,7,36,1,N,2,9198
2,6,1,1,3,5,33,1,N,2,14945
2,4,1,2,0,6,74,1,N,2,4865
1,6,2,2,0,6,56,1,N,2,10332
2,1,1,2,4,6,46,1,N,2,20315
1,6,1,1,6,11,73,1,N,2,16580
2,6,1,1,9,7,71,1,N,2,16198
1,6,2,0,0,10,58,1,N,2,26815
1,1,1,2,6,7,27,1,N,2,10044
1,5,1,1,3,7,24,1,N,2,20319
1,1,1,1,5,7,16,1,N,2,27252
2,1,6,1,N,7,52,1,N,2,20235
2,1,2,1,0,8,79,1,N,2,6958
1,1,1,1,9,N,48,1,N,2,9427
2,6,2,2,2,5,6,1,N,2,16371
2,1,1,1,5,8,58,1,N,2,13565
2,3,1,1,0,6,93,1,N,2,10135
2,6,2,2,6,6,30,1,N,2,13649
2,6,1,2,0,6,0,1,N,2,27252
2,6,1,1,6,7,24,1,N,2,23257
2,1,1,1,6,7,80,1,N,2,17574
2,3,1,2,1,7,1,1,N,2,27252
2,3,1,1,9,7,53,1,N,2,19568
2,1,2,2,0,4,53,1,N,1,22412
2,4,6,1,5,11,27,1,N,2,11190
2,1,1,2,1,5,53,1,N,2,7254
2,1,6,1,4,9,0,1,N,2,16843
2,4,1,1,3,5,47,1,N,2,15463
1,1,1,1,7,5,67,1,N,2,22690
2,3,2,1,3,7,50,1,N,2,23732
1,4,2,1,8,5,33,1,N,2,6128
2,1,1,2,7,6,57,1,N,2,19560
1,2,1,1,7,10,52,1,N,2,7120
2,1,1,2,4,6,2,1,N,2,10260
1,1,1,1,0,9,38,1,N,2,12288
1,4,1,1,9,N,27,1,N,2,14823
2,1,7,1,0,8,24,1,N,2,10686
2,6,1,2,8,7,80,1,N,2,15012
1,6,1,1,7,7,17,1,N,2,16978
2,5,1,1,8,9,34,1,N,2,15228
2,1,2,1,2,4,47,1,N,2,14274
2,1,1,2,2,7,67,1,N,2,10294
1,1,1,1,9,7,45,1,N,2,22578
1,6,1,2,N,7,52,1,N,2,17311
2,6,1,2,3,11,26,1,N,2,18037
2,1,1,1,8,7,69,1,N,2,20397
2,6,2,2,3,4,32,1,N,2,6921
1,1,1,1,0,4,64,1,N,2,21134
2,6,1,1,4,9,51,1,N,2,21232
1,6,1,1,7,7,23,1,N,2,17791
1,1,1,2,0,9,48,1,N,2,11988
2,1,1,1,8,7,60,1,N,2,10791
1,6,1,1,9,7,29,1,N,2,26997
2,1,8,1,8,6,61,1,N,2,17077
2,6,1,1,8,9,1,1,N,2,20765
1,1,1,1,9,7,61,1,N,2,16754
1,1,1,1,N,7,37,1,N,2,27081
2,1,1,1,8,N,80,1,N,2,18342
2,6,1,1,9,7,45,1,N,2,21368
2,1,1,1,N,2,70,1,N,2,7732
2,4,1,2,3,8,46,1,N,2,15307
1,6,1,2,2,11,53,1,N,2,9749
1,1,1,1,9,7,59,1,N,2,21981
2,6,2,2,6,N,37,1,1,2,16970
1,1,3,1,N,7,81,1,N,2,17625
2,1,1,1,7,9,24,1,N,2,27252
2,1,1,1,6,3,88,1,N,2,10892
2,4,1,1,5,9,36,1,N,2,19560
2,1,1,1,2,7,30,1,N,2,1709
2,6,2,1,N,4,76,1,N,2,14921
2,3,1,1,6,7,48,1,N,2,22821
1,6,2,2,N,6,57,1,N,2,18125
2,6,1,1,0,7,40,1,N,2,21257
2,1,1,1,N,7,50,1,N,2,17873
2,1,1,1,N,2,64,1,N,2,16693
2,6,2,2,9,5,29,1,N,2,12497
1,6,1,1,8,6,5,1,N,2,7489
2,1,1,1,N,N,50,1,N,2,23667
1,1,1,1,7,9,7,1,N,2,24424
2,6,2,1,N,7,86,1,N,2,12484
2,1,1,2,4,5,53,1,N,2,24939
2,6,1,2,8,3,75,1,N,2,12042
1,1,6,1,5,6,53,1,N,2,18156
2,1,1,2,2,7,70,1,N,2,16150
1,6,1,1,0,N,42,1,N,2,27252
1,2,1,1,6,7,4,1,N,2,17204
2,4,2,2,4,5,66,1,N,2,9427
1,1,2,2,9,N,43,1,N,2,24706
1,6,2,1,2,N,52,1,N,2,16145
2,1,3,1,N,N,46,1,N,2,11733
2,1,1,1,6,N,44,1,N,2,16972
2,1,1,1,1,11,57,1,N,2,14207
1,6,2,1,2,6,24,1,N,2,21775
1,1,1,1,1,5,41,1,N,2,13153
1,1,5,1,9,6,30,1,N,2,16787
1,1,1,1,0,6,0,1,N,2,16032
2,1,1,1,9,9,62,1,N,2,19563
2,1,1,1,N,4,50,2,N,2,18270
1,3,4,1,8,7,42,1,N,2,19201
1,4,1,2,9,7,46,2,N,2,14586
2,1,1,2,7,9,28,1,N,2,9977
1,6,1,1,4,8,48,1,N,2,12570
1,6,2,1,4,N,30,1,N,2,8725
2,3,1,1,5,1,11,1,N,2,19054
1,4,1,1,4,N,50,1,N,2,14686
2,6,2,1,2,7,36,1,N,2,20842
2,6,1,1,3,N,60,1,N,2,16517
2,1,2,1,8,1,77,1,N,2,12945
2,1,4,2,6,7,63,1,N,2,21238
2,6,1,0,9,7,34,1,N,2,21995
2,1,1,1,8,5,64,1,N,2,14316
2,6,1,0,0,12,70,1,N,2,13311
1,4,1,1,2,10,6,1,N,2,6449
2,1,2,1,5,5,14,1,N,2,27252
2,6,2,2,5,3,20,1,N,2,16872
1,3,1,1,9,7,63,1,N,2,13163
1,6,1,1,2,8,4,1,N,2,19526
1,6,2,2,4,7,7,1,N,2,21198
2,6,9,2,2,6,44,1,N,2,15965
1,1,1,1,N,3,51,1,N,2,16843
2,6,1,1,2,5,50,1,N,2,18299
1,5,2,2,9,7,80,1,N,2,10932
2,1,1,1,9,6,36,1,N,2,4961
2,6,1,2,7,6,45,1,N,2,9427
2,3,1,1,0,8,55,1,N,2,6265
1,6,1,2,4,9,36,1,N,2,6242
1,6,2,1,6,7,4,1,N,2,16411
1,1,2,1,1,5,32,1,N,2,25723
2,1,1,1,0,9,10,1,N,2,3816
2,1,1,2,9,N,20,1,N,2,10405
2,1,5,1,9,7,0,1,N,2,25256
2,1,1,1,5,6,67,1,N,2,20612
2,6,2,2,5,4,32,1,N,2,10444
2,6,2,2,6,6,21,1,N,2,14582
2,6,1,1,9,7,56,1,N,2,7841
1,1,1,0,1,N,62,1,N,2,15842
2,1,1,1,4,5,61,1,N,2,10702
1,6,3,2,6,7,6,1,N,2,17774
2,6,1,1,7,7,0,1,N,2,24264
1,1,1,1,N,3,60,1,N,2,18679
1,1,1,1,9,5,74,1,N,2,15254
2,1,2,1,9,7,43,1,N,2,16158
2,1,1,1,N,3,40,1,N,2,18234
2,4,1,2,0,4,63,1,N,2,20903
1,1,1,1,0,7,86,1,N,2,6435
1,1,1,2,6,5,27,1,N,2,13378
2,1,2,1,6,N,21,1,N,2,26444
2,2,1,2,N,7,38,1,N,2,6998
2,4,1,1,6,6,72,1,N,2,7586
1,1,7,1,5,4,72,1,N,2,5388
1,6,3,2,0,3,3,1,N,2,22938
2,4,1,1,8,6,78,1,N,2,2902
2,6,2,1,0,1,49,1,N,2,10068
2,6,1,2,3,7,74,1,N,2,11548
2,6,1,2,0,6,12,1,N,2,8890
2,1,1,1,8,N,38,1,N,2,11419
2,6,2,0,9,4,63,1,N,2,23432
1,1,1,1,0,7,23,1,N,2,15954
1,1,1,1,5,3,13,1,N,2,22962
2,1,1,2,3,7,28,1,N,1,20573
2,1,1,1,8,3,78,1,N,2,4060
1,3,1,2,0,5,69,1,N,2,20435
2,1,1,1,2,7,58,1,N,2,13232
2,1,1,1,9,7,73,1,N,2,11466
1,6,5,2,9,9,0,1,N,2,15253
2,5,1,1,3,7,13,1,N,2,15736
1,6,1,1,8,N,38,1,N,2,5900
2,1,6,1,3,7,93,1,N,2,16488
1,6,1,1,1,5,44,1,N,2,20674
1,2,1,2,0,4,34,1,N,2,16598
2,6,2,1,9,7,34,1,N,2,15252
2,6,1,1,4,5,81,1,N,2,19389
2,6,2,1,7,7,36,1,N,2,14039
1,6,2,2,0,7,53,1,N,2,22046
2,1,1,1,9,7,35,1,N,2,5329
2,1,1,2,3,7,37,1,N,2,11096
1,6,1,1,1,8,29,1,N,2,24817
2,1,1,1,9,11,65,1,N,2,21513
1,6,2,2,3,6,0,1,N,2,16086
2,1,2,2,0,7,37,1,N,2,26195
1,6,1,1,4,2,51,1,N,2,13205
1,1,1,0,7,9,54,1,N,2,6812
2,1,1,1,2,6,11,2,N,2,16911
1,1,1,0,3,N,52,1,N,2,7581
1,6,1,0,0,8,0,1,N,2,23534
1,4,1,1,3,6,82,1,N,2,26390
1,6,1,1,5,7,0,1,N,2,27252
1,1,1,1,8,2,84,1,N,2,5231
2,1,1,1,N,7,73,1,N,2,17252
2,6,1,1,8,7,7,1,N,2,13513
1,1,1,1,N,7,25,1,N,2,20797
2,6,1,1,5,7,33,1,N,2,22446
1,6,9,1,1,5,19,1,N,2,10200
2,6,1,1,6,7,69,1,N,2,6140
2,3,1,2,4,6,11,1,N,2,7457
2,4,1,1,9,7,38,1,N,2,20226
2,4,1,2,0,7,38,1,N,2,14824
2,1,1,1,3,7,23,1,N,2,21794
1,1,1,1,N,N,90,1,N,2,11127
2,6,1,1,1,3,49,1,N,2,13435
2,5,2,1,0,7,67,1,N,2,8491
2,1,1,1,5,9,58,1,N,1,20305
1,1,2,1,7,7,17,1,N,2,11432
2,6,1,1,7,7,0,1,N,2,21392
2,1,1,1,8,N,42,1,N,2,23224
2,6,1,1,9,6,58,1,N,2,5360
2,3,1,2,9,3,63,1,N,2,15563
1,6,1,1,N,7,68,1,N,2,20820
2,1,1,2,N,7,71,1,N,2,17407
2,6,1,2,5,5,37,1,N,2,17088
1,6,1,1,5,6,10,1,N,2,25644
2,6,1,2,7,9,8,1,N,2,2919
1,6,2,2,5,5,0,1,N,2,16041
2,6,1,1,4,7,42,1,N,2,9808
1,4,1,1,8,N,60,1,N,2,17879
2,1,1,1,8,7,79,1,N,2,19203
1,1,1,1,N,7,31,1,N,2,27252
2,1,1,2,N,N,22,1,N,2,23309
1,1,1,1,N,7,47,1,N,2,19837
2,6,1,1,6,6,23,1,N,2,8980
2,4,1,2,5,5,42,1,N,2,14999
2,1,1,1,1,5,61,1,N,2,9375
1,6,6,2,6,7,5,1,N,2,18614
2,1,2,1,9,N,48,1,N,2,14707
1,1,2,1,1,5,19,1,N,2,19446
2,6,2,2,2,6,36,1,N,2,1857
2,1,2,1,9,N,51,1,N,2,27252
2,1,1,1,9,11,49,1,N,2,7893
2,1,1,1,4,7,45,1,N,2,18075
2,1,1,0,8,7,32,1,N,2,11875
2,1,1,1,N,N,49,1,N,2,17063
1,1,1,0,8,6,35,1,N,2,18283
1,6,6,1,3,9,39,1,N,2,20827
2,6,1,1,0,7,70,1,N,2,3723
2,1,1,1,7,7,46,1,N,2,16566
1,1,1,1,7,7,0,1,N,2,22653
2,1,1,1,N,7,44,1,N,2,20271
2,1,1,1,3,7,45,1,N,2,2973
2,1,3,1,5,7,66,1,N,2,22637
2,6,1,1,5,N,25,3,N,2,18454
2,1,1,1,3,7,95,1,N,2,24122
1,6,3,1,7,N,50,1,N,2,8964
2,1,1,1,8,N,25,1,N,2,21107
1,1,1,1,N,N,81,1,N,2,15717
2,1,1,1,6,7,55,1,N,2,20789
1,6,2,2,0,6,26,2,N,2,11888
2,6,1,2,9,N,0,1,N,2,21728
2,1,1,1,8,N,68,1,N,2,15128
1,1,2,1,4,N,70,1,N,2,15938
2,1,1,1,N,3,79,1,N,2,18892
2,1,1,1,0,7,24,1,N,2,13675
2,6,1,1,9,7,6,1,N,2,7559
2,1,1,1,7,6,49,1,N,2,11539
2,5,1,2,5,6,62,1,N,2,23439
2,1,1,1,8,7,29,1,N,2,22436
2,1,1,2,2,6,35,1,N,1,12258
2,6,1,2,3,6,27,1,N,2,9445
1,1,1,1,3,10,77,1,N,2,20224
2,6,2,2,5,6,15,1,N,2,14348
2,1,5,1,0,4,83,1,N,2,19094
1,1,2,1,9,11,35,1,N,2,7715
1,1,2,1,0,7,13,1,N,2,20233
2,6,6,1,0,7,4,1,N,2,20736
1,1,1,1,2,N,79,3,N,2,25096
2,6,2,1,9,5,24,1,N,2,0
1,1,1,2,8,5,17,1,N,2,19925
2,1,1,1,8,4,59,1,N,2,12299
1,1,8,1,3,7,68,1,N,2,19321
2,4,1,1,0,12,60,1,N,2,16411
1,1,1,1,N,7,49,1,N,2,21580
2,1,1,1,4,6,47,1,N,2,27252
1,1,3,2,2,8,71,1,N,2,12459
2,6,1,1,8,N,52,1,N,2,14212
2,6,1,2,0,10,3,1,N,2,21374
2,1,1,2,4,6,45,1,N,2,25082
1,1,1,1,6,6,34,1,N,2,19132
2,1,1,1,6,3,53,1,N,2,16884
1,4,1,1,4,7,39,1,N,2,19348
2,1,1,1,4,8,66,1,N,2,18604
2,3,1,1,9,4,40,1,N,2,17746
2,6,1,1,N,4,63,1,1,2,454
2,1,1,1,0,9,52,1,N,2,0
2,4,1,2,9,3,49,1,N,2,23715
2,1,1,1,2,12,72,1,N,2,4083
1,1,1,1,8,7,70,1,N,2,24
2,1,1,2,9,5,47,1,N,2,17238
1,6,1,2,4,7,26,1,N,2,12153
1,1,1,1,N,N,85,1,N,2,7819
2,4,1,1,N,N,64,1,N,2,20267
1,6,1,1,0,3,77,1,N,2,14459
2,6,1,1,6,4,33,1,N,2,5953
1,1,1,1,9,2,71,1,N,2,2280
1,1,1,1,4,5,46,1,N,2,10867
2,6,1,2,0,7,12,1,N,2,21129
2,3,1,1,1,3,49,1,N,2,19904
2,1,1,1,9,5,50,1,N,2,14539
1,N,1,1,9,N,32,1,N,2,23355
1,6,1,0,N,N,34,1,N,2,21685
1,1,1,1,7,N,53,1,N,2,27252
1,6,1,1,5,6,31,1,N,2,11891
2,6,2,1,2,5,60,1,N,2,24244
2,1,1,2,7,7,92,1,N,2,0
1,1,1,1,8,N,72,1,N,2,11837
2,1,1,1,2,N,12,1,N,2,20750
2,1,1,1,N,3,44,1,N,2,15174
1,1,1,1,9,6,58,1,N,2,21349
2,6,1,2,N,7,18,1,N,2,18660
2,1,1,1,8,N,22,1,N,2,27252
1,1,1,1,6,12,56,1,N,2,9186
1,1,1,1,7,7,81,1,N,2,15928
2,4,3,0,9,6,19,1,5,2,15623
1,6,1,2,N,7,52,1,N,2,18365
1,6,1,1,9,7,50,1,N,2,18898
2,1,1,1,0,10,38,1,N,2,1841
2,1,1,1,8,10,48,1,N,2,19313
2,1,1,1,3,7,9,1,N,2,10795
1,1,1,1,4,5,41,1,N,2,10944
1,6,1,1,1,7,53,1,N,2,5989
1,6,1,1,0,N,61,1,N,2,9427
2,1,1,1,6,7,35,1,N,2,24356
1,1,1,2,9,7,23,1,N,2,24980
1,1,1,1,4,N,52,1,N,2,23273
2,6,1,1,N,3,32,1,N,2,22338
2,6,1,2,6,4,66,1,N,2,17583
1,1,1,1,5,12,87,1,N,2,23760
1,1,1,1,N,7,30,1,N,2,15419
2,1,2,1,0,11,50,1,N,2,19657
1,1,1,2,N,N,61,1,N,2,21120
1,6,1,1,N,N,47,1,N,2,14034
2,1,1,1,6,5,31,1,N,2,16286
2,4,1,1,4,N,81,1,N,2,15764
2,1,1,1,8,N,4,1,N,2,20870
1,1,1,1,5,11,71,1,N,2,12816
2,1,1,2,3,7,74,1,N,2,4068
2,N,1,1,4,9,72,1,N,2,27252
2,6,7,2,3,2,76,2,N,2,10681
2,6,8,1,2,7,34,1,N,2,15548
2,6,1,1,N,3,63,1,N,2,2166
1,5,3,1,7,7,71,1,N,2,19698
2,6,7,1,0,6,32,1,N,2,20370
1,6,3,2,8,6,93,1,N,2,1692
1,1,1,1,3,5,54,1,N,2,1692
2,1,1,1,9,3,53,1,N,2,25300
1,6,2,2,9,6,82,1,N,2,639
2,1,2,2,9,7,59,1,N,2,8169
2,1,1,1,9,6,63,1,N,2,19898
2,3,1,1,4,3,46,1,N,2,17051
2,N,1,2,0,5,19,1,N,2,13227
2,1,1,2,5,7,76,1,N,2,19576
1,1,3,1,0,7,60,1,N,2,16012
1,6,1,1,4,5,4,1,N,2,8634
1,1,1,1,0,2,65,1,N,1,8741
1,4,1,1,7,9,50,1,N,2,27252
1,6,2,2,4,5,19,1,N,2,16662
2,6,1,2,0,7,74,1,N,2,7900
2,6,1,1,3,6,1,1,N,2,13754
2,6,1,1,7,7,46,1,N,2,15861
1,1,1,0,9,3,34,1,N,2,25109
2,6,2,1,4,11,50,1,2,2,19480
2,6,2,2,3,7,58,1,N,2,13161
2,1,1,1,9,12,81,1,N,2,25997
1,1,1,1,6,6,46,1,N,2,24581
2,6,2,1,3,10,38,1,N,2,0
2,1,1,1,6,6,37,1,N,2,19261
2,N,8,1,0,7,57,1,N,2,21102
2,1,1,1,N,7,73,1,N,2,19260
2,1,3,1,2,7,79,1,N,2,0
2,6,1,2,4,7,18,1,N,2,11118
1,6,1,2,N,7,25,1,N,2,23523
2,N,3,1,4,8,45,1,N,2,24586
1,6,1,1,2,7,11,1,N,2,26415
2,1,1,1,2,5,65,1,N,2,979
2,6,2,2,0,7,10,1,N,2,20332
1,1,1,1,2,5,78,1,N,2,9427
2,6,8,2,3,6,95,3,N,2,7022
1,1,1,1,9,N,46,1,N,2,14618
1,6,1,1,7,7,42,1,N,2,19320
2,1,2,1,N,7,85,1,N,2,10795
1,1,1,1,5,6,9,1,N,2,19190
1,6,1,1,5,9,36,1,N,2,16108
1,N,1,1,6,7,40,1,N,2,26247
1,3,1,1,7,7,24,1,N,2,24532
1,1,8,2,3,7,57,1,N,2,12426
1,6,8,1,5,5,20,1,N,2,25428
2,6,1,1,7,7,74,1,N,2,13383
2,1,2,1,9,7,50,1,N,2,2076
2,1,1,1,7,10,33,1,N,2,23630
2,6,1,1,N,N,28,1,N,2,24610
2,1,1,1,6,7,72,1,N,2,14974
1,6,1,1,7,5,18,1,N,2,19129
1,1,1,0,2,N,14,1,N,2,15162
1,1,1,1,9,7,78,1,N,2,17025
1,1,2,1,9,10,83,1,N,2,14824
1,6,1,1,7,7,36,1,N,2,7597
1,1,1,1,7,N,47,1,N,2,16327
2,1,1,1,8,10,79,1,N,2,17130
2,1,1,1,8,7,46,1,N,2,20476
1,N,1,1,2,12,42,1,N,2,13556
2,1,1,1,3,6,10,1,N,2,15299
1,6,1,1,5,3,33,1,N,2,19445
1,1,1,1,8,2,52,1,N,2,12974
1,4,9,1,5,2,52,1,N,2,9240
2,1,1,1,6,9,10,1,6,2,21281
1,1,1,1,3,11,27,1,N,2,27252
2,1,2,2,8,N,54,1,N,2,8788
2,1,2,1,2,11,13,1,N,2,5846
2,1,1,1,4,N,15,1,N,2,16494
2,6,1,2,0,5,0,1,N,2,19548
1,6,1,1,1,10,16,1,N,2,4478
2,6,1,0,0,3,13,1,N,2,8718
2,1,8,0,9,7,40,1,N,2,25466
1,6,3,1,0,10,31,1,N,2,14555
2,1,1,1,N,N,65,1,N,2,19951
1,1,1,2,9,12,64,1,N,2,8447
2,1,1,1,6,3,34,1,N,2,19080
2,1,1,1,9,7,39,1,N,2,16843
1,6,1,2,6,4,58,1,N,2,9873
2,1,1,1,8,7,30,1,N,2,23258
2,1,1,1,5,7,46,1,N,2,7757
1,1,2,1,8,7,24,1,N,2,18352
2,6,2,2,N,6,24,1,N,2,10846
2,1,1,1,N,3,71,1,N,2,19570
2,1,1,2,2,3,36,1,N,2,20872
2,6,1,2,4,6,73,1,N,2,23271
1,6,1,1,0,N,61,1,N,2,8886
2,1,2,1,0,7,36,1,N,2,11707
2,1,1,2,9,7,51,1,N,2,20214
1,1,1,1,2,11,40,1,N,2,21830
2,2,1,1,5,9,93,1,N,2,18119
1,6,3,1,6,11,22,1,N,2,12703
2,1,1,2,1,10,50,1,N,2,22730
1,6,2,2,3,4,78,1,N,2,7899
2,1,1,2,5,9,57,1,N,2,7264
1,6,1,1,N,7,38,1,N,2,20149
1,3,1,1,8,11,67,1,N,2,16965
2,1,1,1,4,11,49,1,N,2,16830
2,6,1,1,9,7,38,1,N,2,24939
1,4,2,1,2,6,49,1,N,2,10237
1,1,1,1,6,7,46,1,N,2,20555
2,1,1,1,5,7,82,1,N,2,10638
1,6,1,1,8,9,0,1,N,2,20587
1,6,1,2,N,7,77,1,N,2,11101
1,4,1,2,2,2,11,1,N,2,6611
2,1,1,1,N,3,57,1,N,2,26643
1,4,1,2,6,N,6,1,N,2,15126
1,1,1,2,N,7,51,1,N,2,16724
2,4,1,1,6,N,28,1,N,2,21567
2,1,1,1,N,7,82,1,N,2,10177
1,1,1,1,9,N,35,1,N,2,13923
2,6,1,1,4,6,60,1,N,2,4559
1,1,1,1,7,N,14,1,N,2,25516
1,1,1,1,9,N,42,1,N,2,27252
1,6,1,2,8,6,36,1,N,2,13866
1,1,1,1,4,N,49,1,N,2,16674
1,1,1,1,8,7,44,1,N,2,6611
2,6,2,1,4,5,0,1,N,2,10340
1,6,1,2,9,7,52,1,N,2,19174
2,2,2,1,2,2,56,1,N,2,9938
2,1,1,1,9,N,46,1,N,2,14314
2,6,1,2,3,7,24,1,N,2,2812
2,1,1,1,N,3,50,1,N,2,25081
2,6,1,1,5,1,53,1,N,2,21000
1,1,7,1,2,N,67,1,N,2,21194
2,1,1,1,9,N,20,1,N,2,25391
1,6,1,2,3,N,19,1,N,2,17189
1,1,1,1,5,6,26,1,N,2,24939
2,1,9,1,3,5,36,1,N,2,11126
1,1,1,1,2,6,69,1,N,2,11260
1,6,1,1,N,7,46,1,N,2,14806
2,1,2,1,6,7,38,1,N,2,22526
2,1,1,1,3,11,32,1,N,2,23754
2,1,1,1,6,9,50,1,N,2,13987
1,1,1,1,9,N,54,1,N,2,8056
1,6,2,2,2,7,68,1,N,2,7728
1,6,1,2,3,7,43,1,N,2,25628
2,4,8,1,0,2,34,1,N,2,11293
2,3,1,1,2,N,61,1,N,2,13492
1,1,1,1,7,N,27,1,N,2,25307
2,6,9,2,4,7,64,1,N,2,10462
2,1,1,1,6,5,80,1,N,2,16468
1,6,1,1,5,7,63,1,N,2,23567
2,1,1,1,3,N,59,1,N,2,23529
1,6,1,1,9,7,0,1,N,2,8636
2,1,1,1,2,9,77,1,N,2,12844
2,3,1,1,9,7,79,1,N,2,8680
2,1,1,2,0,6,27,1,N,2,6611
2,1,1,1,9,3,51,1,N,2,5945
2,1,1,1,2,9,30,1,6,2,12594
2,1,1,1,7,9,42,1,N,2,19667
1,6,2,2,3,5,23,1,N,2,27252
1,1,1,1,4,7,48,1,N,2,4865
2,3,1,1,2,2,29,1,N,2,27252
2,1,2,2,8,7,27,1,N,2,18945
2,6,1,2,5,7,39,1,N,2,3537
2,1,1,1,9,7,54,1,N,2,4051
2,6,1,2,4,4,33,1,N,2,27252
1,6,1,2,N,7,0,1,N,2,24939
1,1,1,2,1,9,25,1,N,2,18968
2,6,2,2,0,6,42,1,N,2,19069
2,6,1,2,0,N,3,1,N,2,21555
2,1,1,1,0,10,22,1,N,2,6688
2,6,2,2,0,6,30,1,N,2,18301
1,1,1,1,4,9,11,1,N,2,0
2,1,8,1,N,7,66,1,N,2,21074
1,4,1,1,1,5,30,1,N,2,2509
2,6,1,2,0,4,15,1,N,2,9311
2,N,1,2,3,7,53,1,N,2,27252
1,1,1,1,8,7,67,2,N,2,14695
2,6,1,2,N,2,41,1,N,2,19442
2,4,8,1,7,7,32,1,N,2,7901
1,1,1,1,8,N,69,1,N,2,21217
2,1,1,1,1,12,79,1,N,2,19771
1,1,2,1,N,7,67,1,N,2,17407
2,1,1,1,3,9,83,1,N,2,11195
1,1,1,1,0,7,36,1,N,2,24939
1,1,2,1,9,9,25,1,N,2,15108
1,6,1,2,4,4,0,1,N,2,20824
2,6,2,1,2,2,90,1,N,2,8857
2,5,1,1,2,12,58,1,N,2,19144
1,1,1,2,N,7,57,1,N,2,19093
1,1,1,1,N,2,75,1,N,2,18169
2,2,1,1,9,N,80,1,N,1,24492
2,1,1,1,N,N,76,1,N,2,16826
2,1,1,1,3,5,0,1,N,2,24939
2,6,1,2,9,7,38,1,N,2,15633
2,1,1,1,2,6,33,1,N,2,16352
1,1,1,1,9,N,49,1,N,2,27252
2,6,2,1,9,11,44,1,N,2,5585
2,6,1,0,9,6,46,1,N,2,19779
1,3,8,0,2,6,20,1,N,2,14098
1,6,1,1,8,N,7,1,N,2,27252
2,1,1,1,0,3,71,1,N,2,20087
2,6,1,2,1,5,54,1,N,1,12354
2,1,1,1,4,6,63,1,N,2,22197
2,1,1,1,7,4,66,1,N,2,20001
1,1,1,2,0,9,7,1,N,2,16305
2,1,1,1,8,6,46,1,N,2,17190
2,1,1,2,9,6,70,1,N,2,19708
2,6,1,2,5,3,63,1,N,2,17035
2,1,1,1,6,N,52,1,5,2,27247
1,6,2,1,9,7,41,1,N,2,23370
1,6,1,1,7,N,46,1,N,2,24273
2,3,1,0,N,N,42,1,N,2,16464
2,1,1,1,8,7,93,1,N,2,7442
2,1,1,1,6,6,55,1,N,2,23443
2,6,8,2,8,6,26,1,N,2,6701
2,1,1,1,N,N,32,1,N,2,17873
2,1,1,1,9,12,59,1,N,2,24915
1,1,1,1,3,7,41,1,N,2,25035
2,1,1,2,4,6,84,1,N,2,7434
2,4,1,0,0,5,19,1,N,2,24901
1,6,2,2,1,5,24,1,N,2,7672
2,6,1,2,3,9,14,1,N,2,16732
2,1,1,1,N,N,95,1,N,2,16517
1,6,1,1,5,6,8,1,N,2,12781
1,6,1,1,5,4,57,1,N,2,16861
2,6,1,1,3,7,44,1,N,2,22813
2,6,6,1,2,6,25,1,N,2,8861
2,1,1,1,6,N,71,1,N,2,18804
2,6,1,2,1,5,35,1,N,2,24262
1,6,1,2,0,6,1,1,N,2,15579
2,6,2,0,1,10,50,1,N,2,24212
1,1,1,2,9,8,8,1,N,2,17205
2,1,1,1,N,3,47,1,N,2,16149
2,6,1,1,7,N,0,1,N,2,27252
2,1,1,1,8,12,71,1,N,2,16771
2,1,1,1,9,11,70,1,N,2,23512
1,1,1,2,2,9,15,1,N,2,24109
2,6,1,2,3,7,29,1,N,2,12815
1,3,1,1,2,9,94,1,N,2,20354
2,6,2,1,5,6,74,1,N,2,21779
2,6,1,1,2,6,45,1,N,2,11761
1,4,2,1,2,9,45,1,N,2,9993
2,6,1,2,2,5,42,2,N,2,14240
2,4,3,1,N,6,43,1,N,2,19206
2,3,1,1,7,7,54,1,N,2,22985
2,3,1,2,0,7,61,1,N,2,15579
1,1,1,1,0,7,43,1,N,2,26939
2,1,1,2,2,7,29,1,N,2,15368
2,6,2,1,9,7,44,1,N,2,23323
2,1,2,1,N,7,17,1,N,2,24939
2,6,1,1,4,N,53,1,N,2,21800
1,1,1,1,N,7,11,1,N,2,22342
1,6,1,1,1,5,78,1,N,2,12429
1,1,1,1,N,7,79,1,N,2,14694
2,1,2,1,9,7,56,1,N,2,20525
2,6,2,2,7,5,31,1,N,2,14582
2,1,9,1,8,9,36,1,N,2,11350
1,6,1,1,7,N,53,1,N,2,21207
2,4,1,2,0,6,57,1,N,2,10432
2,6,5,1,7,10,71,1,N,2,6060
2,1,1,1,3,3,67,1,N,2,21588
1,6,2,2,2,5,18,1,N,2,22238
2,4,1,2,2,11,42,1,N,2,21536
2,6,1,2,7,7,33,1,N,2,14719
2,1,2,2,3,6,0,1,N,2,23122
1,1,1,2,N,7,34,1,N,2,21751
1,4,1,2,N,N,0,1,N,2,19325
2,1,1,1,8,12,46,1,N,2,14245
2,6,1,2,2,2,44,1,N,2,10543
1,6,1,2,3,7,61,1,N,2,21572
2,4,1,1,1,8,4,1,N,2,19902
2,1,1,1,9,7,71,1,N,2,17951
2,1,1,1,N,7,23,1,N,2,1121
1,1,1,1,9,N,37,1,N,2,21688
2,1,1,1,4,5,9,1,N,2,21132
2,1,1,1,N,3,61,1,N,2,0
2,1,1,1,1,8,54,1,N,2,2610
2,3,1,2,0,7,33,1,N,2,14993
2,1,2,1,5,7,58,1,N,2,14946
1,6,6,1,6,4,72,1,N,2,2946
1,3,3,1,4,6,40,1,N,2,16251
2,1,1,2,7,9,42,1,N,2,16111
1,6,1,1,2,8,73,2,N,2,16367
2,1,1,1,N,7,54,1,N,2,19207
2,6,1,1,8,N,34,1,N,2,15751
1,6,1,2,7,5,5,1,N,2,23764
1,1,1,1,9,N,62,1,N,2,18796
2,6,1,1,9,N,71,1,N,2,23803
1,1,1,1,N,3,80,1,N,2,9698
2,6,1,0,7,7,43,1,N,2,2039
2,6,8,2,0,2,0,1,N,2,19867
1,6,3,1,2,N,73,1,N,2,10189
2,1,1,2,9,4,69,1,N,2,22672
2,1,1,2,9,7,65,1,N,2,7195
1,1,1,1,N,N,52,1,N,2,23413
2,6,1,1,N,7,37,1,N,2,10648
2,6,1,1,N,7,35,1,N,2,27252
1,6,1,2,N,7,40,1,N,2,13013
2,6,1,2,0,5,95,1,N,2,1692
1,1,1,1,5,1,26,1,N,2,12759
1,6,1,2,2,3,26,1,N,2,12124
1,6,2,2,2,5,1,1,N,2,27252
2,6,1,1,4,8,94,1,N,2,12255
2,6,5,1,5,N,20,1,N,2,18489
2,1,2,1,4,12,71,1,N,2,9667
2,6,3,2,1,3,65,1,N,2,19098
2,1,1,1,5,12,66,1,N,2,20731
1,6,1,1,7,7,61,1,N,2,15974
2,6,2,2,4,7,43,1,N,2,13804
2,6,1,2,0,7,0,1,N,2,21399
1,1,1,1,9,6,50,1,N,2,20235
2,1,2,1,N,N,66,1,N,2,7145
2,6,1,1,3,N,44,1,N,2,14145
1,6,2,2,4,N,47,1,N,2,5728
1,6,1,1,4,5,61,1,N,2,6008
2,1,1,1,9,7,35,1,N,2,18032
2,1,1,1,8,4,0,1,N,2,16788
1,4,1,1,N,7,13,1,N,2,10321
1,3,1,1,N,6,30,1,N,2,24939
2,1,1,1,N,7,43,1,N,2,13037
1,6,1,1,N,2,54,1,N,2,7017
2,6,1,1,2,7,27,1,N,2,20553
2,6,1,1,4,4,32,1,N,2,11638
2,1,1,1,2,9,39,1,N,2,14566
2,6,1,1,3,6,60,1,N,2,17715
1,6,1,1,3,7,78,1,N,2,16621
1,6,1,1,4,7,10,1,N,2,24939
1,1,1,1,8,4,67,1,N,2,16900
1,1,2,2,9,11,86,1,N,2,15975
2,6,7,2,1,5,16,1,1,2,19393
1,3,1,1,7,9,75,1,5,1,4919
2,6,1,1,5,7,5,1,N,2,11114
1,1,1,2,9,7,0,1,N,2,27252
2,1,1,1,2,3,80,1,N,2,25218
2,6,1,1,N,7,11,1,N,2,14358
1,6,2,2,0,1,8,1,N,2,2789
2,1,1,1,4,9,46,1,N,2,22599
1,1,1,1,3,7,61,1,N,2,14699
1,1,1,2,8,N,50,1,N,2,23901
2,1,8,1,5,4,54,1,N,2,22528
1,6,1,1,8,7,34,1,N,2,20120
1,6,1,0,6,7,42,1,N,2,1692
1,1,1,1,N,7,21,1,N,2,22932
2,1,1,1,6,N,58,1,N,2,27252
2,1,4,1,3,7,79,1,N,2,320
2,1,1,0,3,12,77,1,N,2,19310
1,6,1,1,5,N,49,1,N,2,27252
1,1,1,1,8,3,49,1,N,2,12637
2,6,2,2,0,7,27,1,N,2,13523
2,3,1,1,5,5,68,1,N,2,16801
1,6,6,2,8,5,51,1,N,2,14886
2,1,3,1,5,3,11,1,N,2,22521
2,1,1,1,9,N,74,1,N,2,24567
2,1,2,1,1,6,35,1,N,2,24070
1,6,2,2,2,6,10,1,N,2,12144
2,6,1,1,7,5,37,1,2,2,27252
1,6,2,0,2,6,55,1,N,2,17494
1,6,1,2,N,N,47,1,N,2,7557
2,1,1,1,9,N,75,1,N,2,18015
2,6,2,2,4,7,42,1,N,2,15099
2,1,1,0,3,4,66,1,N,2,16546
1,1,1,1,6,9,54,1,N,2,23971
1,1,1,1,9,N,28,1,N,2,26164
1,1,1,1,N,7,50,1,N,2,13916
2,1,5,2,6,4,55,1,N,2,15780
1,6,1,2,2,5,82,1,N,2,14481
2,6,1,1,8,7,55,1,N,2,12951
2,6,1,1,N,7,1,1,N,2,21105
2,4,1,1,0,1,67,1,N,1,11853
1,1,2,1,6,7,35,1,N,2,17015
2,6,1,2,N,7,41,1,N,2,26576
1,1,1,1,5,N,36,1,N,2,23528
2,3,1,1,3,7,29,1,N,2,19896
2,1,1,1,5,N,21,1,N,2,25707
2,6,1,1,7,7,32,1,N,2,15856
2,6,1,2,9,8,17,3,N,2,14680
2,2,2,2,N,7,0,1,N,2,24939
2,1,1,1,9,6,59,1,N,2,6552
1,4,1,1,3,N,70,1,N,2,16860
2,6,2,2,0,3,66,1,N,2,1692
1,1,1,1,8,7,61,1,N,2,8600
2,6,1,2,8,7,24,1,N,2,15154
2,4,1,2,2,12,0,1,2,2,24939
2,1,1,1,9,10,71,1,N,2,17334
2,6,2,1,6,4,52,1,N,2,16060
2,6,1,2,7,7,52,1,N,2,18887
2,6,1,2,8,5,0,1,N,2,17128
2,6,1,1,N,7,82,1,N,2,27252
2,6,8,1,0,11,43,1,N,2,20727
2,1,1,1,9,N,74,1,N,2,14405
1,1,1,1,6,7,1,1,N,2,27252
2,4,1,0,9,N,82,1,6,1,17893
1,1,1,1,9,N,53,1,N,2,20188
1,6,1,1,8,7,74,1,N,2,478
2,3,1,1,1,6,64,1,N,2,9427
2,1,1,1,2,9,52,1,N,2,24641
2,4,1,0,0,3,41,3,N,2,16709
2,6,1,0,3,8,22,1,N,2,3646
1,6,1,1,9,3,32,1,N,2,16124
1,6,1,2,1,4,32,1,N,2,18729
1,6,1,2,0,5,23,1,N,2,11715
1,6,1,1,0,7,67,1,N,2,19984
1,1,1,2,2,8,42,1,N,2,19164
2,1,1,0,6,7,33,1,N,2,24119
2,1,1,2,3,6,24,1,N,2,14270
2,6,1,2,8,6,60,1,N,2,16966
2,2,1,1,8,6,81,1,N,2,13936
2,1,1,2,N,6,55,1,N,2,20734
2,1,1,1,N,7,43,1,N,1,9349
1,6,2,2,2,6,27,1,N,2,14782
2,1,1,0,5,7,31,1,N,2,14699
2,6,1,1,7,7,31,1,N,2,19461
1,6,1,1,8,2,87,1,N,2,23187
1,1,1,1,8,2,45,1,N,2,24642
2,6,1,1,N,7,30,1,N,2,24836
1,1,1,1,6,N,74,1,N,2,21703
2,6,2,1,0,1,48,1,N,2,18888
2,6,9,1,4,9,27,1,N,2,3622
1,1,2,1,8,4,14,1,N,2,9244
1,5,1,2,3,N,72,1,5,2,19612
1,1,6,1,7,5,83,1,N,2,14210
2,6,1,1,8,7,5,1,N,2,24939
2,N,5,1,9,9,27,1,N,2,26113
1,6,9,2,3,N,55,1,N,2,11966
2,1,1,1,9,7,75,1,N,2,17183
2,3,1,1,3,7,18,1,N,2,24939
1,1,1,1,9,N,27,1,N,2,24939
1,6,2,2,5,6,16,1,N,2,27252
2,1,1,1,7,N,73,1,N,2,15331
2,2,2,2,7,9,33,1,N,2,21097
2,3,2,2,0,7,24,1,N,2,23498
1,6,6,1,4,6,55,1,N,2,12102
2,1,1,1,6,2,78,1,N,2,12627
1,6,1,1,9,7,53,1,N,2,8092
1,6,1,1,N,2,40,1,N,2,14358
2,1,1,1,6,6,21,1,N,2,24939
1,1,1,1,9,1,73,1,N,2,7933
2,6,1,1,9,7,0,1,N,2,14215
2,6,1,2,3,8,25,1,N,2,0
2,5,8,2,7,5,39,1,N,2,16992
1,6,2,1,3,5,24,1,N,2,9199
2,1,1,1,8,7,79,1,N,2,21018
2,1,1,1,6,8,0,1,N,2,22203
2,6,2,2,6,6,21,1,N,2,13897
1,6,1,2,2,6,39,1,N,2,16293
1,3,1,2,0,4,1,1,N,2,12698
1,6,1,1,0,N,48,1,N,2,6038
1,6,2,2,7,3,58,1,N,2,7442
2,1,1,1,7,7,20,1,N,2,19003
1,6,2,2,0,5,29,1,N,2,15002
1,1,1,1,9,N,72,1,N,2,26084
1,1,1,1,N,10,46,1,N,2,27252
1,6,1,1,0,3,37,1,N,2,21694
2,4,2,1,8,10,54,2,5,2,17426
2,6,1,1,1,5,41,1,N,2,14361
1,6,1,1,9,7,71,1,N,2,7960
2,1,1,1,8,9,29,1,N,2,11003
1,1,1,1,8,N,62,1,N,2,18024
1,6,3,1,N,7,1,1,N,2,27252
2,1,1,1,0,7,52,1,6,2,19749
2,1,1,1,N,N,57,1,N,2,17377
2,6,2,0,6,7,70,1,N,2,6882
2,6,2,2,7,7,5,1,N,2,24901
2,1,1,1,N,7,45,1,N,2,22001
2,6,1,0,9,7,38,1,N,2,11479
1,1,1,1,0,N,42,1,N,2,10629
1,4,1,2,3,7,43,1,N,2,14058
1,1,1,2,6,5,49,1,N,2,20922
1,1,1,1,4,9,58,1,N,2,11802
2,2,6,2,0,8,33,1,N,2,14933
1,1,1,1,0,9,27,1,N,2,11189
2,6,1,2,7,11,95,1,N,1,14196
2,3,1,2,3,11,52,1,N,2,18673
2,1,1,1,6,7,47,1,N,2,19997
1,6,2,1,3,7,57,1,N,2,14800
2,1,1,1,6,9,52,1,N,2,18958
2,1,1,0,4,9,55,1,N,2,26395
1,1,1,1,2,N,41,1,N,2,27252
2,1,1,1,1,8,15,1,N,2,21137
2,1,1,1,7,N,73,1,N,2,11497
2,6,2,1,1,12,55,1,N,2,22033
2,1,1,2,7,6,26,1,N,2,3387
1,6,2,0,4,7,34,1,N,2,21021
1,4,1,1,2,7,74,1,N,2,15228
1,1,1,2,4,6,41,1,N,2,18300
2,1,1,1,9,3,59,1,N,2,19418
1,1,6,2,8,6,8,1,N,2,17220
2,1,1,1,4,6,37,1,N,2,13783
2,1,1,2,0,6,53,1,N,2,22595
2,6,1,2,8,7,73,2,N,2,27238
1,1,1,2,8,9,87,1,N,2,10230
1,1,8,1,6,7,0,1,N,2,5744
2,1,3,2,1,11,42,1,N,2,20493
1,1,1,1,8,7,49,1,N,2,23725
1,6,1,1,N,7,0,1,N,2,18431
1,1,1,2,9,6,62,1,N,2,7762
2,4,1,2,9,7,72,1,N,2,14238
1,6,2,1,7,N,64,1,N,2,11783
1,2,1,2,6,6,34,1,N,2,18835
2,5,1,1,5,6,34,1,N,2,2798
2,1,1,1,1,9,49,1,N,2,27252
2,1,1,2,5,N,13,1,N,2,21366
1,6,2,2,0,4,23,1,N,2,6999
1,6,1,2,3,7,37,1,N,2,25825
1,1,1,1,N,7,68,1,N,2,19482
1,4,1,1,9,6,63,1,N,2,13991
2,6,1,2,5,4,55,1,N,2,25597
2,6,1,2,6,6,50,1,N,2,12272
1,1,1,2,7,7,12,1,N,2,16027
2,6,1,2,N,3,24,1,N,2,22466
1,6,1,2,6,12,16,1,N,2,18821
1,1,8,1,3,7,18,1,N,2,9384
1,6,1,1,5,3,48,1,N,2,17759
2,6,1,1,9,4,28,1,N,2,14548
1,6,1,2,2,7,23,1,N,2,19875
2,6,1,1,5,7,67,1,N,2,15897
2,1,1,1,N,3,31,1,N,2,21792
2,1,1,1,1,N,59,1,N,2,20879
1,1,1,1,N,3,62,1,N,2,24939
2,1,1,1,8,7,57,1,N,2,17417
2,6,1,1,4,7,40,1,N,2,11613
2,6,1,2,0,6,40,1,N,2,23516
1,6,6,1,1,8,6,1,N,2,20365
1,1,1,2,0,6,57,1,N,2,23408
1,4,2,1,5,N,61,1,N,1,3341
1,6,1,1,N,7,40,1,N,2,3805
2,1,1,2,N,7,7,1,N,2,20401
1,6,6,1,0,3,28,1,N,2,26604
2,6,5,2,N,7,41,1,N,2,23158
2,1,1,1,9,N,80,1,N,2,13663
1,1,2,1,7,11,55,1,N,2,8486
1,1,1,2,4,N,74,1,N,2,15455
1,6,1,2,1,5,56,1,N,2,15215
2,6,1,1,2,6,0,1,N,2,23676
1,1,1,1,9,N,48,1,N,2,8641
2,1,1,1,4,5,19,1,N,2,25997
2,4,1,1,9,N,59,1,N,2,13894
2,6,2,1,N,7,25,1,N,2,22969
2,6,2,1,1,11,25,1,N,2,7946
1,6,1,2,7,3,48,1,N,2,19913
1,1,1,1,N,4,75,1,N,2,23435
2,6,1,2,8,7,62,1,N,2,14869
1,1,5,2,8,N,61,1,N,2,24748
2,6,1,2,8,12,47,1,N,2,23263
2,6,1,1,N,7,78,1,N,2,14925
1,1,1,1,3,2,69,1,N,2,21571
2,1,8,1,5,6,31,1,N,2,17675
2,6,1,2,0,7,6,1,N,2,3399
2,1,1,1,8,7,43,1,N,2,19289
2,1,1,1,7,9,73,1,N,2,18106
2,1,1,1,8,12,59,1,N,2,21539
2,4,1,1,9,5,28,1,N,2,27252
2,1,1,1,7,N,42,1,N,2,20218
2,1,1,1,0,7,45,1,N,2,17320
2,1,6,2,1,3,71,1,N,1,9779
2,3,1,1,4,3,32,1,N,2,11777
2,1,2,1,2,6,53,1,N,2,12619
1,1,1,1,1,4,68,1,N,2,18038
1,4,1,2,7,N,68,1,N,2,21311
2,1,1,1,8,9,43,1,N,2,10644
1,1,1,2,9,11,64,1,N,2,15909
2,1,1,1,7,7,38,1,N,2,21192
2,6,1,1,0,5,37,1,N,2,18045
1,1,1,1,5,7,41,1,N,2,21253
2,1,1,1,0,3,77,1,N,2,20409
1,1,1,1,6,N,51,1,N,2,22316
2,3,2,1,6,3,68,1,N,2,8035
2,6,1,2,N,N,31,1,N,2,17070
1,N,1,1,4,6,78,1,N,2,27252
2,6,1,1,6,6,42,1,N,2,21580
1,3,1,1,8,N,56,1,N,2,18898
2,4,1,1,3,11,52,1,N,2,20476
2,1,1,1,0,7,66,1,N,2,7923
1,6,1,1,0,3,49,1,N,2,20474
1,1,1,1,1,N,2,1,N,2,14899
2,1,2,1,N,7,19,1,N,2,27252
2,1,1,1,1,8,10,1,N,2,19335
1,6,1,1,9,7,19,1,N,2,15223
2,1,1,1,8,4,83,1,N,2,16438
2,1,1,1,1,7,43,1,N,2,20698
2,6,1,2,2,5,18,1,N,2,14170
2,1,2,1,3,6,59,1,N,2,599
2,1,1,1,7,12,66,1,3,1,24553
1,1,1,1,4,2,35,1,N,2,18994
2,6,1,2,1,4,5,1,N,2,14133
2,6,1,2,0,5,4,1,N,2,17606
2,4,1,1,0,7,55,1,N,2,12240
2,1,1,1,6,7,67,1,N,1,13172
2,2,1,1,6,N,33,1,N,2,16843
1,6,1,1,2,3,65,1,N,2,10749
2,1,1,1,0,7,34,1,N,2,11596
1,1,6,1,8,7,9,1,N,2,27252
1,1,1,2,4,N,56,1,N,2,3520
2,4,1,1,3,12,54,1,N,2,20186
2,3,1,1,7,4,65,1,N,2,13802
1,1,1,2,0,7,41,1,N,2,24030
2,1,1,1,6,N,50,1,N,2,21811
2,6,1,1,2,3,20,1,N,2,3584
1,1,1,1,7,8,63,1,N,2,13450
2,1,1,1,4,7,57,1,N,2,10727
1,4,2,1,8,N,41,1,N,2,6521
2,1,1,1,6,9,62,1,N,2,8908
2,4,2,1,4,7,39,1,N,2,10861
1,6,9,1,9,7,11,1,N,2,21866
1,1,1,1,6,7,26,1,N,2,13393
1,1,6,2,9,7,66,1,N,2,18251
2,6,8,2,5,2,40,1,N,2,5585
1,1,1,1,N,7,65,1,N,2,20656
2,5,6,2,N,7,54,1,N,2,21685
1,6,2,2,2,5,13,1,N,2,17711
2,1,2,1,N,N,47,1,N,2,17060
2,1,1,1,2,5,83,1,N,2,6583
2,1,1,1,0,N,54,1,N,2,2417
2,3,1,1,3,11,43,1,N,2,23566
2,6,1,2,0,7,38,1,N,2,14981
2,1,3,1,4,1,75,1,N,2,1692
2,6,1,1,6,9,64,1,N,2,9025
2,6,1,1,2,6,53,2,N,2,11450
2,1,4,1,2,12,7,1,N,2,21890
1,1,1,1,4,3,63,1,N,2,17409
2,1,4,1,9,N,70,1,N,2,21113
2,1,1,1,9,12,14,1,N,2,3181
2,1,1,1,N,3,50,1,N,2,23561
1,1,1,2,3,7,48,1,N,2,11205
1,1,1,1,4,7,52,1,N,2,19967
1,1,1,1,4,7,47,1,N,2,27252
2,6,2,2,8,2,40,1,N,2,15899
1,6,1,1,3,6,6,1,N,2,1140
1,6,2,2,7,6,11,1,N,2,4818
1,4,1,1,6,7,59,1,N,2,26854
1,1,1,1,8,N,70,1,N,2,14263
2,1,1,1,9,12,73,1,N,2,21419
2,6,1,1,9,7,29,1,N,2,19470
1,4,2,2,1,7,8,1,N,2,0
2,1,1,1,N,N,63,1,N,2,26513
1,6,1,1,3,7,72,1,N,2,0
2,6,1,2,8,N,17,1,N,2,19520
2,1,1,1,6,N,21,1,N,2,11486
2,1,1,1,6,N,34,1,N,2,4929
2,1,1,1,8,3,74,1,3,2,20848
2,1,1,1,9,9,90,1,N,2,11417
1,6,1,2,7,7,74,1,N,2,2945
1,6,1,1,0,7,58,1,N,2,16536
2,1,1,1,8,11,85,1,N,2,20816
2,1,1,2,6,2,61,1,N,2,18622
1,1,1,1,7,N,19,1,N,2,27252
1,6,1,1,6,N,42,1,N,2,4314
2,1,1,1,8,7,64,1,N,2,27252
1,1,1,1,0,4,91,1,N,2,13371
2,1,1,1,5,5,72,1,N,2,0
2,6,1,2,9,1,13,1,N,2,15708
2,6,6,1,0,7,87,1,N,2,16610
2,1,1,1,1,9,4,1,N,2,12780
2,1,1,1,7,7,46,1,N,2,15162
2,1,1,1,N,3,62,1,N,2,24911
2,1,1,1,7,7,34,1,N,2,24447
2,6,1,1,N,3,53,1,N,2,11893
2,1,1,1,N,7,49,1,N,2,24467
1,1,1,1,8,5,38,2,N,2,20259
1,1,4,1,8,N,95,1,N,2,11449
2,1,1,1,N,9,24,1,N,2,21761
1,1,1,2,6,6,44,1,N,2,27252
2,1,1,1,N,N,50,1,N,2,22769
1,6,1,1,N,7,41,1,N,2,24307
2,6,1,1,0,7,56,1,N,2,14086
1,3,1,1,3,12,56,1,N,2,15114
2,3,2,2,0,9,10,1,N,2,6254
2,6,1,2,0,6,26,1,N,2,5357
1,6,1,1,6,9,80,1,N,2,10952
2,1,1,2,0,9,67,1,N,2,15675
2,1,1,1,1,7,15,1,N,2,10124
2,1,1,1,2,3,40,1,N,2,3187
1,6,1,2,7,7,18,1,N,2,15875
2,1,1,1,N,7,59,1,N,2,16242
2,6,9,2,4,9,59,1,N,2,0
2,6,1,2,8,N,18,1,N,2,12733
2,1,1,2,0,6,45,1,N,2,0
2,1,1,1,N,N,25,1,N,2,18962
1,1,1,1,4,5,4,1,N,2,27252
1,4,1,1,8,N,0,1,N,2,24939
1,3,1,1,1,7,89,1,N,2,10905
2,1,1,1,8,N,7,1,N,2,19704
1,1,1,2,N,N,21,1,N,2,16499
2,6,8,1,3,7,57,1,N,2,18866
2,1,2,1,5,11,30,1,N,2,16360
2,1,1,2,N,6,48,1,N,2,6119
2,6,1,0,8,9,3,1,N,2,12316
2,6,3,1,2,7,33,1,N,2,27252
1,1,1,1,8,9,41,1,N,2,12497
2,6,1,1,5,N,27,1,N,1,9194
2,6,1,1,9,9,88,1,N,2,20229
2,6,1,2,7,9,86,1,N,2,7968
1,1,1,1,N,7,36,1,N,2,20737
2,1,1,1,8,N,85,1,N,2,25524
2,3,3,2,5,12,26,1,N,2,14812
1,1,1,1,7,7,14,1,N,2,23050
2,6,1,1,9,N,0,1,N,2,19863
2,4,1,1,4,N,30,1,N,2,19773
1,6,1,1,9,1,28,1,N,2,20370
2,6,1,1,6,7,61,1,N,2,15615
2,2,1,1,6,3,2,1,N,2,23634
2,1,1,1,8,3,68,1,N,2,2690
2,N,1,1,0,1,51,1,N,2,14878
1,6,2,2,5,6,16,1,N,2,11339
2,6,1,1,4,6,13,1,N,2,9491
2,6,1,1,0,6,66,1,N,2,17702
2,6,2,1,7,7,28,1,N,2,12144
1,1,1,1,8,N,45,1,N,2,10085
1,6,1,1,N,2,19,1,N,2,10452
1,1,1,2,2,7,64,1,N,2,19010
2,3,1,1,8,3,52,1,N,2,14718
2,6,1,1,N,N,44,1,N,2,26229
2,1,2,1,2,5,23,3,N,2,12355
2,1,1,1,N,N,61,1,N,2,16840
2,6,1,1,7,7,0,1,N,2,12027
1,6,1,1,N,7,48,1,N,2,18901
1,1,1,2,9,7,54,1,N,1,6869
1,1,1,1,5,12,19,1,N,2,27252
1,1,1,1,N,6,50,1,N,2,19115
2,1,1,1,7,N,18,1,N,2,16970
1,1,1,2,7,5,16,1,N,2,14989
1,1,1,1,N,3,81,1,N,2,19627
2,N,1,1,7,N,29,1,N,2,0
2,6,1,1,8,7,90,1,N,2,22043
2,1,1,1,8,8,58,1,N,2,19688
1,6,1,1,3,4,32,1,N,2,19578
2,1,1,1,N,7,70,1,N,2,25027
1,6,1,1,9,6,54,1,N,2,26994
1,1,1,1,7,9,16,1,N,2,11984
1,1,1,2,1,4,60,1,N,2,17975
1,6,1,2,8,12,20,1,N,2,27252
2,1,3,2,5,7,71,1,N,2,16366
1,6,1,1,0,8,23,1,N,2,21800
1,6,1,1,5,9,54,1,N,2,15627
2,1,2,1,2,N,72,1,N,2,15370
1,1,2,1,3,7,84,1,N,2,19717
1,1,1,1,N,3,59,1,N,2,4949
2,6,2,1,N,7,49,1,N,2,18321
2,6,2,1,8,N,7,1,N,2,17477
2,4,1,1,N,7,64,1,N,2,15278
1,1,1,1,6,6,37,1,N,2,18465
1,1,2,1,0,6,69,1,N,2,18214
1,6,1,1,3,7,27,1,N,2,23668
2,5,1,2,7,7,8,1,N,2,0
1,6,1,1,N,N,32,1,N,2,13694
1,1,1,1,5,5,60,1,N,2,13747
1,6,2,2,9,7,36,1,N,2,10311
1,4,2,0,0,4,32,1,2,2,12137
2,1,8,1,8,N,86,1,N,2,20469
2,1,1,2,5,6,44,1,N,2,1147
2,1,1,0,6,3,12,1,N,2,26945
1,6,2,1,6,5,92,1,N,2,20121
1,1,1,1,8,4,69,1,N,2,25358
1,1,1,1,8,N,30,1,N,2,22574
2,6,2,2,1,6,14,1,N,2,0
1,6,1,1,6,7,36,1,N,2,11141
2,1,1,1,8,N,81,1,N,2,6156
2,6,1,2,1,7,23,1,N,2,13936
2,1,1,1,8,6,69,1,N,2,13411
2,1,1,1,8,6,55,1,N,2,10338
2,6,5,2,0,7,38,1,N,2,6140
1,1,1,2,8,12,42,1,N,2,18206
1,1,8,2,8,7,21,1,N,2,11720
1,1,1,2,7,7,67,1,N,2,18855
2,6,2,1,2,6,53,1,N,2,9427
1,6,1,2,2,N,13,1,N,2,11532
2,4,1,2,7,5,52,1,N,2,7017
1,1,2,1,9,9,23,1,N,2,5893
2,1,1,1,0,2,48,1,N,2,7110
1,4,1,1,4,7,70,1,N,2,24816
2,1,1,1,8,N,61,1,N,2,3694
2,6,6,1,N,6,85,1,N,2,18387
1,5,1,2,5,5,59,1,N,2,15791
2,1,2,1,5,1,13,1,N,2,9975
2,1,1,1,1,5,54,1,N,2,15864
2,6,2,2,3,7,19,1,N,2,2956
2,6,1,2,8,7,5,1,N,2,18283
2,6,1,1,9,N,74,1,N,2,18824
2,6,2,0,2,4,7,1,1,2,12012
1,6,1,1,7,5,59,1,N,2,14494
2,6,1,2,9,6,87,1,N,2,8216
2,1,1,1,1,7,44,1,N,2,18509
1,1,1,1,7,9,34,1,N,2,14031
2,1,1,1,0,11,23,1,1,2,12267
2,6,1,1,3,9,41,1,N,2,4495
1,1,1,2,3,N,77,1,N,2,14778
1,6,1,1,0,7,64,3,N,2,22897
1,6,1,2,1,6,17,1,N,2,13488
1,4,1,2,5,5,41,1,N,2,9360
2,6,1,1,6,2,60,1,N,2,13854
2,1,1,1,4,7,21,1,N,2,18921
2,6,1,1,1,4,53,1,N,2,0
1,6,2,1,9,7,29,1,N,2,22508
2,6,2,2,9,N,48,1,N,2,9033
2,4,2,1,0,3,29,1,N,2,13052
1,1,1,1,3,12,50,1,N,2,12823
2,1,1,1,8,N,42,1,N,2,25480
2,6,1,1,3,7,1,1,N,2,20014
1,1,1,1,9,N,77,1,N,2,19260
1,1,1,1,7,6,20,1,N,2,18744
1,6,1,2,3,7,50,1,N,2,20982
1,6,2,2,7,7,16,1,N,2,16013
2,6,2,2,7,N,36,1,N,2,18882
2,2,1,1,9,6,69,1,N,2,9433
2,1,1,0,3,2,64,1,N,2,23039
1,4,4,1,2,5,36,2,N,2,11290
1,1,1,2,6,7,48,1,N,2,21132
1,1,1,1,7,3,4,1,N,2,24939
2,6,1,2,1,4,46,1,N,2,26357
1,6,2,2,8,4,54,1,N,2,3570
2,1,1,1,8,N,50,1,N,2,21973
2,6,6,1,0,5,8,1,N,2,8784
1,6,1,2,3,7,50,1,N,2,11422
1,1,1,2,3,5,0,1,N,2,7818
1,6,1,2,9,7,1,1,N,2,10426
1,1,1,1,9,7,23,1,N,2,15580
1,6,4,1,7,6,50,1,N,2,13582
2,4,1,1,9,6,84,1,N,2,16696
2,6,1,1,2,7,12,1,N,2,20381
1,1,1,1,2,9,32,1,N,2,15203
1,1,1,1,9,3,88,1,N,2,16891
2,1,1,2,0,7,36,1,N,2,2727
1,1,2,1,4,11,38,1,N,2,11660
1,1,1,1,0,7,43,1,N,2,24351
2,6,5,2,N,7,80,1,N,2,20632
1,6,1,1,2,3,55,1,N,2,19884
1,1,1,2,6,12,11,1,N,2,15817
2,1,1,1,9,6,65,1,N,2,14658
2,1,1,1,N,7,69,1,N,2,19308
2,1,1,1,3,7,36,1,N,2,9825
2,4,1,1,N,3,73,1,N,2,21566
2,1,1,2,N,2,82,1,N,2,25106
2,6,2,1,3,6,11,1,N,2,27051
1,1,1,1,4,7,18,1,N,2,16113
2,4,1,1,N,6,36,1,N,2,26919
2,1,1,1,N,7,38,1,N,2,24939
1,1,1,0,N,7,20,1,N,2,12903
2,1,1,1,9,N,75,1,N,2,19166
2,6,1,1,3,7,15,1,N,2,10101
2,1,1,1,7,7,45,1,N,2,18114
2,1,1,1,N,N,36,1,N,2,27252
1,3,1,2,1,4,37,1,N,2,16595
1,6,1,2,2,5,19,1,N,2,15945
1,4,3,1,N,7,44,1,N,2,17367
2,1,1,1,5,7,32,1,N,2,16012
2,1,1,1,7,9,22,1,N,2,12898
2,1,2,1,7,2,83,1,N,2,9714
2,1,1,1,8,9,59,1,N,2,21058
2,6,1,1,7,7,35,1,N,2,27252
2,1,1,1,9,7,31,1,N,2,26621
2,6,2,2,3,7,29,1,N,2,16100
2,6,1,2,1,9,4,1,N,2,24939
2,1,8,1,6,7,70,1,N,2,6253
1,1,1,1,N,N,58,1,N,2,18748
1,6,2,0,6,7,61,1,N,2,11789
2,1,1,1,6,11,49,1,N,2,25760
2,6,2,2,8,6,24,1,N,2,11661
2,6,1,1,4,9,62,1,4,2,8876
2,1,1,1,3,3,74,1,N,2,25123
1,1,1,1,N,3,75,1,N,2,9427
2,1,1,1,2,3,37,1,N,2,25805
2,6,1,2,1,6,5,1,N,2,14914
1,6,2,1,1,5,0,1,N,2,11072
1,N,1,2,0,N,0,1,N,2,27252
2,1,1,1,9,7,66,1,N,2,27252
2,6,1,1,4,7,51,1,N,2,16018
2,6,1,2,5,6,30,2,N,2,20068
1,6,2,1,0,7,42,1,N,2,18274
2,1,1,1,8,7,70,1,N,2,13151
1,6,1,2,5,7,0,1,N,2,24774
1,4,1,1,N,5,83,1,N,2,12740
2,1,1,1,5,N,87,1,N,2,11808
1,1,2,1,6,N,29,1,N,2,3886
2,6,2,1,N,N,22,1,N,2,0
2,1,2,1,5,N,46,1,N,2,10035
1,1,1,1,N,N,42,1,N,2,19618
2,1,1,1,8,N,66,1,N,2,24939
1,1,2,1,7,6,85,1,N,2,17333
1,1,1,1,4,7,28,1,N,2,13532
1,6,2,1,4,2,68,1,2,2,10432
1,1,1,1,N,7,26,1,N,2,18190
2,1,1,1,7,3,74,1,N,2,15348
2,1,1,2,7,5,55,1,N,2,23446
2,6,1,1,2,4,7,1,N,2,15286
2,2,5,1,4,6,27,1,N,2,7384
1,6,1,2,6,7,5,1,N,2,27252
2,4,1,2,2,7,29,1,N,2,27252
2,6,1,0,3,11,1,1,N,2,18171
1,1,1,1,8,N,0,1,N,2,27012
1,6,2,2,3,7,36,1,N,2,15760
2,1,1,1,N,3,56,1,N,2,22562
2,1,1,1,7,N,51,1,N,2,17611
2,6,2,1,6,7,40,1,N,2,13298
1,6,1,1,2,7,22,1,N,2,27252
2,1,1,1,N,2,6,1,N,2,13066
1,6,9,2,3,6,58,1,N,2,0
2,1,1,1,9,N,64,1,N,2,23944
1,2,1,1,9,N,55,1,N,2,23582
2,1,2,1,5,N,67,2,N,2,5447
2,6,2,1,N,7,8,1,N,2,26325
2,6,2,1,1,8,22,1,N,2,27252
1,6,3,1,2,7,26,1,N,2,12497
2,1,1,1,7,N,54,1,N,2,17045
2,4,4,2,8,6,80,1,N,2,14903
2,1,1,1,5,9,71,1,N,2,17983
2,6,1,1,8,10,55,1,N,2,24550
2,3,1,1,8,6,67,1,N,2,17092
2,6,2,1,7,7,34,1,N,2,11041
2,1,1,2,0,3,61,1,N,2,20765
2,1,1,1,N,N,57,1,N,2,19819
1,1,1,1,N,N,23,1,N,2,24939
2,1,2,2,4,10,22,1,N,2,17827
1,2,4,1,7,9,62,1,N,2,26174
1,1,7,1,3,7,53,1,N,2,3668
1,3,1,2,7,7,40,1,N,2,2061
1,1,1,1,6,7,69,1,N,2,16807
1,1,1,1,9,7,21,1,N,2,5528
2,3,1,2,7,7,73,1,N,2,6577
1,6,1,1,8,6,2,1,N,2,19771
1,1,1,1,7,7,31,1,N,2,25845
2,4,1,1,9,N,58,1,N,2,17680
2,1,1,0,4,12,67,1,N,2,16188
1,6,1,1,3,N,69,1,N,2,14050
2,6,2,0,3,7,56,1,N,2,7913
1,6,1,1,5,7,40,1,N,2,14367
2,1,1,1,7,9,81,1,N,2,14959
1,1,1,1,8,6,53,1,N,2,9476
2,4,2,1,2,9,63,1,N,2,15957
1,1,1,1,9,9,91,1,N,2,20783
1,4,3,1,1,7,80,1,N,2,15522
2,1,1,1,4,7,22,1,N,2,25842
2,1,1,1,8,2,79,1,N,2,23409
2,1,1,1,N,N,61,1,N,2,10570
2,6,1,2,N,7,53,1,N,2,10782
2,1,1,1,7,7,59,1,N,2,20850
1,1,1,2,2,7,40,1,N,2,12236
1,6,9,2,1,3,24,1,N,2,10930
2,1,1,1,7,2,44,1,N,2,18638
2,6,1,2,6,6,19,1,N,2,14721
2,1,4,1,0,4,78,3,N,1,7859
1,1,2,1,5,6,64,1,N,2,23685
1,1,2,1,5,7,36,1,N,2,11313
2,1,1,1,9,6,80,3,N,2,10524
2,1,1,1,6,7,56,1,N,2,27252
1,1,1,1,3,N,42,1,N,2,27252
1,1,1,1,9,5,83,1,N,1,17733
2,1,2,1,N,7,67,1,N,2,18597
1,1,1,1,8,10,60,1,N,2,1285
2,1,1,1,1,8,28,1,N,2,27252
1,6,1,1,7,9,64,1,N,2,13420
1,1,1,1,5,N,56,1,N,2,11336
1,5,7,2,7,6,22,1,N,2,18717
2,1,8,0,9,4,53,1,N,2,11767
2,6,7,1,N,6,68,1,N,2,24717
2,6,1,1,7,N,69,1,N,2,20718
1,6,2,2,8,7,20,1,N,2,21406
1,6,1,1,0,7,32,1,N,2,26385
2,1,1,1,N,7,73,1,N,2,7596
2,6,2,2,9,12,36,1,N,2,18621
2,6,1,1,8,5,35,1,N,2,14981
2,6,1,1,6,3,38,1,N,2,26752
2,6,1,1,7,9,39,1,N,2,15045
1,6,1,1,6,7,34,1,N,2,18179
2,6,2,1,5,9,6,1,N,2,13234
1,1,1,1,7,7,26,1,N,2,26883
2,6,1,1,8,6,43,1,N,2,16528
1,1,1,1,6,6,75,1,N,2,8245
2,1,8,1,3,3,65,1,N,2,16679
1,6,1,1,9,9,41,1,N,2,7507
1,6,1,1,3,5,51,1,N,2,12645
1,6,1,2,0,10,19,1,N,2,18240
2,6,1,1,N,7,34,1,N,2,8894
2,1,1,1,N,2,52,1,N,2,16362
2,1,1,1,3,7,35,1,N,2,10969
2,6,1,2,9,7,31,1,N,2,15676
2,1,8,2,9,N,80,1,N,2,24272
1,1,2,2,N,N,26,1,N,2,19618
2,1,1,1,4,7,24,1,N,2,23788
1,1,6,1,N,7,65,1,N,2,23295
1,1,1,1,3,3,41,1,N,2,10735
1,1,1,2,0,4,15,1,N,2,3060
2,1,1,1,6,1,36,1,N,2,23738
2,3,1,2,0,6,67,1,N,2,13572
1,1,1,1,2,5,41,1,N,2,19228
1,1,1,2,3,N,22,1,N,2,19449
2,6,1,2,2,7,66,1,N,2,7671
1,1,1,1,7,7,3,1,N,2,15304
2,4,1,1,9,6,69,1,N,2,22483
2,1,1,1,N,3,85,1,N,2,14701
2,3,1,1,2,4,34,1,N,2,16645
2,1,1,2,0,5,56,1,N,2,24605
1,1,1,1,6,6,56,1,N,2,12463
1,1,1,1,6,N,76,1,N,2,16074
1,4,8,1,8,5,53,1,N,2,12579
2,6,2,1,3,7,52,1,N,2,19944
2,6,1,2,7,N,36,1,N,2,9703
2,6,1,2,5,6,13,1,N,2,8867
1,4,1,2,0,6,89,1,N,2,9395
1,6,1,2,1,6,77,1,N,2,15628
1,6,1,1,4,4,65,1,N,2,26777
1,1,2,2,2,7,37,1,N,2,5571
2,3,1,2,5,8,15,1,N,2,21068
2,N,1,1,9,6,67,2,N,2,11817
1,1,1,1,N,12,43,1,N,2,15672
2,6,1,1,N,N,43,1,N,2,21873
2,4,3,1,8,5,41,1,N,2,21653
2,1,2,1,3,7,9,1,N,2,13161
2,1,1,1,6,7,46,1,N,2,15758
2,4,4,1,9,10,19,1,N,2,17369
2,3,1,1,6,10,54,1,N,2,15626
1,1,1,1,8,7,27,1,N,2,23508
1,3,8,2,4,7,34,1,N,2,18769
2,6,8,1,9,3,10,1,N,2,26042
1,1,3,1,6,7,72,1,N,2,2972
2,6,1,1,9,4,51,1,N,2,24335
1,1,1,1,1,5,10,1,N,2,12747
2,1,1,1,2,7,71,1,N,2,24219
2,N,1,2,3,9,60,1,N,2,10523
2,6,2,1,1,5,55,1,N,2,3659
2,1,1,2,7,12,28,1,N,2,27252
1,1,1,1,9,6,51,1,1,2,4680
2,1,4,1,5,6,46,1,N,2,18714
2,6,1,2,7,7,16,1,N,2,20490
2,1,2,1,6,7,17,1,N,2,18299
2,1,1,1,5,7,76,1,N,2,12090
1,1,2,1,6,12,68,1,N,2,18909
1,1,1,1,9,12,30,1,N,2,15618
2,1,1,1,2,2,73,1,N,2,17295
2,1,1,1,0,7,0,1,N,2,24939
2,6,9,2,1,7,32,1,N,2,14475
1,6,1,1,1,7,24,1,N,2,13998
2,6,1,2,1,6,7,1,N,2,15057
2,4,1,2,2,7,0,3,N,2,27252
1,6,1,1,8,7,34,1,N,2,19372
2,1,1,1,5,7,22,1,N,2,27252
2,6,1,2,6,4,1,1,N,2,17368
2,1,1,1,5,6,61,1,N,2,6730
1,1,1,1,3,N,76,1,N,2,18479
1,1,2,1,9,6,32,1,N,2,16436
2,6,1,1,7,7,11,1,N,2,16280
2,6,1,1,7,11,29,1,N,2,13100
1,1,1,1,6,6,84,3,N,2,19982
1,1,2,1,2,6,26,1,N,2,13515
1,6,2,1,9,7,23,1,N,2,10659
2,6,2,1,5,7,23,1,N,2,14517
2,1,1,1,7,7,29,1,N,2,24018
1,6,2,1,9,5,10,1,N,2,12079
1,6,8,2,8,5,7,1,N,2,26197
1,1,1,1,0,5,29,1,N,2,16563
2,1,1,1,N,N,12,1,N,2,27252
1,6,1,1,N,7,41,1,N,2,24939
1,6,6,2,5,7,44,1,N,2,13433
1,1,1,1,1,11,9,1,N,2,12300
1,1,2,2,3,N,0,3,N,2,12903
2,1,1,1,2,9,54,1,2,2,11004
1,1,2,1,8,4,38,1,N,1,10490
2,6,1,2,N,7,43,1,N,2,9427
2,1,1,1,6,6,92,1,N,2,16432
2,6,1,2,4,6,44,1,N,2,11812
1,5,1,1,N,N,62,1,N,2,10545
2,1,1,1,3,N,55,1,N,2,15444
1,6,1,1,4,5,11,1,N,2,26584
1,6,2,1,8,7,33,1,N,2,15650
2,1,1,1,6,5,45,1,N,2,25905
1,6,1,1,0,6,36,1,N,2,0
1,1,1,1,6,7,10,1,N,2,16656
2,1,1,2,2,5,46,1,N,2,10597
1,1,1,1,N,N,60,1,N,2,18759
1,1,1,1,3,N,61,1,N,2,27252
2,1,1,1,5,4,55,1,N,2,17298
2,1,1,2,7,6,78,1,N,2,7166
2,1,1,1,9,7,0,1,N,2,21448
1,6,1,1,N,7,43,1,N,2,18251
2,6,1,2,3,7,45,1,N,2,25946
1,6,1,2,3,5,27,2,N,2,21241
2,1,1,1,4,N,68,1,N,2,12812
2,1,1,1,8,7,46,3,N,2,15897
2,1,1,1,N,7,28,1,N,2,18243
2,4,1,1,N,7,34,1,N,2,24939
2,6,1,2,9,6,32,1,N,2,12622
1,1,1,1,8,N,93,1,N,2,14762
2,6,1,0,0,1,26,1,N,2,23000
1,1,1,1,5,7,48,1,N,2,20580
2,1,1,1,0,2,48,1,N,2,20385
1,6,1,1,7,7,43,1,N,2,520
1,1,1,1,8,7,74,1,N,2,7070
1,6,1,1,0,N,7,1,N,2,20099
2,6,6,2,2,6,38,1,N,2,8048
1,1,1,1,3,N,36,1,N,2,19634
2,6,2,2,2,5,26,1,N,2,24428
1,6,1,2,7,7,7,1,N,2,10786
2,1,1,1,8,5,62,1,N,2,19116
2,6,1,1,6,6,70,1,N,2,7888
1,1,1,1,3,N,24,1,N,2,14794
1,1,1,1,1,9,45,1,N,2,10921
2,1,1,0,7,N,13,1,N,2,15804
2,6,6,2,N,3,25,1,N,2,13728
2,N,1,2,0,6,25,1,N,2,8241
1,1,1,1,7,7,49,1,N,2,25431
1,1,2,2,7,7,91,1,N,2,15971
1,1,1,2,6,8,42,1,N,2,21724
2,1,2,2,3,7,39,1,N,2,13859
2,1,1,1,N,7,95,1,1,2,15358
2,1,1,1,7,N,50,1,N,2,18049
2,1,3,2,7,9,42,1,N,2,0
1,1,1,1,8,N,70,1,N,2,15181
2,1,1,1,4,7,30,1,N,2,12670
1,6,1,2,2,7,40,1,N,2,7838
2,1,8,1,3,10,37,1,N,2,24933
2,1,1,1,9,3,36,1,N,2,13851
2,1,1,1,6,4,63,1,N,2,27252
1,6,1,2,0,7,47,1,N,2,15086
2,1,3,2,2,6,47,1,N,2,20305
2,1,1,2,N,3,54,1,N,2,18768
2,6,1,2,N,7,27,1,N,2,18579
2,4,1,1,8,7,78,1,N,2,8419
2,4,1,2,8,6,53,1,N,2,23109
1,1,1,1,N,7,46,1,N,2,23549
2,6,1,1,3,6,55,1,N,2,25539
1,6,1,2,9,N,44,1,N,2,22578
2,1,1,1,2,1,53,1,N,2,7432
1,1,1,1,N,6,14,1,N,2,13334
1,4,1,1,N,2,72,1,N,2,10794
1,6,2,0,8,6,34,1,N,2,15731
2,1,1,1,9,N,66,1,N,2,20243
1,4,1,1,4,9,79,1,N,2,10597
2,1,1,1,0,5,28,1,N,2,3474
1,1,2,1,0,10,71,1,N,2,21416
2,1,1,1,8,9,55,1,N,2,16871
1,2,1,1,8,8,60,1,N,2,2451
2,4,1,1,3,7,45,1,N,2,23498
2,1,1,1,8,7,40,1,N,2,19140
1,1,1,1,N,4,43,1,N,2,13257
2,6,2,2,3,9,1,1,N,1,6852
2,1,1,2,8,7,25,1,N,2,17840
2,6,1,2,0,7,14,1,N,2,17512
1,1,1,2,4,N,68,1,N,2,11702
2,3,1,1,N,N,42,1,N,2,18458
2,1,1,1,0,6,28,1,N,2,23337
2,3,1,2,9,4,70,1,N,2,8786
1,6,1,2,2,7,20,1,N,2,21469
2,6,1,2,9,4,21,1,N,2,19783
2,5,1,1,8,12,51,1,N,2,23750
2,1,1,1,N,N,55,1,N,2,24081
1,1,1,1,6,11,41,1,N,2,13728
1,6,1,2,2,6,9,1,N,2,27252
1,5,4,2,9,12,16,3,N,2,4540
2,6,2,1,N,7,32,1,N,2,14012
1,6,1,2,N,N,63,1,N,2,12681
1,5,1,1,5,N,36,1,N,2,21867
2,1,6,2,0,3,85,1,N,2,13807
1,6,1,0,7,7,35,1,N,2,23390
1,6,2,2,0,5,32,1,N,2,24816
1,1,1,1,3,7,75,1,N,2,2727
2,1,1,1,6,3,37,1,N,2,17605
2,6,1,2,7,6,36,1,N,2,0
1,1,2,1,3,10,81,1,N,2,15817
1,1,1,1,9,7,64,1,N,2,19482
2,1,1,1,N,7,65,1,N,2,24939
2,6,1,2,8,5,27,1,N,2,12245
2,1,1,2,0,6,19,1,6,2,16467
2,5,2,1,7,3,60,1,N,2,15901
2,4,1,1,8,4,73,1,N,2,27252
2,1,2,2,3,4,48,1,N,2,11067
2,1,1,1,4,5,57,1,N,2,14404
2,6,8,1,7,7,59,1,N,2,6247
2,1,1,1,N,N,43,1,N,2,16950
2,6,2,1,3,7,15,1,N,2,20608
1,1,1,1,9,7,20,1,N,2,14392
2,6,1,2,1,4,39,1,N,2,5586
2,1,1,2,N,N,73,1,N,2,23442
1,1,1,2,0,6,33,1,N,2,22402
1,1,1,1,7,9,0,1,N,2,17934
1,1,1,2,9,6,56,1,N,2,26945
2,3,1,2,5,5,70,1,N,2,10981
1,6,1,2,4,5,3,1,N,2,21422
1,1,1,1,7,2,58,1,N,2,14914
2,1,2,1,N,N,70,1,N,2,6972
2,6,8,2,9,7,6,1,N,2,23596
1,6,2,2,5,9,18,1,N,2,20818
1,1,5,2,1,5,29,1,N,2,4277
2,1,1,1,9,7,56,1,N,2,12095
2,1,7,1,N,7,67,1,N,2,8263
1,6,2,1,4,5,14,1,N,2,22759
2,1,1,1,N,N,48,1,N,2,17667
2,1,2,2,4,7,56,1,N,2,26982
2,6,1,1,0,4,45,1,N,2,7398
2,1,1,1,N,7,36,1,N,2,23517
2,6,6,2,7,6,42,1,N,2,8994
2,1,1,1,9,2,70,1,N,2,15308
2,4,1,1,6,7,3,1,N,2,21941
2,6,2,2,8,7,24,1,N,2,21073
1,1,1,1,1,7,34,1,N,2,24939
2,1,1,1,7,9,39,1,N,2,22184
1,1,1,2,N,7,60,1,N,2,13954
1,1,1,1,8,12,60,1,N,2,18083
1,1,6,1,2,7,20,1,N,2,23928
1,6,8,2,0,7,38,3,N,2,9995
2,1,1,1,N,3,42,1,N,2,15589
1,1,1,2,9,N,60,1,N,2,17532
1,6,1,2,6,7,15,1,N,2,15100
2,1,1,2,N,N,70,1,N,2,16071
2,1,1,1,N,6,30,1,6,2,16412
2,1,1,1,N,5,46,1,N,2,6880
1,6,2,2,7,7,20,1,N,2,15182
1,3,1,1,7,7,64,1,N,2,9113
1,2,1,1,7,10,9,2,N,2,3201
2,1,2,1,9,3,84,1,N,2,19222
1,6,1,2,5,11,84,1,N,2,17560
2,1,1,2,6,12,76,1,N,2,20771
1,6,1,2,0,7,27,1,N,2,24525
2,1,1,1,9,12,48,1,N,2,11970
1,6,1,2,8,N,78,1,N,2,15416
1,1,1,1,5,N,75,1,N,2,16125
2,1,1,2,5,7,27,1,N,2,13762
2,6,1,1,8,3,16,2,N,2,25387
2,3,6,2,5,6,44,2,N,1,1692
2,3,2,2,2,6,18,1,N,2,22186
2,1,1,2,0,7,30,1,N,2,23011
2,1,2,1,9,7,28,1,N,2,8052
1,1,1,1,7,9,77,1,N,2,25279
2,1,1,1,9,6,85,1,N,2,13094
2,6,1,2,2,N,49,1,N,2,23484
2,1,2,1,0,10,61,1,1,2,2113
1,1,3,1,4,10,65,1,N,2,10831
2,5,1,1,2,N,84,1,N,2,17793
2,1,1,2,N,7,45,1,N,2,16634
2,1,2,1,7,N,50,1,N,2,24777
2,1,3,2,0,7,23,1,N,2,13603
2,6,2,1,0,5,36,1,N,2,6410
2,1,2,1,0,8,0,1,N,2,19007
2,1,1,1,3,7,50,1,N,2,21247
1,6,2,1,2,5,12,1,N,2,19958
1,N,5,2,2,3,24,1,N,2,1515
1,6,1,1,4,7,21,1,N,2,23952
1,6,1,2,6,N,53,1,N,2,17075
1,4,1,1,6,3,67,1,N,2,27252
2,1,1,1,8,N,49,1,N,2,19801
2,1,1,1,6,7,50,1,N,2,10565
2,1,1,1,8,3,17,1,N,2,24939
1,6,2,2,2,9,40,3,N,2,9980
2,1,2,1,4,10,57,1,N,2,5442
2,4,1,1,5,7,3,1,N,2,12693
2,1,1,0,N,7,0,1,N,2,23638
1,1,1,1,N,7,41,1,N,2,25269
2,1,2,2,8,7,38,1,N,2,16804
2,6,1,1,9,7,33,1,N,2,14067
1,1,1,1,3,7,10,1,N,2,22199
1,1,1,1,3,N,73,1,N,2,22723
1,1,1,1,6,5,59,1,N,2,14916
2,4,1,2,6,9,50,1,N,2,13888
2,1,1,1,7,3,46,1,N,2,4798
1,1,1,1,3,3,53,1,N,2,21985
1,6,3,2,2,7,18,2,N,2,17147
1,6,1,2,7,7,67,1,N,2,25715
2,4,5,1,0,6,31,3,1,2,16504
2,1,1,1,N,3,46,1,N,2,23501
1,1,1,1,7,4,65,1,N,2,16155
1,3,1,1,N,7,20,1,N,2,14315
2,6,1,2,3,7,34,1,N,2,24939
1,6,6,1,3,7,23,1,N,2,15033
1,6,1,2,8,N,60,1,N,2,22640
1,1,1,1,N,7,66,1,N,2,10658
1,1,1,1,7,4,30,1,N,2,16372
1,6,1,2,3,7,17,1,N,2,15581
2,6,2,1,9,9,19,1,N,2,24198
2,5,1,1,1,7,13,1,N,2,22945
2,3,5,1,N,7,61,1,N,2,2409
1,1,1,2,3,N,77,1,N,2,22092
2,1,1,1,7,7,15,1,N,2,11282
1,1,9,1,7,5,8,1,N,2,25545
2,1,1,1,0,7,79,1,N,2,2352
2,6,1,2,2,6,7,1,N,2,12465
1,1,1,1,9,7,32,1,N,2,19912
1,4,1,1,4,8,50,1,N,2,20654
1,6,1,2,4,5,3,1,N,2,24604
2,6,1,2,2,6,14,1,N,2,25916
2,3,1,1,5,7,49,1,N,2,1692
2,6,1,2,2,10,18,3,N,1,1793
1,1,1,2,N,7,61,1,N,2,3729
1,6,1,2,N,3,60,1,N,2,21681
2,6,1,1,2,7,11,1,N,2,6205
2,6,1,1,8,N,51,1,N,2,23789
1,6,1,1,N,N,29,1,N,2,6887
1,1,1,1,7,5,54,1,N,2,1549
2,4,1,1,N,3,45,1,N,2,25952
2,1,2,1,6,7,4,1,N,2,7822
1,6,1,2,9,7,0,1,N,2,27252
2,6,1,1,0,4,0,1,N,2,15019
2,4,2,2,2,7,26,1,N,2,11688
2,1,2,2,9,7,64,1,N,2,25798
1,6,1,1,8,7,50,1,4,2,21035
1,3,1,2,9,7,3,1,N,2,24939
2,1,1,2,9,5,11,1,N,2,15439
1,1,1,1,7,3,81,1,N,2,26659
2,1,2,1,4,4,26,1,N,2,8955
2,6,2,2,2,12,57,1,N,2,1768
2,1,2,1,3,12,81,1,N,2,3845
1,1,1,2,2,7,16,1,N,2,21969
2,1,1,1,8,3,50,1,N,2,27252
2,5,2,2,8,6,29,1,6,2,18656
1,1,1,2,8,7,66,1,N,2,21055
2,4,1,1,2,6,72,1,N,2,24000
2,6,1,2,7,9,24,1,N,2,16073
2,6,1,1,N,7,39,1,N,2,13964
2,3,1,1,4,6,10,1,N,2,15472
1,1,1,1,7,7,30,1,N,2,19443
1,1,1,1,8,12,43,1,N,2,21110
1,1,1,1,N,7,60,1,N,2,27252
1,1,1,1,3,9,55,1,N,2,23165
1,6,2,0,7,N,17,1,N,2,12205
2,1,1,1,9,3,0,1,N,2,23171
2,6,2,1,N,7,5,1,N,2,20409
1,6,1,1,9,7,67,1,N,2,9431
2,1,1,1,4,3,53,1,N,2,16703
1,1,1,1,N,3,43,1,N,2,27252
2,6,1,1,1,4,14,2,N,2,801
1,6,1,1,7,6,48,1,N,2,11267
2,6,2,2,6,N,0,1,N,2,21158
1,6,1,1,2,N,40,1,N,2,1778
1,6,2,2,6,7,28,1,N,2,17811
1,6,1,1,N,N,53,1,N,2,18096
2,4,1,1,6,7,73,1,N,2,18697
1,N,1,1,7,5,52,3,N,2,5039
1,6,1,2,9,12,52,1,N,2,25130
2,1,1,0,3,2,57,1,N,2,4270
1,1,2,1,4,7,30,1,N,2,14980
2,6,2,2,N,7,33,1,N,2,27252
2,6,2,2,1,1,34,1,N,2,18140
2,6,1,2,7,N,72,1,N,2,16721
2,6,1,1,N,7,82,1,N,2,16991
2,6,1,0,N,7,74,1,N,2,10601
2,6,1,2,N,7,19,1,N,2,10889
2,1,1,1,2,2,47,1,N,2,18717
2,1,1,2,8,7,49,1,N,2,19340
2,N,2,1,0,5,73,1,N,2,26883
1,5,2,2,4,5,29,1,N,2,7567
1,1,1,1,7,11,63,1,N,2,13130
2,6,1,1,0,5,58,1,N,2,7164
1,6,7,2,0,7,28,1,N,2,13795
2,1,1,1,9,7,6,1,N,2,25745
1,1,1,1,7,7,46,1,N,2,16121
1,4,1,2,9,6,37,1,N,2,22825
1,1,1,2,9,6,61,1,N,2,21348
2,1,1,1,5,7,74,1,N,2,16229
2,1,1,1,8,N,46,1,N,2,21697
2,6,1,0,1,10,0,1,N,2,26227
2,1,2,1,N,7,57,1,N,2,23939
2,1,1,2,3,5,55,1,N,2,14014
2,2,1,1,9,7,35,1,N,2,21093
1,6,1,1,8,6,37,1,N,2,21880
1,6,2,1,7,7,22,1,N,2,22230
2,1,1,1,5,7,74,1,N,2,15399
2,6,1,1,7,N,42,1,N,2,3139
2,1,1,1,9,7,73,1,N,2,11798
1,1,1,1,9,2,4,1,N,2,27252
1,1,1,1,8,6,54,1,N,2,23075
2,6,1,1,9,3,11,1,N,2,24939
1,1,1,1,7,3,65,1,N,2,24259
1,1,1,1,4,12,35,1,N,2,26349
1,1,1,1,8,6,56,1,N,2,10376
2,1,1,1,0,7,61,1,N,2,11020
1,6,1,2,0,8,77,1,N,2,10850
1,6,1,1,4,6,69,1,N,2,13294
2,6,1,0,3,2,72,1,N,2,16813
2,6,1,1,0,7,10,1,N,2,10682
2,1,3,2,5,7,66,1,N,2,13458
1,6,2,2,0,6,66,1,N,2,17099
1,3,1,1,1,7,49,1,N,2,27252
1,6,1,2,9,7,14,1,N,2,27252
2,6,2,2,6,5,22,1,N,2,25947
2,4,4,1,9,7,55,1,N,2,25581
2,5,1,1,0,4,54,1,N,2,23079
2,6,4,1,2,5,61,1,N,2,26809
2,1,1,0,7,7,45,1,N,2,18657
1,4,1,1,7,4,26,1,N,2,20085
2,4,1,2,5,7,66,1,N,2,25080
2,6,8,2,1,9,28,1,N,2,21063
2,1,1,1,6,5,61,1,N,2,5336
2,1,1,1,9,2,41,1,N,2,7413
2,6,2,2,4,6,21,1,N,2,13987
2,1,1,1,N,7,68,1,N,2,16812
2,1,1,1,7,2,57,1,N,2,17169
2,6,2,1,3,7,28,1,N,2,14932
2,6,1,1,2,7,4,1,N,2,10609
2,6,1,1,4,2,55,1,N,2,14775
1,6,1,2,5,7,51,1,N,2,10632
1,6,1,2,7,7,55,1,N,2,9967
2,5,2,2,3,11,42,1,N,2,26972
2,1,1,1,5,7,22,1,N,2,23557
2,4,1,1,N,N,50,1,N,2,23198
1,5,2,2,6,1,83,1,N,2,15433
2,6,1,2,4,7,68,1,N,2,27252
2,1,2,1,8,7,48,1,N,2,19810
2,1,1,1,5,8,58,1,N,2,20264
2,2,1,1,6,N,24,1,N,2,11864
2,1,1,1,7,7,7,1,N,2,12767
1,1,1,1,6,N,7,1,N,2,5268
1,6,1,2,0,6,14,1,N,2,15600
2,1,2,2,0,6,45,1,N,2,8371
1,1,1,1,7,7,69,1,N,2,14836
2,1,2,1,7,9,67,1,N,2,21227
2,4,1,1,N,4,76,1,N,2,7849
2,1,1,2,7,9,10,1,N,2,27252
2,1,1,2,8,7,34,1,N,2,15863
1,1,1,1,N,7,72,1,N,2,17553
2,1,1,1,7,6,22,2,N,2,7324
1,1,1,2,7,7,58,1,N,2,26192
2,6,1,2,0,5,5,1,N,2,17313
2,6,2,1,9,6,25,1,N,2,0
2,6,1,1,8,9,11,1,N,2,20108
2,1,1,1,9,6,52,1,N,2,14032
2,6,1,1,8,7,58,1,N,2,808
2,1,1,1,4,5,43,1,N,2,22676
2,1,1,1,9,6,73,1,N,2,17051
2,6,1,2,4,6,39,1,N,2,8306
2,4,1,1,9,11,20,1,N,2,23273
2,6,8,1,8,7,34,1,N,2,18724
1,6,2,2,6,6,36,1,N,2,15928
1,1,1,2,N,3,17,1,N,2,12984
2,6,1,2,N,7,40,1,N,2,12714
2,1,1,1,6,3,47,1,N,2,27252
2,6,1,1,N,7,61,1,N,2,21417
1,6,1,2,N,7,39,1,N,2,15220
1,1,1,2,9,N,10,1,N,2,16843
2,6,6,2,2,3,84,1,N,2,14058
2,6,2,2,5,5,46,1,N,2,23420
1,1,6,1,8,7,54,1,N,2,2234
1,1,2,1,0,5,91,1,N,2,16127
2,1,1,1,3,N,65,1,N,2,27252
1,1,1,1,N,7,24,1,N,2,27252
1,1,1,1,9,N,16,1,N,2,18569
1,1,1,1,5,7,26,1,N,2,19564
2,6,1,1,6,N,59,1,N,2,4880
2,1,1,1,2,9,63,1,N,2,21598
2,6,2,1,6,7,45,1,N,2,25251
1,3,8,1,9,9,67,1,N,2,14004
1,6,1,2,8,10,75,1,N,2,10940
1,6,1,1,4,4,4,1,N,2,6637
1,1,1,1,6,1,76,1,N,2,13852
2,1,1,1,4,11,42,1,N,2,25772
2,1,6,2,5,N,24,1,N,2,20495
1,2,1,1,5,6,18,1,N,2,17996
2,6,1,1,9,N,18,1,N,2,20188
1,1,1,1,6,7,58,1,N,2,19530
2,1,1,2,5,6,49,1,N,2,10503
2,6,1,1,7,7,27,1,N,2,19856
1,4,1,1,9,11,48,1,N,2,8846
2,6,2,2,7,6,88,1,N,2,4268
2,6,1,2,7,7,43,1,N,2,17102
1,6,1,2,9,7,54,1,N,2,13337
2,1,1,1,7,7,44,1,N,2,20132
2,1,1,2,4,7,58,1,N,2,10550
1,1,3,1,5,12,38,1,N,2,26039
2,1,1,2,9,7,52,1,N,2,24582
2,N,1,1,1,5,26,1,N,2,18619
2,6,1,1,7,7,51,1,N,2,15535
2,6,2,2,4,7,32,1,N,2,19215
2,1,2,1,9,6,53,1,N,2,7594
1,1,1,1,3,3,27,1,N,2,22281
1,3,1,1,6,7,19,1,N,2,27252
2,1,1,1,N,N,19,1,N,2,3701
2,6,5,2,2,7,5,1,N,2,22669
1,6,1,2,N,7,54,1,N,2,24939
2,1,1,1,6,7,57,1,N,2,20135
1,1,1,1,N,7,58,1,N,2,18336
2,6,1,1,5,6,37,1,N,2,11560
2,6,6,1,0,7,69,1,N,2,1066
1,6,1,2,9,7,31,1,N,2,17793
1,6,2,2,3,7,0,1,N,2,24939
1,1,2,1,0,N,4,1,N,2,19205
2,6,2,1,0,5,40,1,N,2,22418
2,6,1,1,0,9,89,1,1,2,17920
1,6,1,2,7,5,95,1,N,2,11802
2,6,1,2,8,4,43,1,N,2,17328
2,6,1,1,6,4,72,1,N,2,17969
2,1,1,1,N,7,54,1,N,2,15440
2,1,1,2,3,9,21,1,N,2,17439
2,1,1,2,7,7,31,1,N,2,12521
2,1,1,1,1,7,44,1,N,2,13843
1,6,1,0,7,7,51,1,N,2,15186
2,6,8,1,8,6,12,1,N,2,19067
2,1,2,2,9,7,34,1,N,2,5960
1,1,1,1,8,4,48,1,N,2,2106
2,6,1,1,N,7,11,1,N,2,11000
2,1,1,2,2,7,44,1,N,2,14392
1,4,1,1,1,1,28,1,N,2,15398
1,3,1,1,7,10,43,1,N,2,23756
1,1,1,1,6,N,4,1,N,2,22376
2,6,2,1,7,5,14,1,N,2,11011
2,6,1,2,1,5,0,1,N,2,19122
1,1,1,1,8,11,39,1,N,2,24556
2,1,1,1,N,3,62,1,N,2,21380
1,6,1,2,9,6,58,1,N,2,17175
1,6,1,1,0,7,21,1,N,2,15476
1,4,1,1,3,9,45,1,N,2,13740
2,4,1,1,8,N,67,1,N,2,21581
2,1,1,1,7,6,66,1,N,2,7431
1,1,1,1,9,5,32,1,N,2,19897
1,1,3,2,3,6,66,1,N,2,16949
2,6,1,2,7,10,45,1,N,2,27252
2,1,1,2,7,9,60,3,N,2,15804
2,6,2,2,0,7,20,1,N,2,17162
1,1,2,1,N,7,59,1,N,2,3946
2,3,1,1,5,2,45,1,3,2,21235
2,6,1,1,4,4,18,1,N,2,15778
2,5,1,2,N,N,39,1,N,2,14877
2,4,1,2,6,N,64,1,N,2,15200
2,1,1,2,5,7,53,1,N,2,4485
2,6,1,2,8,7,19,1,N,2,25472
2,6,1,2,6,N,31,1,N,2,20567
1,1,1,1,0,7,21,1,N,2,19418
2,6,8,1,4,9,63,1,N,2,25895
2,1,1,1,8,5,26,1,N,2,18445
1,6,1,2,0,6,4,1,N,2,11493
2,1,1,2,8,1,41,1,N,2,18701
2,1,1,1,0,7,22,1,N,2,20083
1,1,1,1,6,10,59,1,N,2,23626
2,1,1,1,4,8,29,3,N,2,17798
1,1,1,1,0,12,85,1,N,2,18109
1,1,1,2,6,7,34,1,N,2,23690
2,1,1,1,6,7,27,1,N,2,13807
1,4,1,1,5,9,74,1,N,2,26398
2,6,1,1,5,7,32,1,N,2,17555
2,1,1,1,6,N,51,1,N,2,15377
2,1,1,1,N,3,78,1,N,2,17188
1,1,1,1,8,3,75,1,N,2,26901
1,1,1,1,9,7,56,1,N,2,16999
2,6,1,1,0,6,46,2,N,2,24381
2,1,1,1,9,7,19,1,N,2,27252
1,1,1,1,6,7,45,1,N,2,16055
2,2,1,2,9,3,66,1,N,2,13523
2,1,2,2,0,6,31,1,N,2,19597
2,1,1,1,5,7,0,1,N,2,20864
1,5,1,0,2,12,51,1,N,2,3951
1,6,2,2,0,5,20,1,N,2,19405
2,6,1,2,5,6,2,1,N,2,22051
1,3,7,1,4,9,81,1,N,2,22847
2,1,1,1,3,7,74,1,N,2,20928
1,3,1,1,3,7,22,1,N,2,12808
1,1,1,1,N,3,2,1,N,2,27252
2,1,1,2,3,3,0,1,N,2,11025
2,1,1,1,8,N,85,1,N,2,12531
2,1,1,1,4,N,67,1,N,2,17525
1,4,1,1,6,7,62,1,N,2,19619
2,6,1,2,7,5,87,1,N,2,11557
2,1,1,1,5,N,38,1,N,2,9942
2,1,1,1,6,12,54,1,N,2,27252
1,1,1,1,7,12,65,1,N,2,21602
1,6,2,2,8,7,25,1,N,2,18662
2,6,1,2,4,N,23,1,N,2,22851
2,1,1,1,4,7,77,1,N,2,13010
2,1,1,1,1,11,22,1,N,2,17944
1,6,3,1,4,N,0,1,N,2,27252
1,6,2,2,4,6,33,1,N,2,0
1,6,1,2,5,9,26,1,N,2,22096
2,4,1,1,9,7,75,1,N,2,23715
1,6,1,1,3,12,48,1,N,2,18757
2,1,1,1,9,3,27,1,N,2,27252
1,1,1,2,N,7,63,1,N,2,11393
2,4,1,0,5,12,81,1,N,2,11993
2,4,1,2,0,1,24,1,N,2,12295
2,6,1,2,2,9,42,1,N,2,7527
1,3,1,2,1,4,12,1,N,2,24939
2,4,6,2,5,2,49,1,1,2,26890
2,4,8,0,0,6,86,1,N,2,7533
2,6,1,1,8,6,13,1,N,2,7952
1,1,1,2,1,6,0,1,N,2,16385
2,1,1,1,N,3,32,1,N,2,27252
1,1,9,1,7,7,33,1,N,2,7075
2,6,2,1,4,6,43,1,N,2,12381
2,1,1,1,8,2,51,1,N,2,27252
1,6,1,2,2,6,82,1,N,2,24939
1,3,1,2,9,6,27,1,N,2,22435
1,6,1,1,1,N,88,1,N,2,1134
2,1,1,2,8,N,71,1,N,2,12098
2,3,2,2,N,7,22,1,N,2,18173
1,6,2,2,0,2,50,1,N,2,15880
2,1,1,1,5,6,10,1,N,2,24939
1,6,1,2,8,7,20,1,N,2,15829
1,1,1,1,N,3,90,1,N,2,20374
1,4,2,2,0,6,22,1,N,2,16858
1,2,1,1,5,6,45,1,N,2,9849
1,6,1,1,5,5,31,1,N,2,22279
1,1,2,1,9,5,70,1,N,2,16171
1,6,1,1,3,7,23,1,N,2,25919
2,6,1,2,2,7,25,1,N,2,11273
2,6,1,2,6,N,20,1,N,2,15047
1,3,2,1,1,4,66,1,5,2,17888
2,1,1,1,4,12,64,1,N,2,27252
2,6,1,2,1,6,0,1,N,2,15464
1,6,1,2,8,7,0,1,N,2,15145
1,1,1,1,7,7,66,1,N,2,1371
2,4,1,1,0,9,65,1,N,2,8534
1,6,1,1,8,9,47,1,N,2,11050
1,1,1,1,0,5,32,1,N,2,18065
1,6,2,1,1,11,0,1,N,2,23827
2,1,1,2,5,6,30,1,N,2,11243
2,1,1,1,9,7,56,1,N,2,27252
2,6,1,2,N,7,54,1,N,2,15771
1,1,1,1,8,3,58,1,N,2,18497
1,6,1,1,5,12,48,1,N,2,21724
2,6,1,1,9,2,68,1,N,2,14214
2,6,1,1,7,8,30,1,N,2,14386
2,6,1,2,0,4,67,1,N,2,19833
2,6,1,1,8,N,65,1,N,2,27003
2,1,1,1,9,7,58,1,N,2,27252
1,4,3,0,9,5,28,1,N,2,21670
1,6,4,2,7,7,42,1,N,2,18873
1,4,2,1,2,N,25,1,N,2,18600
1,6,2,0,6,7,39,1,N,2,13545
2,6,1,1,6,9,83,1,N,2,11976
2,6,2,1,9,N,66,1,N,2,5953
2,1,1,1,7,5,62,1,N,2,8854
2,1,2,1,5,3,40,1,N,2,27136
2,1,1,1,5,7,58,1,N,2,19951
1,6,2,2,4,7,34,1,N,2,12689
2,6,1,1,7,7,47,1,N,2,21895
1,4,1,2,6,5,81,1,N,2,13614
1,6,1,1,5,9,41,1,N,2,18145
2,1,1,1,7,7,68,1,N,2,18065
1,1,1,1,N,3,46,1,N,2,27252
2,6,1,1,8,7,29,1,N,2,17170
1,1,1,1,0,N,84,1,N,2,27252
2,6,1,2,6,4,68,1,N,2,12435
1,3,5,1,7,N,6,1,N,2,10486
2,1,1,1,N,7,73,1,N,2,20844
1,6,2,1,9,7,70,3,N,2,23198
1,6,1,2,N,N,0,1,N,2,27252
2,1,1,1,8,3,11,1,N,2,27252
2,1,1,1,0,7,26,1,N,2,20473
2,4,2,2,0,7,65,1,N,2,26496
2,6,1,1,N,7,41,1,N,2,20764
2,1,1,2,N,7,95,1,N,2,20240
1,6,1,2,1,5,51,1,N,2,10250
1,4,1,1,0,9,58,1,N,2,25396
1,6,1,1,0,7,60,1,N,2,4211
1,1,1,1,7,7,26,1,N,2,16649
2,1,3,0,1,8,58,1,N,2,22311
1,1,1,2,2,9,46,1,N,2,23812
1,6,1,1,7,7,75,1,N,2,1258
1,1,1,2,2,N,14,1,N,2,6574
2,1,2,1,8,N,33,1,N,2,21617
2,1,1,1,2,7,46,1,N,2,19199
1,3,2,2,3,9,30,1,N,2,3034
2,6,2,1,9,5,12,1,N,2,26558
1,1,1,1,6,N,69,1,N,2,17010
2,6,8,2,1,6,4,1,N,2,26269
1,6,1,0,3,10,25,1,N,2,14330
1,1,5,1,2,9,13,1,N,2,22944
1,6,1,2,9,N,44,1,N,2,4918
2,4,1,1,9,7,18,1,N,2,27252
1,4,1,1,7,2,86,1,N,2,10581
1,1,1,1,7,2,51,1,N,2,17265
1,6,1,1,8,9,38,1,N,2,10211
1,6,1,1,N,7,66,1,N,2,18576
1,6,2,1,6,N,32,1,N,2,11174
2,6,1,2,8,6,0,1,N,2,17817
2,5,1,1,3,7,47,1,N,2,13175
2,1,1,1,9,N,55,1,N,2,19093
2,1,1,1,4,7,29,1,N,2,22774
2,1,1,1,3,7,38,1,N,2,24918
2,2,1,1,5,7,25,1,N,2,13960
2,5,2,2,2,2,78,1,N,2,8096
1,6,2,1,9,7,43,1,N,2,1591
1,6,2,2,3,N,46,1,N,2,13856
2,6,1,1,7,N,17,1,N,2,13994
2,6,1,1,0,9,32,1,N,2,24939
2,1,1,1,9,N,83,1,N,2,17230
1,6,2,0,1,5,20,2,N,2,9200
1,6,6,1,6,4,40,1,N,2,11802
2,5,1,2,8,5,54,1,N,2,25105
2,1,6,1,1,6,39,1,N,2,5379
1,5,7,2,3,8,7,1,N,2,8132
2,1,1,2,7,N,15,1,N,2,5859
2,1,1,1,N,N,47,1,N,2,17829
2,6,1,2,N,N,71,1,N,2,22906
2,6,2,1,9,4,51,1,N,2,20070
2,6,1,1,6,7,67,1,N,2,20205
1,1,1,2,3,6,10,1,N,2,15044
2,2,1,1,6,3,71,1,N,2,14121
2,4,1,2,8,12,62,1,N,2,17551
2,6,3,1,9,6,31,1,N,2,14295
2,1,1,1,4,11,47,1,N,2,27252
1,1,1,2,0,5,45,1,N,2,14531
2,6,3,2,4,4,13,1,N,2,27252
2,4,1,1,2,9,15,1,N,2,25283
2,6,9,2,8,6,28,1,N,2,7542
1,6,1,2,1,9,20,1,N,2,17655
1,6,1,1,4,N,24,1,N,2,15073
1,3,4,1,8,1,85,1,N,2,18656
1,1,1,1,2,8,39,1,N,2,12322
2,1,1,1,6,4,95,1,N,2,14344
2,6,1,1,9,7,15,1,N,2,22715
2,4,1,1,7,7,53,1,N,2,13840
1,1,1,1,7,7,26,1,N,2,19233
1,3,1,2,5,5,30,1,N,2,12887
2,1,1,1,N,3,21,1,N,2,21860
2,1,1,1,N,3,77,1,N,1,26437
1,1,1,1,4,12,31,1,N,2,20988
2,1,1,1,1,6,50,1,N,2,23810
2,1,1,1,N,N,71,1,N,2,20112
2,1,1,1,9,6,57,1,N,2,12689
2,6,1,1,N,3,48,3,N,2,11532
1,1,1,1,5,N,70,1,N,2,11663
1,2,1,1,N,3,33,1,N,2,23474
2,6,1,1,1,5,36,1,N,2,8244
2,1,8,1,N,N,17,1,N,2,1957
1,1,1,1,N,N,79,1,N,2,15572
2,1,1,1,N,7,57,1,N,2,14413
2,6,2,2,3,9,58,1,N,2,1298
2,1,1,0,4,12,68,1,N,2,6572
1,1,1,1,N,N,37,1,N,2,17686
1,1,1,1,6,1,41,1,N,2,12199
2,6,1,2,2,5,48,1,N,2,16873
2,6,1,1,0,8,0,1,N,2,13128
2,6,1,1,6,7,2,1,N,2,23448
1,1,7,1,N,3,54,1,N,2,21417
2,1,1,2,N,7,13,1,N,2,26001
2,1,1,2,3,4,76,1,N,2,19928
2,1,1,1,2,N,41,1,3,2,24939
2,1,1,1,0,9,67,1,N,2,17095
2,6,2,2,5,7,3,1,N,2,14469
2,6,1,1,9,7,88,1,N,2,10920
1,6,2,1,0,9,88,1,N,2,12470
2,6,9,2,8,4,89,1,N,2,22852
1,6,1,2,N,N,35,1,N,2,13240
2,6,5,1,5,10,63,1,N,2,12731
1,1,1,1,9,6,81,1,N,2,16895
1,1,1,1,8,6,67,1,N,2,22896
2,6,1,2,6,5,44,1,N,2,1456
1,6,1,1,6,7,10,1,N,2,24939
2,1,1,1,0,N,50,1,N,2,22864
2,1,4,1,2,8,38,1,N,2,20238
2,4,1,1,0,12,74,1,N,2,4680
2,6,2,2,7,7,30,1,2,2,9013
1,6,1,2,5,4,71,1,N,2,17909
2,6,9,1,6,7,61,1,N,2,20449
1,1,1,1,8,7,47,3,N,2,24900
1,6,1,1,5,8,70,1,N,2,18166
2,1,1,1,N,7,61,1,N,2,6822
1,6,1,1,8,3,6,1,N,2,16027
1,6,1,1,2,5,41,1,N,2,15141
1,1,1,1,4,7,48,1,N,2,16421
2,1,1,1,4,9,47,1,N,2,19815
2,1,1,1,9,7,69,1,N,2,20843
1,1,1,1,0,3,46,1,N,2,20013
1,2,1,1,8,7,58,1,N,2,24939
2,1,3,2,0,2,63,1,5,2,19321
1,1,1,2,0,12,27,1,N,2,17326
2,1,1,1,3,N,9,1,N,2,19964
2,1,1,1,9,6,70,1,N,2,10673
2,1,1,1,N,7,81,1,N,2,9242
1,6,1,1,6,6,24,1,N,2,18393
1,6,1,1,5,5,9,1,N,2,24131
2,1,1,2,9,6,77,1,N,2,13278
1,1,1,2,7,7,44,1,N,2,27252
1,1,1,1,0,6,19,1,N,2,15449
2,4,1,1,6,9,12,1,N,2,25769
2,1,1,1,6,9,90,1,N,2,15634
2,1,9,1,2,7,44,1,N,2,9663
2,6,2,1,7,9,12,1,N,2,4655
2,1,1,1,9,7,62,1,N,2,16945
2,1,1,2,6,7,68,1,N,2,11460
2,6,1,2,4,6,41,1,N,2,8659
1,4,1,1,N,N,64,1,3,2,22777
2,1,1,1,9,11,51,1,N,2,11531
1,6,1,1,6,5,69,1,N,2,3602
1,6,1,1,4,7,61,1,N,2,9960
2,1,2,1,7,7,29,1,2,2,12684
1,3,2,0,7,9,42,1,N,2,14829
2,6,1,2,6,7,10,1,N,2,27252
1,6,8,2,7,5,70,1,N,2,16924
1,6,8,2,0,9,77,1,N,2,4063
2,3,1,1,N,7,58,1,N,2,18988
2,6,1,1,2,1,51,1,N,2,17030
1,1,2,2,6,7,25,1,N,2,20224
1,1,5,1,0,5,91,1,N,2,14501
2,1,1,1,0,N,74,1,N,2,15591
1,1,1,1,6,N,64,1,N,2,17006
1,1,1,1,4,7,39,1,N,2,26387
2,1,1,1,9,N,54,1,N,2,14679
1,6,9,1,6,7,39,1,N,2,15795
1,1,9,1,N,N,56,1,N,2,20405
2,6,2,2,1,6,21,1,N,2,8221
2,1,2,1,5,N,63,1,N,2,27252
1,1,2,1,4,3,25,1,N,2,12714
1,1,1,1,1,11,16,3,N,2,14850
2,1,1,2,5,7,47,1,N,2,27252
1,1,2,1,6,N,31,1,N,2,14079
1,6,2,2,7,N,7,1,N,2,23428
1,1,1,2,5,7,22,1,N,2,16720
2,1,2,2,2,9,55,1,N,2,11384
2,6,1,2,0,7,45,1,N,2,24526
2,6,1,1,3,7,53,1,N,2,17354
2,1,1,1,N,N,56,1,N,2,26587
1,6,2,2,7,7,73,1,N,2,15804
2,3,2,1,2,3,9,1,N,2,18333
2,6,1,1,9,7,40,1,N,2,26791
2,6,1,1,N,7,27,1,N,2,12337
1,1,1,1,7,2,44,1,N,2,3451
2,1,1,1,8,N,44,1,N,2,23626
1,1,1,2,5,9,77,1,N,2,18317
2,6,2,2,8,N,0,1,N,2,21283
2,1,1,1,6,N,49,1,N,2,22006
2,6,2,1,7,7,0,1,N,2,5162
2,6,1,1,5,6,7,1,N,2,5678
1,1,1,2,1,3,46,1,N,2,12798
2,1,1,1,2,1,66,1,N,2,4902
2,1,1,1,0,3,39,1,N,2,13137
2,1,1,1,9,7,67,1,6,2,18791
2,6,1,1,0,3,52,1,N,2,15329
1,6,1,1,0,6,74,1,N,2,21823
2,6,1,2,7,6,21,1,N,2,22394
2,1,1,1,5,7,59,1,N,2,21264
1,6,1,1,9,7,57,1,N,2,23368
1,6,2,2,9,7,13,1,N,2,4715
2,1,1,1,N,3,82,1,N,2,10925
1,1,1,1,0,8,65,1,N,2,22188
1,1,2,1,5,6,55,1,N,2,21221
1,1,1,0,2,10,44,1,N,2,10993
2,6,1,2,8,3,0,1,N,1,13249
1,1,1,2,N,N,44,1,N,2,21547
1,6,1,1,0,5,82,1,3,2,11253
1,4,2,1,5,N,7,1,N,2,11590
1,6,1,0,0,9,30,1,N,2,19551
2,1,1,1,N,7,46,1,N,2,16930
2,1,1,1,N,3,32,1,N,2,8056
2,1,1,1,2,5,50,1,N,2,4539
2,1,1,2,7,7,47,1,N,2,22378
2,1,1,1,6,7,11,1,N,2,26708
2,1,1,1,7,7,41,1,N,2,23041
1,6,1,1,0,N,14,1,N,2,26106
2,6,1,0,5,7,41,1,N,2,4565
2,1,1,0,7,N,40,1,N,2,26515
2,1,1,1,8,7,63,1,N,2,26410
2,6,2,1,4,7,54,1,N,2,12374
1,6,1,1,9,N,1,1,N,2,18069
2,1,1,1,0,N,59,1,N,2,2846
1,6,1,1,9,N,71,1,N,2,21769
1,1,2,2,5,6,33,1,N,2,14263
2,3,1,1,6,7,95,1,N,2,5535
2,6,2,2,1,6,34,1,N,2,5858
2,1,1,1,7,7,72,1,N,2,7232
2,6,1,0,6,11,51,1,N,2,23031
1,5,1,2,1,6,27,1,N,2,22514
1,4,5,0,5,7,11,1,N,2,20809
2,6,1,1,9,6,41,1,N,2,22582
2,1,1,1,4,7,84,1,N,2,18639
2,1,1,1,8,7,31,1,N,2,23265
1,1,1,1,8,11,44,1,N,2,23189
2,4,1,1,5,7,0,1,N,2,18305
2,6,1,1,2,N,16,1,N,2,22839
2,4,1,2,8,5,24,1,N,2,25116
2,1,1,1,6,9,31,1,N,2,12574
2,1,1,2,2,9,58,1,N,2,5312
1,6,1,2,3,7,60,1,N,2,14268
1,6,1,1,5,8,43,1,N,2,24144
1,1,1,1,N,N,54,1,N,2,16611
2,6,1,1,N,7,65,1,N,2,21382
2,6,1,1,9,12,27,1,N,2,21568
1,1,1,1,4,7,42,1,N,2,17505
1,1,1,1,N,7,25,1,N,2,20648
1,1,1,1,9,7,34,1,N,2,16559
2,2,6,0,2,4,80,1,N,2,21696
1,1,1,1,6,6,39,1,N,2,17912
2,6,3,2,7,9,74,2,N,2,9717
1,1,1,2,3,7,0,1,N,2,19177
1,6,2,2,8,7,20,1,N,2,18131
2,5,3,2,5,6,38,1,N,2,17271
2,1,1,1,5,3,93,1,N,2,10788
1,1,2,2,3,N,20,1,N,2,19221
2,1,1,1,4,7,67,1,N,2,6575
1,6,1,1,2,6,28,1,N,2,22167
1,1,1,1,8,3,10,1,N,2,24835
2,6,1,1,2,6,51,1,N,2,11017
1,1,1,1,N,3,47,1,N,2,19631
1,1,1,1,0,7,50,1,N,2,9427
2,1,2,1,9,7,83,1,N,2,0
1,4,1,1,0,4,49,1,N,2,23476
2,6,2,0,7,5,0,1,N,2,15286
1,6,1,1,0,7,14,1,N,2,19551
2,3,2,2,8,6,80,1,N,2,0
2,6,1,1,N,2,51,1,N,2,16578
2,6,1,2,8,N,41,1,N,2,8811
1,1,1,2,0,8,34,1,N,2,5131
1,1,1,1,7,12,50,1,N,2,20522
1,6,1,2,0,1,31,1,N,2,15934
1,6,2,2,2,4,39,1,N,2,14059
2,4,9,2,9,7,5,3,N,2,6848
2,1,1,1,8,N,50,1,N,2,20124
1,1,3,2,8,2,32,1,N,2,16604
2,6,2,1,5,6,33,1,N,2,16348
2,1,1,1,5,10,67,1,N,2,12301
1,1,1,1,N,3,50,1,N,2,27252
2,1,1,1,6,N,6,1,N,2,24939
2,4,1,1,9,12,44,1,N,2,24792
1,6,1,1,6,N,37,1,N,2,18890
2,1,1,1,0,N,51,1,N,2,27252
2,6,1,2,4,9,34,1,N,2,8754
2,4,1,1,3,4,43,1,N,2,15079
1,6,1,2,5,N,81,1,N,2,13638
2,6,1,1,0,7,20,1,N,2,19537
1,1,1,2,N,N,10,1,N,2,14110
2,1,1,1,2,10,60,1,N,2,16869
1,1,1,1,8,5,65,1,N,2,24817
2,6,1,1,0,7,51,1,N,2,23943
2,1,1,1,9,7,62,1,N,2,10628
2,6,1,1,7,5,73,1,N,2,3673
2,1,1,2,7,7,48,1,N,2,16667
2,1,1,1,0,9,36,1,N,2,12092
2,6,1,2,N,7,29,1,N,2,12599
2,6,1,1,5,6,32,1,N,2,10955
2,6,7,1,4,7,42,1,5,2,15594
1,1,1,1,7,7,55,1,N,2,13394
1,6,1,2,0,7,24,1,N,2,18242
1,1,1,1,N,N,73,1,N,2,27252
2,6,1,1,3,N,63,1,N,2,27252
1,6,1,2,8,7,7,1,N,2,17982
2,6,1,1,2,9,47,2,N,2,26331
1,3,3,1,2,1,0,1,N,2,13013
2,6,3,1,N,7,50,1,N,2,12145
2,1,1,2,3,11,32,1,N,2,25053
2,1,1,1,0,N,41,1,N,2,22196
1,1,1,1,7,10,20,1,N,2,10459
1,6,1,1,4,7,30,1,N,2,10051
2,1,1,0,0,N,64,1,N,1,13591
2,6,1,0,2,4,5,1,N,2,9426
2,1,1,1,6,N,50,1,N,2,13895
1,4,1,2,7,8,77,1,N,2,13275
1,4,8,1,9,N,49,1,N,2,15418
2,1,1,2,1,3,16,1,N,2,7522
1,6,2,2,7,7,43,1,N,2,16505
2,1,2,1,7,6,71,1,N,2,26042
2,1,1,1,5,6,67,3,N,2,18067
2,1,1,2,9,7,37,1,N,2,17384
2,1,1,0,3,9,22,1,N,2,19509
2,6,1,2,2,7,30,1,N,2,12617
1,6,1,1,3,7,43,1,N,2,19171
2,1,1,1,8,11,52,1,N,2,23261
2,6,1,1,5,N,60,1,N,2,7326
2,1,1,1,8,N,51,1,N,2,27252
2,6,1,1,3,12,73,1,N,2,20495
2,6,1,2,7,6,32,1,N,2,22822
2,1,8,1,4,9,12,1,N,2,21152
1,1,1,1,0,5,61,1,N,2,13523
1,1,1,1,N,3,74,1,N,2,27252
2,1,1,1,3,10,50,1,N,2,13694
2,1,2,1,9,6,73,1,N,2,26213
2,1,1,2,9,3,69,1,N,2,14932
1,6,1,2,6,N,0,1,N,2,25516
2,6,2,2,6,N,12,1,N,2,6543
1,6,2,1,5,7,35,1,N,2,13325
1,1,1,1,3,7,30,1,N,2,26432
1,1,1,1,N,N,95,1,N,2,17347
2,3,1,1,6,3,37,1,N,2,21459
1,6,1,1,5,3,39,1,N,2,15446
1,3,1,2,5,9,30,1,N,2,5810
2,6,1,2,N,7,50,1,N,2,16041
1,6,2,1,4,8,65,1,N,2,13809
1,6,1,1,7,7,39,1,N,2,14537
2,6,1,2,0,5,53,1,N,2,13162
2,1,1,1,8,7,48,1,N,2,17464
1,6,1,2,6,7,0,1,N,2,13159
1,6,1,2,0,10,27,1,N,2,19478
1,1,1,2,7,12,26,1,N,2,24939
1,6,2,1,9,7,20,1,N,2,16088
1,6,2,1,1,6,31,1,N,2,19160
1,1,1,0,2,10,0,1,N,2,8849
1,1,1,1,7,5,48,1,N,2,16858
2,1,2,1,1,12,54,1,N,2,23433
2,1,1,1,N,7,35,1,N,2,22135
2,1,7,1,4,7,37,1,N,2,17339
2,4,2,2,6,7,16,1,N,2,12051
1,6,6,0,1,5,2,1,N,2,21304
1,6,4,2,4,7,76,1,N,2,12426
2,6,1,2,7,6,40,1,N,2,25249
2,1,1,1,8,8,81,1,N,2,13237
2,1,2,2,8,6,85,1,N,2,21828
2,1,8,1,8,N,77,1,N,2,18918
2,1,1,1,2,6,32,1,N,2,14815
2,1,3,2,2,3,66,1,N,2,9019
2,6,1,1,0,9,31,1,N,2,16842
2,4,1,1,5,7,35,1,N,2,19213
2,6,1,1,N,2,59,1,N,2,16958
1,6,1,1,9,7,52,1,N,2,14505
2,6,1,1,5,7,51,1,N,2,6199
1,6,2,1,2,6,23,1,N,2,11347
1,1,7,1,0,4,57,1,N,2,22770
1,1,1,2,1,9,0,1,N,2,15044
2,5,9,2,4,7,44,1,N,2,11900
2,5,1,2,2,9,33,1,N,2,16016
2,1,1,2,9,7,26,1,N,2,3359
1,3,9,1,0,6,37,3,N,1,16089
2,6,1,2,0,7,52,1,N,2,8094
1,6,1,2,N,N,59,1,N,2,18701
1,6,1,2,4,7,24,1,N,2,20243
2,6,2,1,9,7,14,1,N,2,24351
1,6,1,2,9,7,0,1,N,2,18787
2,1,1,1,N,7,29,1,N,2,12527
2,6,1,1,6,9,51,1,N,2,4852
2,6,2,2,3,6,23,1,N,2,11562
2,6,1,2,1,5,22,1,N,2,8779
1,1,1,2,9,N,4,1,N,2,17352
2,1,1,1,0,7,53,1,N,2,16284
1,6,2,2,5,6,0,1,N,2,19648
2,1,1,2,8,6,49,1,N,2,19865
2,1,2,2,2,9,69,1,N,2,8243
1,3,1,1,8,N,65,1,N,2,20317
2,1,6,2,8,6,31,1,N,2,13068
2,1,1,1,8,7,31,1,N,2,20360
1,1,1,2,3,5,18,1,N,2,15118
2,6,2,1,1,4,50,3,N,2,19209
2,1,1,1,3,7,20,1,N,2,24939
1,6,2,2,0,5,48,1,N,2,17305
1,6,6,2,4,10,13,1,N,2,20110
1,6,1,1,0,7,76,1,N,2,17792
1,1,1,1,N,3,81,1,N,2,10693
2,1,2,1,N,7,11,1,N,2,27252
2,1,1,1,6,7,18,1,N,2,17457
1,3,2,2,9,7,2,1,N,2,24064
2,6,1,2,5,7,26,1,N,2,13952
2,1,1,1,9,3,72,1,N,2,15293
1,6,1,1,8,5,11,1,N,2,9087
2,1,1,1,0,4,6,1,N,2,13538
1,6,1,2,7,3,4,1,N,2,13909
2,6,1,1,1,9,27,1,N,2,19180
2,1,1,1,0,4,68,1,N,2,12023
2,6,1,1,6,10,78,1,N,2,12568
1,1,6,1,0,N,58,1,N,2,12150
2,1,1,1,4,7,20,1,N,2,27252
1,6,1,1,3,9,56,1,N,2,17703
2,6,1,2,8,6,26,1,N,2,0
2,6,2,1,6,N,0,1,N,2,17531
2,5,1,1,2,3,60,1,N,2,22613
2,1,1,1,8,3,36,1,N,2,20618
2,6,2,1,6,5,27,1,N,2,20587
1,6,2,1,3,8,66,1,N,2,17428
1,1,1,1,7,N,27,1,N,2,23029
2,6,1,1,6,6,13,1,N,2,20566
2,6,1,1,8,8,47,1,N,2,15133
1,6,1,1,3,6,33,1,N,2,17799
1,5,1,2,8,5,39,1,N,2,18191
1,1,1,1,8,7,40,1,N,2,12669
2,1,1,0,7,3,40,1,N,2,24625
1,1,1,1,N,12,60,1,N,2,27252
1,1,1,1,9,6,58,1,N,2,16867
2,1,1,1,8,N,80,1,N,2,19508
1,1,1,1,5,7,27,1,N,2,9232
1,1,1,1,9,N,67,1,N,2,22645
1,6,1,1,8,N,19,1,N,2,2267
2,6,1,2,3,N,39,1,N,2,13195
2,6,1,2,0,7,65,1,N,2,9033
2,6,1,2,N,N,21,1,N,2,18867
1,6,1,2,2,7,80,1,N,2,4250
1,1,1,1,6,N,8,2,N,2,18826
1,6,2,2,6,7,50,1,2,2,18144
1,1,1,2,8,N,43,1,N,2,21980
1,2,1,1,N,3,56,1,N,2,24939
2,1,2,1,9,3,57,1,N,2,21546
2,6,1,1,5,7,54,1,N,2,20011
2,1,1,1,N,7,53,1,N,2,21922
2,3,1,1,N,7,28,1,N,2,25745
2,1,1,1,5,1,47,1,N,2,17117
2,1,1,1,6,7,77,1,N,2,27252
1,1,1,1,5,N,47,1,N,2,15940
2,1,6,1,6,12,18,1,N,2,20084
1,1,1,2,6,9,34,1,N,2,0
1,1,2,1,8,6,77,1,N,2,23663
1,1,5,1,2,12,22,1,N,2,5184
2,5,1,1,9,5,48,1,N,2,10051
2,3,1,2,4,5,58,1,N,2,10839
2,1,1,1,N,9,63,1,N,2,15793
2,6,1,2,7,7,15,1,N,2,24939
2,4,1,2,5,1,57,1,N,2,23650
1,1,1,1,9,9,37,1,N,2,22030
1,1,1,2,6,4,16,1,N,2,4578
1,5,1,1,9,9,51,1,N,2,23035
1,1,1,1,7,8,51,1,N,2,21360
2,1,1,1,4,N,87,1,N,2,7344
1,1,2,1,N,3,41,1,N,2,26169
2,4,3,2,7,7,43,2,N,2,11703
2,4,1,1,7,7,10,1,N,2,18308
2,6,1,1,6,11,43,1,N,2,18876
2,1,1,1,8,7,62,1,N,2,23726
1,3,1,1,0,N,45,1,N,2,12784
2,1,1,1,0,6,64,1,N,2,26803
1,6,1,1,N,3,31,1,N,2,25896
1,1,7,1,6,8,54,1,N,2,5547
1,6,6,2,N,N,18,1,N,2,27252
2,1,1,1,N,7,48,1,N,2,16398
2,6,1,1,6,7,26,1,N,2,25897
2,6,1,1,3,N,41,1,N,2,23246
2,1,1,1,N,N,41,1,1,2,22803
2,1,1,1,6,3,55,1,N,2,12785
1,1,2,1,N,7,11,1,N,2,16503
1,6,1,2,0,7,46,3,N,2,16539
2,4,1,1,7,7,63,1,N,2,19816
1,1,1,2,1,5,63,1,N,2,20375
1,1,1,1,8,6,74,1,N,2,15975
1,1,2,1,5,5,51,1,N,2,868
1,4,1,1,8,N,40,1,N,2,13169
1,1,1,1,4,5,0,1,N,2,17451
1,1,2,1,4,9,73,1,N,2,11423
2,1,1,1,8,10,62,1,N,2,11979
2,1,1,1,N,7,53,1,N,2,21116
1,6,2,1,0,5,16,1,N,2,14773
1,1,1,1,7,7,71,1,N,2,19683
1,1,1,1,4,12,60,1,N,2,18791
1,1,1,1,5,6,32,1,N,2,16464
1,6,2,1,0,7,26,1,N,2,15403
2,6,1,1,3,N,12,1,N,2,15554
2,1,2,1,7,7,10,1,N,2,12919
2,1,2,2,3,7,44,1,N,2,19374
2,1,1,1,9,7,58,1,N,2,24234
1,2,8,1,5,11,64,1,N,2,9293
2,4,1,1,2,5,79,1,N,2,15629
2,1,1,1,1,6,35,1,N,2,21787
2,1,1,1,8,8,59,1,N,2,16086
2,1,1,1,1,5,55,1,N,2,25462
2,1,1,1,4,2,36,1,N,2,24376
1,1,1,0,8,5,72,1,N,2,20272
1,5,1,1,8,7,45,1,N,2,24248
1,1,1,1,7,4,79,1,N,1,20855
2,6,1,2,9,7,18,1,N,2,24421
2,1,1,1,8,2,83,1,6,2,21655
1,1,1,1,0,2,50,1,N,2,10123
1,6,1,2,0,5,38,1,N,2,13270
2,1,6,1,6,7,70,1,N,2,10715
2,1,1,1,5,2,20,1,N,2,15038
2,6,1,1,9,7,18,1,N,2,22361
1,6,1,1,N,7,64,1,N,2,7315
2,5,6,1,0,7,10,1,N,2,3799
1,1,1,1,9,8,38,1,N,2,18194
2,6,1,1,5,8,70,1,N,2,4677
2,1,1,1,6,6,44,1,N,2,18760
1,1,1,1,0,N,44,1,N,2,27252
2,1,1,2,7,N,53,1,N,2,25979
1,1,2,1,6,N,55,1,N,2,16843
2,1,1,1,7,9,18,1,N,2,17342
2,1,1,0,N,6,77,1,N,2,12919
1,1,1,1,0,6,43,1,2,2,22277
2,1,1,1,9,7,47,1,N,2,7326
2,6,1,1,N,N,33,1,N,2,26118
1,6,1,2,2,6,29,1,N,2,16585
1,6,1,1,8,7,26,1,N,2,2709
1,6,1,1,2,9,36,1,N,2,7537
2,6,2,1,7,3,95,1,N,2,18789
1,1,1,1,N,3,51,1,N,2,25118
1,1,1,2,4,9,0,1,N,2,23723
2,6,1,1,3,9,1,1,N,1,20152
1,1,1,1,0,N,64,1,N,2,23776
2,6,1,2,5,7,0,1,N,2,19008
1,1,9,1,0,N,59,1,N,2,17894
2,1,1,1,9,3,54,1,N,2,21008
1,6,1,1,1,5,80,1,N,2,5415
1,1,5,2,1,4,11,1,N,2,11068
1,1,1,1,4,7,71,1,N,2,8997
1,6,1,2,7,5,38,1,N,2,348
1,6,3,2,0,2,0,1,N,2,20048
1,1,1,2,N,7,80,1,N,2,12992
2,1,1,1,9,11,50,1,N,2,17701
2,1,1,1,6,N,47,1,N,2,16843
2,1,1,1,4,7,37,1,N,2,23002
1,1,1,1,7,N,39,1,N,2,23093
2,6,2,1,9,7,0,1,N,2,17565
1,4,1,1,6,7,56,1,N,2,27252
2,6,2,1,0,6,19,1,N,2,7080
1,6,1,2,3,7,14,1,N,2,13865
1,1,1,1,3,N,57,1,N,2,15897
2,1,1,1,5,6,55,1,N,2,16650
1,1,1,2,0,7,61,1,N,2,4616
1,1,1,1,5,9,48,1,N,2,24064
1,1,1,1,9,4,72,1,5,2,3396
2,1,1,2,N,N,29,1,N,2,19474
1,1,2,2,0,6,28,1,N,2,11696
2,5,1,1,1,10,34,1,N,2,20501
2,1,1,1,2,4,37,1,N,2,18882
2,1,1,1,N,7,55,1,N,2,26474
2,1,2,1,N,N,65,1,N,2,11155
1,6,1,0,5,11,67,1,N,2,24554
1,1,1,1,6,7,36,1,N,2,24031
1,6,1,2,9,6,62,1,N,2,13219
2,6,1,1,0,10,29,1,N,2,10290
2,6,8,2,3,7,18,1,N,2,23444
2,3,1,2,3,4,50,1,N,2,20939
2,4,1,1,6,N,50,1,N,2,22617
2,1,1,1,N,7,90,1,N,2,17137
2,1,1,2,7,N,14,1,N,2,24962
2,1,1,1,4,6,43,1,N,2,24419
2,6,2,1,1,6,41,1,N,2,11279
2,2,1,1,0,N,27,1,N,2,16398
1,1,1,1,5,N,57,1,N,2,18497
1,3,1,1,N,N,48,1,N,2,27252
2,1,1,1,N,12,67,1,N,2,2707
1,1,1,1,4,2,35,1,N,2,12112
2,1,1,2,5,7,22,1,N,2,24939
1,1,1,1,3,3,58,1,N,2,4770
1,3,1,1,7,3,77,1,N,2,14213
2,6,2,2,6,N,23,3,N,2,11136
1,1,1,1,7,2,62,1,N,2,22655
2,1,1,1,3,9,74,1,N,2,21417
1,6,2,2,2,5,17,1,N,2,13436
2,6,2,1,6,N,67,1,N,2,13411
1,1,1,1,4,5,63,1,N,2,8491
2,6,2,2,3,11,21,1,N,2,19025
2,1,1,1,6,5,47,1,N,2,15976
1,1,2,2,1,7,20,1,N,2,12176
1,1,1,1,0,N,32,1,N,2,23649
1,1,9,1,4,6,0,1,N,2,20758
2,6,1,2,2,N,81,1,N,2,15123
2,1,1,1,8,5,20,1,N,2,24939
2,1,1,2,7,N,72,1,N,2,18566
2,6,1,1,0,7,11,1,N,2,9334
2,6,1,2,2,7,28,3,N,2,25404
2,6,7,2,1,7,55,1,N,2,11051
1,4,1,2,6,7,31,1,N,2,12489
1,1,1,1,8,3,70,1,N,2,22438
2,6,1,2,0,6,22,1,N,2,18314
2,6,2,2,8,4,7,1,N,2,12434
1,4,1,2,0,5,0,1,N,2,14036
2,1,1,1,8,7,70,1,N,2,17565
1,6,7,2,2,4,3,1,N,2,10109
1,6,3,2,1,4,13,1,N,2,7795
1,1,1,1,1,N,28,1,N,2,2830
1,1,1,1,8,12,57,1,N,2,22262
2,1,1,1,9,7,64,1,N,2,9301
2,1,1,2,5,7,5,1,N,2,22348
1,1,1,1,9,4,42,1,N,2,4357
2,6,1,2,3,9,26,1,N,2,3214
1,1,1,1,N,12,75,1,N,2,23281
1,6,2,2,1,5,68,1,N,2,16476
1,1,1,2,2,4,39,1,N,2,0
1,6,1,1,3,N,62,1,N,2,19842
2,1,1,1,N,N,64,1,N,2,16556
2,1,1,1,N,3,72,1,N,2,2470
2,6,1,1,8,N,75,1,N,2,20677
2,1,1,0,3,11,56,1,N,2,17878
2,6,1,2,4,7,51,1,N,2,11178
2,1,1,1,N,4,88,1,N,1,13799
1,6,1,1,0,5,24,1,N,2,11282
1,1,1,1,2,9,50,1,N,2,7674
2,1,1,1,8,12,41,1,N,2,27252
2,1,1,2,0,5,54,1,N,2,11654
1,1,1,1,6,9,37,3,N,2,14829
2,1,2,2,5,5,40,1,N,2,8977
2,6,1,2,0,7,25,1,N,2,21561
1,6,1,2,5,4,45,1,N,2,9191
2,3,1,2,8,6,2,1,N,2,16633
1,1,1,1,6,N,60,1,N,2,18335
1,1,2,2,N,5,34,1,N,2,3640
2,1,1,1,8,7,38,1,N,2,12988
1,6,1,1,8,9,0,1,N,2,11269
2,6,1,1,7,7,25,1,N,2,13312
2,1,1,1,3,4,28,1,N,2,15584
1,1,1,1,N,N,74,1,N,2,11447
2,4,2,1,6,5,53,1,2,2,12232
2,4,1,1,8,2,77,1,N,2,3983
1,1,1,1,0,N,12,1,N,2,24598
1,1,6,1,1,7,51,1,N,2,9190
2,1,6,1,9,7,54,1,N,2,8846
1,1,2,2,N,7,60,1,N,2,6759
2,1,1,1,9,7,60,1,N,2,20443
1,1,1,1,6,7,59,1,N,2,18056
2,1,1,1,2,9,50,1,N,2,11432
1,6,1,1,0,4,6,1,3,2,23728
2,1,1,1,2,11,41,1,N,2,20110
2,6,2,2,7,7,60,1,N,2,13369
2,1,1,1,7,12,37,1,N,2,21912
2,6,1,2,8,3,15,1,N,2,13332
2,6,2,2,0,9,0,1,N,2,13605
2,1,1,1,4,10,50,1,N,2,12203
2,3,5,1,1,7,0,1,N,2,22061
1,6,1,1,9,3,69,1,N,2,21514
1,6,1,1,8,3,26,1,N,2,23330
1,5,1,1,2,7,57,1,N,2,8507
2,1,6,1,2,5,43,1,N,2,13567
2,3,2,2,3,6,44,1,N,2,13547
2,1,1,1,6,7,26,1,N,2,14536
2,6,2,2,2,7,51,1,N,2,14700
2,1,1,2,8,7,71,1,N,2,1171
2,1,1,2,0,7,49,1,1,2,13324
2,6,2,1,8,9,0,1,N,2,14856
1,1,1,2,N,7,17,1,N,2,15606
2,6,1,2,6,5,47,1,N,2,20602
2,6,1,1,2,N,7,1,N,2,15502
2,3,1,1,5,7,37,1,N,2,15516
2,6,1,2,5,2,63,1,N,2,20378
1,6,6,1,N,N,48,1,N,2,13859
1,6,2,1,0,4,13,3,N,2,24043
2,6,1,2,6,4,26,1,N,2,22339
2,1,1,1,7,2,59,1,N,2,9949
1,1,1,1,0,7,61,1,N,2,11893
1,1,6,2,0,11,42,1,N,2,12162
1,1,1,1,1,10,31,1,N,2,8234
2,6,2,2,N,N,22,1,N,2,6102
2,6,2,1,N,7,21,1,N,2,15173
1,1,1,2,0,7,9,1,N,2,13839
1,1,1,1,8,7,68,1,N,2,9499
2,6,1,0,8,7,49,1,N,2,9428
2,6,1,2,5,N,91,1,N,2,6062
1,1,1,1,8,11,56,1,N,2,22818
2,4,1,1,8,6,46,1,N,2,18037
2,1,1,1,5,4,30,1,N,2,19914
1,1,2,1,0,7,17,1,N,2,7662
1,6,1,1,3,7,29,1,N,2,19331
1,4,1,1,8,3,51,1,N,2,17598
2,6,2,2,3,7,31,1,N,2,16963
1,1,2,1,3,9,79,1,N,2,18588
2,1,1,1,0,7,20,1,N,2,16257
1,1,8,1,7,9,26,1,N,2,14943
2,6,1,2,2,6,41,1,N,2,4880
1,1,1,2,N,4,63,1,N,2,15003
2,2,4,0,N,N,72,1,N,2,26100
1,1,1,1,9,5,56,1,N,2,22814
2,3,1,1,8,6,61,1,N,2,22269
2,6,1,2,0,4,49,1,N,2,17623
1,6,1,1,1,7,39,1,N,2,10516
2,6,1,1,9,8,55,1,N,2,21047
2,4,1,1,1,8,25,1,N,2,20842
1,5,1,1,N,7,86,1,N,2,20733
2,1,1,1,3,5,57,1,N,2,25573
2,1,2,1,0,7,34,1,N,2,12520
2,6,1,1,N,7,28,1,N,2,23459
2,5,1,2,0,5,67,1,N,2,4437
2,1,1,1,N,7,34,1,N,2,15655
2,1,1,1,N,7,36,1,N,2,1486
1,1,2,1,4,9,17,1,N,2,15140
1,6,1,2,4,5,72,1,N,2,7695
2,5,1,1,3,6,29,1,N,2,15336
1,1,1,2,8,3,51,1,N,2,13727
1,6,1,1,5,N,9,1,N,2,19375
2,6,1,2,2,6,12,1,N,2,20895
1,6,1,2,6,8,44,1,N,2,11645
2,4,1,1,6,6,37,1,2,2,16382
2,4,6,1,N,N,74,1,N,2,4002
1,1,1,1,3,4,66,1,N,2,12355
1,1,2,2,0,3,58,1,N,2,23287
2,4,1,1,9,6,57,1,N,2,4415
1,1,1,2,9,3,66,1,N,2,15962
1,N,1,1,0,6,80,1,N,2,235
2,1,1,1,5,7,19,1,N,2,11094
1,1,1,1,7,5,57,1,N,2,4531
2,1,1,1,2,4,43,1,N,2,19084
2,1,1,1,4,9,58,1,N,2,20040
2,2,1,1,N,7,74,1,N,2,26350
1,3,1,1,8,7,36,1,N,2,16262
1,1,1,1,4,1,0,1,N,2,27252
1,1,1,1,N,N,44,1,N,2,22712
1,1,1,1,4,12,81,1,N,2,9907
1,1,1,1,5,12,47,1,N,2,26556
1,6,1,2,3,5,61,1,N,2,9427
1,1,1,1,8,6,56,1,N,2,15547
1,6,1,1,4,7,45,1,N,2,23354
2,6,1,0,3,6,0,1,N,2,16352
2,1,1,1,1,6,25,1,N,2,21461
1,6,1,1,7,7,56,1,N,2,16304
1,1,1,1,8,7,48,1,N,2,24939
2,6,1,1,0,N,56,1,N,2,23441
2,1,3,1,9,7,63,1,N,2,20772
2,4,6,1,9,5,26,1,N,2,16206
2,4,1,1,4,7,62,1,N,2,17156
2,1,1,1,3,7,71,1,N,2,22749
1,3,1,1,6,11,43,1,N,2,19818
2,6,2,1,2,3,54,1,N,2,12669
1,1,1,2,3,7,32,1,2,2,10887
2,1,2,1,N,7,44,1,N,2,15535
2,1,1,2,5,2,71,1,N,2,19276
2,1,1,1,6,3,53,1,N,2,20265
2,1,2,1,N,6,73,1,N,2,22665
2,4,3,2,5,7,14,1,N,2,21889
2,4,1,1,6,N,70,1,N,2,17272
2,6,1,1,3,N,21,1,N,2,23787
1,2,1,0,7,12,37,1,N,2,18023
1,6,1,2,1,6,74,2,N,2,21446
2,6,1,1,3,5,0,1,N,2,23318
2,1,1,1,N,3,95,1,N,2,24708
2,6,1,1,6,6,25,1,N,2,27252
2,1,1,1,5,N,36,1,N,2,18631
2,1,8,1,8,12,60,1,5,2,12092
2,6,1,1,4,5,39,1,N,2,18348
2,1,1,1,8,7,15,1,N,2,14208
2,6,1,2,2,7,41,1,4,2,2523
2,1,6,1,N,2,30,1,N,2,18023
2,6,2,2,3,7,47,1,N,2,16843
2,1,1,1,9,7,83,1,N,2,18199
2,6,1,1,2,6,15,1,N,2,15077
2,6,1,1,5,6,32,1,N,2,16913
1,1,2,2,6,4,44,1,N,2,15350
1,1,1,2,4,6,44,1,N,2,15440
2,6,1,1,9,7,19,1,N,2,23900
2,6,1,1,3,5,29,1,N,2,19599
2,6,1,0,7,5,55,1,N,2,23079
2,1,1,1,0,10,68,1,N,2,18758
2,6,4,2,1,5,43,1,N,2,16183
2,6,1,2,6,6,73,1,N,2,11512
2,4,1,1,4,2,10,1,N,2,25958
2,1,2,1,0,8,55,1,N,2,16367
2,6,3,2,3,6,31,1,N,2,19273
2,3,1,1,7,7,50,1,N,2,22588
2,1,2,2,6,5,16,1,N,2,21069
2,1,1,1,8,7,0,1,N,2,24492
2,1,1,1,3,7,54,1,N,2,17664
1,1,3,1,N,3,75,1,N,2,17356
2,6,1,1,0,7,74,1,N,2,20461
2,1,7,1,3,7,24,1,N,2,15273
1,1,1,1,7,6,19,1,N,2,26693
2,4,2,1,4,5,35,1,N,2,8161
1,1,1,1,2,6,33,1,N,2,26001
2,1,1,1,4,6,32,1,N,2,24164
2,1,1,1,7,4,62,1,N,2,15089
2,6,1,0,2,4,39,1,N,2,16684
2,6,2,2,5,5,65,1,N,2,15073
2,6,1,1,0,N,67,1,N,2,24939
2,1,1,2,0,7,65,1,N,2,885
2,1,1,2,8,12,33,1,N,2,9756
1,6,9,2,2,4,32,1,N,2,7444
2,3,1,1,8,4,49,1,N,2,11635
2,6,1,1,0,4,31,1,N,2,3070
2,1,1,1,4,3,53,1,N,2,18137
2,1,1,1,6,11,61,1,N,2,18197
2,6,1,2,4,6,23,1,N,2,6066
2,1,1,1,4,5,69,1,N,2,20196
2,6,1,2,3,3,25,1,N,2,10081
2,N,1,1,5,7,46,1,N,2,22370
2,1,1,1,7,7,18,1,N,2,16882
1,3,1,2,7,N,35,1,N,2,26094
2,1,2,2,4,5,46,1,N,2,21822
1,1,1,1,9,N,56,1,N,2,21178
2,6,2,2,0,9,37,1,N,2,17107
2,1,1,1,9,3,27,1,N,2,12663
2,1,8,1,9,3,17,1,N,2,27252
2,1,1,2,0,7,53,1,N,2,16677
1,6,1,2,6,6,41,1,N,2,12877
2,6,1,2,N,7,28,1,N,2,14532
2,1,1,2,3,11,47,1,N,2,16053
2,1,1,1,N,7,57,3,N,2,26911
2,1,9,1,6,N,61,1,N,2,16869
1,6,1,1,N,7,48,1,N,2,24939
2,1,5,2,7,4,72,1,N,2,24939
2,3,1,1,5,7,38,1,N,2,7790
2,2,1,2,0,1,37,1,N,2,25817
1,5,1,1,3,7,38,1,N,2,20301
1,6,1,2,0,5,36,1,N,2,22499
2,1,1,1,8,12,60,1,N,2,5283
1,6,1,1,3,N,52,1,N,2,20042
2,1,1,1,6,12,40,1,N,2,25983
1,6,1,1,2,7,26,1,N,2,14171
1,6,1,1,3,N,22,1,N,2,19902
1,1,1,1,N,3,70,1,N,2,26467
2,1,1,1,5,6,17,1,N,2,19578
2,6,1,1,N,N,59,1,N,2,14901
1,1,1,1,6,6,11,1,N,2,9815
2,6,1,1,6,5,16,1,N,2,13636
1,1,1,2,9,7,36,3,N,2,19531
1,1,1,2,5,N,27,1,N,2,19557
1,6,2,1,1,4,35,1,N,2,20755
2,1,1,1,7,11,76,1,N,2,8582
2,4,1,1,9,7,82,1,N,2,15224
1,1,1,1,N,3,67,1,N,2,23764
1,1,1,1,2,N,26,1,N,2,12898
2,6,4,1,1,5,19,1,N,2,8477
1,6,1,1,6,7,60,1,N,2,9392
2,1,1,1,9,7,19,1,N,2,18201
1,6,1,1,N,N,16,1,N,2,27000
2,6,1,1,6,7,14,1,N,2,19684
2,1,1,2,N,7,36,1,N,2,24812
2,6,1,1,1,6,3,1,N,2,8578
1,1,1,1,4,8,48,1,N,2,15668
2,6,1,1,N,3,40,1,N,2,18804
1,6,1,2,2,6,28,1,N,2,3324
2,6,1,2,0,7,50,1,N,2,10405
1,6,1,1,6,11,24,1,N,2,13797
2,6,1,0,7,N,37,1,N,2,20155
1,1,1,2,0,2,53,3,N,2,20676
2,1,2,1,6,12,66,1,N,2,16460
1,6,1,2,0,5,71,1,N,2,9421
2,1,1,1,4,3,41,1,N,2,12072
2,3,2,1,3,5,7,1,N,2,22285
2,1,1,2,1,4,26,1,N,2,12579
2,1,2,1,9,11,77,1,N,2,16177
2,1,1,1,5,7,81,1,N,2,18060
2,6,1,1,5,7,51,1,N,2,17350
2,6,1,1,5,3,0,1,N,2,15721
2,6,6,1,8,2,93,1,N,2,11343
1,1,1,1,1,7,69,1,N,2,3103
2,6,3,2,0,1,10,1,N,2,0
2,1,1,1,8,12,59,1,N,2,13282
1,1,1,2,6,8,0,1,N,2,24939
1,N,1,2,0,5,57,1,N,2,10746
1,N,2,2,0,9,20,1,N,2,13428
2,3,1,1,9,3,88,1,N,2,2544
2,1,1,1,N,2,49,1,N,2,12136
2,1,1,1,N,7,41,1,N,2,25675
2,1,2,1,2,4,35,1,N,2,5259
2,6,1,1,5,7,7,1,N,2,21521
1,1,1,1,0,3,63,1,N,2,27252
1,6,2,2,9,6,45,1,N,2,5237
2,3,1,1,6,5,71,1,N,2,1508
2,1,1,1,9,7,72,1,N,2,18791
2,6,3,1,8,7,16,1,N,2,9124
1,6,1,2,8,7,12,1,N,2,18833
1,1,1,1,6,7,62,1,N,2,4194
2,4,1,1,5,7,55,1,N,2,19327
2,1,1,1,7,6,73,3,N,2,18420
2,1,1,1,5,8,62,1,N,2,15507
2,6,1,1,9,7,45,1,N,2,12222
1,1,1,1,0,12,16,1,N,2,20423
2,4,1,1,N,7,52,1,N,2,13521
2,1,1,1,7,9,55,1,N,2,20308
2,6,1,2,3,4,15,1,N,2,16690
2,6,1,2,5,6,14,1,N,2,25909
1,1,6,1,4,11,40,1,N,2,7816
2,1,1,2,3,7,33,1,N,2,17827
1,4,2,1,8,9,95,1,N,2,17119
2,6,2,1,5,6,27,1,N,2,6475
2,6,1,1,0,6,42,1,N,2,14887
2,3,1,1,8,7,48,1,N,2,18946
2,1,1,2,5,6,76,1,N,2,11263
1,6,1,1,3,11,61,1,N,2,11990
2,6,2,2,4,7,22,1,N,2,13039
2,1,1,1,1,6,17,1,N,2,21321
2,1,1,1,6,8,69,1,N,2,15055
2,1,6,2,6,4,30,1,N,2,7069
2,3,1,1,5,N,81,1,N,2,13013
2,3,1,2,1,7,16,1,N,2,27252
2,1,6,1,4,9,12,1,N,2,10343
1,1,1,1,6,2,24,2,N,2,20370
2,6,1,2,3,7,19,1,N,2,27252
1,3,1,1,8,2,48,1,N,2,14668
2,6,2,1,8,4,21,3,N,1,14260
1,1,1,1,N,3,87,1,N,2,17647
1,1,1,1,3,N,93,1,N,2,24806
2,1,1,1,9,7,39,1,N,2,20335
2,1,1,1,1,N,73,1,N,2,20483
1,1,1,1,4,3,67,1,N,2,14572
2,6,8,2,3,N,14,1,N,2,14334
1,1,3,1,7,7,16,1,N,2,24939
1,1,1,1,N,7,81,1,N,2,14555
2,N,1,2,N,3,49,1,N,2,19369
2,6,2,1,4,6,61,1,N,2,6808
2,6,1,1,9,N,8,1,N,2,15763
2,1,1,1,N,3,47,1,5,2,18748
2,6,1,1,1,5,6,1,N,2,15928
1,6,1,1,3,3,0,1,N,2,17449
1,6,1,2,2,7,15,2,N,2,13199
2,6,1,2,0,4,0,1,N,2,16719
2,1,6,2,7,6,70,1,N,2,22119
2,1,1,2,5,11,40,1,N,2,17761
1,1,1,2,5,7,74,1,N,2,23353
2,1,1,1,6,3,57,1,N,2,17225
2,1,1,1,8,3,71,1,N,2,14884
1,1,1,1,N,N,66,1,N,2,21119
2,6,1,1,N,7,39,1,N,2,12721
1,1,1,1,7,3,60,1,N,2,26932
2,1,1,1,5,7,37,1,N,2,14823
1,6,1,1,6,7,17,1,N,2,27252
1,1,1,1,3,2,23,1,N,2,24710
1,3,2,2,4,7,29,1,N,2,12182
1,2,1,1,3,7,74,1,N,2,21020
2,1,1,1,3,6,62,1,N,2,14972
2,6,1,2,4,7,23,1,N,2,10654
1,6,2,1,6,6,39,1,N,2,15917
2,1,1,1,7,7,59,1,N,2,14637
2,6,1,1,0,N,70,1,N,2,20699
1,1,8,1,5,N,51,1,N,2,12858
2,4,1,1,4,3,55,1,N,2,26028
1,6,1,2,6,4,31,1,N,2,12995
1,1,1,1,0,N,1,1,N,2,20175
1,6,4,1,2,8,18,1,N,2,18243
2,6,1,2,2,7,18,1,N,2,10086
1,6,2,1,N,7,54,1,N,2,18533
2,6,1,2,9,7,0,1,N,2,22342
2,5,1,1,9,6,74,1,N,2,4359
2,6,2,1,7,7,37,1,N,2,4933
1,6,1,2,5,5,63,1,N,2,21890
1,6,1,1,6,7,10,2,N,2,11156
2,N,2,2,8,2,19,1,N,2,20007
2,6,1,1,3,7,23,2,N,2,27252
1,1,1,1,N,N,74,1,N,2,24939
1,6,1,2,4,7,15,1,N,2,21473
1,6,1,1,3,3,45,1,N,2,16022
1,4,1,1,9,8,59,1,N,2,19222
1,6,3,2,6,7,1,1,N,2,22850
2,6,2,2,0,7,50,1,N,2,20653
1,1,1,1,3,7,40,1,N,2,8705
2,6,1,1,8,7,15,1,N,2,23899
2,1,1,1,7,7,65,1,N,2,7574
2,1,1,1,4,6,35,1,N,2,11786
1,6,1,2,1,6,10,1,N,2,14606
1,6,1,2,2,7,9,1,N,2,7578
2,1,1,1,0,N,40,1,N,2,18970
2,3,2,1,N,5,90,1,N,2,16374
2,6,1,2,7,7,46,3,N,2,22933
2,1,3,1,7,9,75,1,N,2,26672
1,6,1,0,1,9,68,1,N,2,4974
2,1,1,1,2,9,12,1,N,2,22273
2,1,1,2,7,7,38,1,N,2,23607
1,1,1,1,6,6,52,1,N,2,21533
2,1,2,1,5,6,29,1,N,2,6371
1,6,1,1,8,5,46,1,N,2,27252
1,1,1,1,5,8,51,1,N,2,15539
1,3,2,0,4,5,13,1,N,2,21675
1,1,1,1,0,3,16,1,N,2,21804
2,1,1,1,2,10,62,1,N,2,14190
2,6,1,2,4,7,21,1,N,2,18347
1,1,6,1,1,9,83,1,N,2,22977
1,1,1,1,3,5,69,1,N,2,24758
1,6,1,1,9,7,41,1,N,2,18626
1,6,2,2,0,4,19,3,N,2,14191
2,1,1,1,N,3,75,1,N,2,18107
1,6,1,2,N,7,27,1,N,2,21285
1,1,8,2,1,6,57,1,N,2,16766
1,6,1,1,0,7,51,1,N,2,17671
2,1,1,1,8,7,19,1,N,2,21854
2,1,3,2,N,N,41,1,N,2,27252
1,1,8,1,4,4,52,1,N,2,23069
2,6,1,1,7,5,75,1,N,2,18381
2,6,1,1,3,N,35,1,N,2,14960
2,4,1,2,3,7,0,1,N,2,22098
1,1,1,1,8,7,48,1,N,2,24311
1,1,1,1,N,N,66,1,N,2,20044
1,6,1,1,2,N,25,1,N,2,17277
1,1,1,1,6,3,28,1,N,2,6611
2,6,1,2,9,12,12,1,N,2,27252
2,6,2,1,6,4,58,1,N,2,13753
2,6,1,2,7,6,27,1,N,2,792
2,6,1,1,5,7,65,1,N,2,27252
2,6,1,1,3,7,11,1,N,2,12431
1,5,1,1,6,N,48,1,N,2,22396
2,1,1,2,8,N,54,1,N,2,14420
2,1,1,1,0,1,55,1,N,2,17099
1,1,2,1,1,9,62,1,N,2,19150
1,1,2,1,7,9,0,1,N,2,15271
1,1,1,1,9,6,59,1,N,2,16861
2,2,1,2,0,N,51,1,N,2,19745
1,6,1,2,5,6,18,1,N,2,9517
2,6,2,2,2,4,50,1,N,2,20381
2,1,1,1,8,9,21,1,5,1,20172
2,6,2,2,9,N,56,1,N,2,12736
2,6,2,2,0,7,0,1,N,2,16975
1,1,1,1,7,6,56,1,N,2,15445
2,6,1,1,0,7,25,1,N,2,19547
2,1,1,1,9,N,42,1,N,2,22179
2,6,1,0,N,7,22,1,N,2,24720
2,6,1,2,4,9,55,1,N,2,15039
2,2,1,1,9,3,10,1,N,2,14983
1,4,1,1,9,7,26,1,N,2,23079
1,6,1,1,7,10,35,1,N,2,16094
1,3,1,1,0,11,70,1,N,2,22002
2,6,2,2,3,6,52,1,N,2,6374
1,1,1,1,N,7,71,1,N,2,24783
2,1,2,0,0,6,43,1,N,2,19475
2,4,1,0,3,8,1,1,N,2,15113
1,1,1,0,N,7,67,1,N,2,17722
1,6,1,1,4,N,38,1,N,2,1895
1,1,1,1,4,6,71,1,N,2,18966
1,6,1,2,5,12,11,2,N,2,10979
2,6,6,0,7,9,55,1,N,2,3516
1,6,1,1,6,7,31,1,N,2,20222
2,6,1,1,1,4,0,1,N,2,15011
1,6,3,2,5,12,19,1,N,2,13922
1,6,1,2,8,5,44,1,N,2,9866
1,3,1,1,0,6,12,1,N,2,6775
2,1,1,2,7,7,43,1,N,2,19411
2,6,1,2,1,5,0,1,N,2,18119
2,6,1,2,2,9,0,1,N,2,27252
2,1,1,2,8,7,73,1,N,2,14402
2,6,1,1,4,9,76,1,N,2,26168
1,6,7,2,7,9,51,1,N,2,21079
1,6,6,1,0,N,25,3,N,2,11842
2,1,1,1,6,7,69,1,N,2,17687
2,2,1,1,4,N,95,1,N,2,21033
2,6,1,1,N,6,29,1,N,2,20038
2,N,1,2,1,7,53,1,N,2,11915
2,1,1,2,N,7,24,1,N,2,27252
1,6,1,1,6,7,22,1,N,2,10130
2,1,1,1,6,7,39,1,N,2,5216
2,6,1,1,9,12,63,1,N,2,21486
2,3,1,2,2,7,16,1,N,2,19091
2,6,3,1,0,4,58,1,N,2,4347
1,1,1,1,7,7,50,1,N,2,12331
1,1,1,1,7,10,65,1,N,1,19535
1,4,1,1,8,11,70,1,N,2,20662
2,1,1,2,9,5,56,1,N,2,8941
2,1,1,1,7,6,50,1,N,2,0
1,6,1,2,2,6,21,1,N,2,2336
1,6,1,1,5,5,65,1,N,2,18965
2,6,1,2,1,6,0,1,N,2,18116
2,1,1,1,9,N,82,3,N,2,8958
2,3,1,2,6,5,58,1,N,2,22900
2,5,1,1,0,3,58,1,N,2,10349
1,1,2,1,2,3,24,1,N,2,21968
2,1,2,1,N,7,52,1,N,2,19040
2,1,1,1,7,2,65,1,N,2,20214
2,6,1,1,N,2,2,1,N,2,27252
1,6,1,1,2,10,93,1,N,2,18414
1,1,1,1,7,N,55,1,N,2,15734
2,1,9,1,8,7,33,1,N,2,12357
1,4,1,1,5,5,50,1,N,2,838
1,6,1,2,4,9,28,1,N,2,17406
1,5,1,1,6,7,25,1,N,2,12054
2,1,1,1,4,10,10,1,N,2,16523
1,1,1,1,9,N,72,1,N,2,19710
2,6,1,1,3,7,26,1,N,2,18875
1,6,6,1,9,7,66,1,N,2,14618
1,1,1,1,3,7,74,1,N,2,22261
2,1,1,1,N,N,52,1,N,1,14564
1,1,1,1,0,4,18,1,N,2,16847
1,1,1,1,7,7,55,1,N,2,15101
1,1,1,1,N,N,0,1,N,2,27252
2,6,2,1,6,6,32,1,N,2,12800
1,1,1,1,N,6,72,1,N,2,13583
1,1,1,1,3,7,41,1,N,2,19369
2,1,1,1,5,N,75,1,N,2,17886
2,6,1,1,0,7,50,1,N,2,21126
2,1,1,2,7,N,68,1,N,2,12997
2,6,1,1,4,7,15,1,N,2,5369
2,4,6,2,6,7,23,1,N,2,25594
1,1,1,1,N,7,71,1,N,2,12405
2,1,1,1,N,7,61,1,N,2,6702
2,6,1,2,4,3,68,1,N,2,17720
2,4,1,2,1,6,74,3,N,2,6047
2,5,1,1,N,7,26,1,N,2,14545
1,1,1,1,9,N,40,1,N,2,2995
1,1,1,1,6,N,51,1,N,2,13400
2,1,1,1,9,7,61,1,N,2,10879
2,6,1,2,7,5,45,1,N,2,16205
2,6,1,1,3,12,37,1,N,2,7104
2,6,1,2,8,N,37,1,2,2,24939
1,3,1,1,0,12,0,1,N,1,14424
1,1,6,1,N,3,60,1,N,2,19208
1,6,1,1,6,N,39,1,N,2,9040
1,1,1,0,4,5,7,1,N,2,14819
2,6,1,2,3,7,50,1,N,2,3312
1,1,2,2,9,N,55,1,N,2,19225
2,1,1,1,2,5,22,1,N,2,24789
2,1,1,1,6,11,32,1,N,2,19041
2,1,6,1,N,4,21,1,N,2,19288
2,1,1,1,N,N,72,1,N,2,15304
1,4,2,2,0,5,1,1,N,2,24666
2,6,1,1,9,7,77,1,N,2,25853
2,1,1,1,N,4,84,1,N,2,16917
2,6,1,1,5,3,65,1,N,2,2864
2,1,1,1,8,N,31,1,N,2,6973
2,1,1,1,5,N,51,1,N,2,19853
2,1,1,1,6,6,75,1,N,2,16816
2,1,1,2,3,7,14,1,N,2,18890
2,1,1,2,7,7,69,1,N,2,23070
1,1,2,1,9,3,9,1,N,2,19201
2,1,1,2,0,7,45,1,N,2,8420
1,6,3,2,1,6,31,1,N,2,19946
1,6,1,1,7,3,20,1,N,2,12093
1,1,1,1,2,N,55,1,N,2,17819
2,1,1,1,2,1,52,1,N,2,5228
1,6,1,1,8,N,52,1,N,2,13570
1,6,1,1,0,6,13,1,N,2,27252
1,6,1,2,0,6,25,1,N,2,20817
2,1,1,1,4,2,65,1,N,2,24654
2,4,1,1,6,N,55,1,N,2,21042
1,1,1,1,3,9,12,1,N,2,27252
2,6,1,1,4,7,18,1,N,2,13626
2,1,1,1,0,7,55,1,N,2,8578
1,1,2,1,7,7,69,1,N,2,0
2,6,1,2,8,7,24,1,N,2,22850
2,1,1,1,8,2,48,1,N,2,26732
2,1,1,1,6,7,56,1,N,2,18953
2,1,1,1,2,11,46,1,N,2,16618
1,1,1,1,3,7,53,1,N,2,7570
2,6,9,2,2,7,22,1,N,2,14813
2,1,1,1,6,7,42,1,N,2,15986
2,1,1,1,6,7,26,1,N,2,20606
1,1,1,1,3,6,72,1,N,2,10359
1,1,1,2,0,7,78,1,N,2,19115
1,2,1,1,0,3,0,1,N,2,1756
2,1,1,1,8,3,66,1,N,2,23998
2,6,1,1,9,N,28,1,N,2,14709
2,1,4,1,9,6,42,1,N,2,16082
1,1,2,1,9,3,8,1,N,2,25149
1,6,1,2,5,6,15,1,2,2,21199
1,6,2,1,0,8,74,1,N,2,17321
2,6,1,0,8,N,47,1,N,2,11334
2,6,1,1,9,3,27,1,N,1,26551
1,6,1,1,1,6,14,1,N,2,15726
2,3,1,0,6,6,49,1,N,2,6915
2,1,1,1,6,6,15,1,N,2,14254
1,3,2,1,0,4,29,1,N,2,2563
2,1,1,1,N,3,50,1,N,2,1298
2,1,1,1,5,1,54,1,N,2,10482
2,4,1,2,5,N,32,1,N,2,12710
1,6,1,2,1,4,71,1,N,2,5160
2,1,1,1,6,6,56,1,N,2,16959
2,4,2,1,8,11,41,1,N,2,20079
2,6,1,2,0,7,36,1,N,2,16254
1,1,1,1,6,2,25,3,N,2,22296
2,1,1,1,1,9,45,1,N,2,27252
2,1,2,2,8,7,29,1,N,2,17042
1,3,1,2,2,7,40,1,N,2,14070
2,6,1,1,4,N,26,1,N,2,27252
2,3,1,1,2,12,33,1,N,2,0
2,1,2,2,1,6,1,3,N,2,22143
2,6,1,1,2,8,47,1,N,2,14197
2,6,7,2,1,6,70,1,N,2,17472
2,2,1,1,3,9,21,1,N,2,17809
1,1,1,1,7,7,25,1,N,2,24877
2,6,2,1,7,5,52,1,N,2,9427
1,1,1,1,0,5,19,1,N,2,9449
2,1,1,1,0,7,51,1,N,2,18172
2,6,1,1,0,6,29,1,N,2,9250
2,1,1,1,8,12,53,1,N,2,21063
2,1,1,1,9,7,23,1,N,2,15171
1,4,6,2,6,7,32,1,N,2,12429
2,1,1,1,7,7,55,1,N,2,13477
1,1,1,1,N,7,61,1,N,2,23533
1,1,4,1,0,N,71,1,N,2,17461
2,1,1,1,7,7,56,1,N,2,11608
2,1,1,1,5,N,65,1,N,2,25085
2,2,2,2,9,3,44,3,N,2,1692
2,1,1,1,2,8,48,1,N,2,11093
2,1,1,2,2,6,63,1,N,2,13864
1,6,1,1,N,N,76,1,N,2,8852
2,1,1,1,6,N,18,1,N,2,11149
1,6,1,1,3,9,25,1,N,2,6893
2,1,2,1,1,5,47,1,N,2,20443
1,1,1,1,5,2,56,1,N,2,22737
2,1,8,1,3,7,59,1,N,2,16801
2,1,1,1,5,8,34,1,N,2,7180
2,6,1,2,N,7,46,1,N,2,14412
1,1,1,1,9,11,41,1,N,2,19122
2,6,1,1,4,9,59,1,N,2,613
1,1,1,1,5,7,31,1,N,2,21136
1,6,1,2,4,7,22,1,N,2,24939
1,1,1,2,1,7,62,1,N,2,10245
1,1,1,2,9,7,20,1,N,2,20448
2,6,1,2,3,7,14,1,N,2,22796
1,1,1,1,4,7,44,1,N,2,10781
2,6,2,1,6,11,29,1,N,2,2296
2,1,1,2,2,5,19,1,N,2,23771
1,1,1,1,9,4,74,1,N,2,7475
2,1,2,2,4,7,95,1,N,1,19030
1,1,1,2,5,7,32,1,N,2,19403
2,6,1,1,2,N,58,1,N,2,10509
1,6,4,0,1,9,41,1,N,2,21746
1,1,1,2,9,N,71,1,N,2,5249
1,1,1,1,9,7,65,1,N,2,11995
2,4,8,2,4,10,67,1,N,2,8169
2,1,2,1,3,7,54,1,N,2,15314
2,6,1,1,9,7,0,1,N,2,24250
1,1,1,1,3,7,32,1,N,2,18816
2,1,1,2,9,5,40,1,N,2,15872
2,6,1,1,N,7,44,1,N,2,18152
1,1,1,2,9,6,56,1,N,2,21296
1,6,1,1,2,N,0,1,N,2,19418
2,1,1,1,5,7,16,1,N,2,22828
2,6,1,1,2,5,38,1,N,2,14484
2,1,1,1,4,9,29,1,N,2,8668
2,1,1,1,N,N,50,1,N,2,8286
1,1,1,2,8,N,67,1,N,2,22733
2,4,1,2,2,8,66,1,N,2,15356
1,6,1,2,9,7,21,1,N,2,20910
2,5,1,1,8,6,8,1,N,2,24652
2,6,1,1,7,4,67,1,N,2,17929
2,6,2,2,0,5,16,1,N,2,17211
2,1,1,1,7,7,24,1,N,2,20242
2,1,1,1,7,12,20,1,N,2,19712
2,1,1,1,N,7,31,1,N,2,18056
2,1,1,2,2,6,64,1,N,2,19064
2,6,1,1,8,7,6,1,N,2,18039
1,5,1,2,N,3,61,1,N,2,18855
1,1,1,1,N,7,32,1,N,2,5060
2,1,1,1,N,7,61,1,N,2,5005
2,1,2,1,2,4,55,1,N,2,18258
2,1,1,2,9,6,42,1,N,2,21173
2,6,7,1,8,3,38,1,N,2,23279
1,1,1,0,0,8,45,1,N,1,13519
2,1,2,2,9,12,49,1,N,2,17751
2,1,1,1,2,10,30,1,N,2,26878
1,1,1,1,4,11,37,1,N,2,21580
2,6,1,1,1,3,41,1,N,2,12865
1,1,1,1,6,N,73,1,N,2,10994
2,6,5,0,0,7,37,1,N,2,9266
2,6,6,2,0,5,25,1,N,2,25630
2,1,3,2,9,9,38,1,N,2,15990
2,6,1,2,6,N,14,1,N,2,16508
1,1,1,1,9,N,55,1,N,2,22155
2,1,1,2,N,3,19,1,N,2,17291
1,1,1,1,6,N,0,1,N,2,10152
1,1,1,1,N,3,70,1,N,2,14327
2,6,1,1,N,7,4,1,N,2,24958
2,6,1,1,9,7,44,1,N,2,14612
2,4,1,1,4,N,77,1,N,2,3063
1,1,1,1,4,7,93,1,N,2,12315
2,5,1,1,9,3,31,1,N,2,22590
2,6,1,1,N,6,20,1,N,2,15122
2,1,1,1,9,7,68,1,N,2,4145
2,6,1,2,N,7,75,1,N,2,7611
1,1,1,1,8,12,48,1,N,2,12893
2,1,1,1,7,7,68,1,N,2,15416
1,6,1,1,8,N,39,1,N,2,16791
1,4,1,2,7,1,40,1,N,2,14132
2,1,1,1,1,8,72,1,N,2,8428
2,6,1,2,3,6,89,1,N,2,18899
2,1,1,1,6,9,71,1,N,2,19915
1,1,1,1,2,4,32,1,N,2,12690
1,6,8,2,N,7,39,1,N,2,4528
2,1,1,1,3,11,48,1,N,2,19133
2,6,2,2,7,7,87,1,N,2,23362
2,1,2,1,2,6,50,1,N,2,9427
1,2,1,1,3,7,80,1,N,2,17277
1,5,1,1,6,7,29,1,N,2,17430
2,1,1,2,2,1,85,1,N,2,13005
2,1,1,1,0,6,45,1,N,2,24021
1,1,1,1,6,8,63,3,N,2,22731
2,1,1,1,8,7,26,1,N,2,5032
1,6,1,2,3,10,29,1,N,2,12149
2,3,1,2,5,7,85,1,N,2,15579
1,1,1,1,0,3,11,1,N,2,16956
1,6,3,1,6,7,78,1,N,2,15841
1,1,1,1,4,5,48,1,N,2,17718
1,6,8,1,0,1,11,1,N,2,14392
2,1,2,1,5,2,74,1,N,2,26562
2,1,1,0,6,7,77,1,N,2,5856
2,1,1,2,N,7,43,1,N,2,23442
2,1,1,1,6,9,89,1,N,2,17699
2,6,2,2,7,2,31,1,N,2,23671
2,1,1,1,3,4,27,1,N,2,17388
2,1,1,2,8,11,69,1,N,2,9027
1,1,1,1,N,7,52,1,N,2,25002
2,1,1,1,4,N,45,1,N,2,27252
1,1,1,1,7,3,95,1,N,2,24909
2,1,5,1,5,6,26,1,N,2,23297
2,6,1,2,2,N,17,1,N,2,14169
1,1,4,2,4,4,56,1,N,2,24069
2,6,2,2,8,7,60,1,N,2,15367
1,1,1,1,9,3,74,1,N,2,19033
1,6,2,2,4,5,9,3,N,2,17993
1,1,1,1,0,9,5,1,N,2,24323
1,4,1,1,8,7,30,1,N,2,22071
2,4,2,1,0,2,59,1,N,2,12044
1,4,1,1,9,5,17,1,N,2,12221
2,6,1,2,8,7,0,1,N,2,27252
1,1,3,1,3,5,20,1,N,2,27252
2,6,1,2,6,N,68,1,N,2,22520
1,1,1,1,N,7,32,1,N,2,18423
1,6,1,1,N,11,65,1,N,2,23413
2,6,1,1,9,7,84,1,N,2,19732
1,6,1,2,1,5,54,1,N,2,1692
2,1,1,1,8,5,71,1,N,2,21299
2,6,1,1,3,5,40,1,N,2,14904
1,6,8,2,6,7,35,1,N,2,16478
1,6,1,2,2,7,74,1,N,2,15225
2,5,1,2,3,8,34,1,N,2,13240
1,1,1,2,0,3,50,3,N,2,16807
1,6,1,1,3,7,5,1,N,2,27252
1,6,2,1,0,N,17,1,N,2,22387
2,1,1,1,N,7,61,1,N,2,11409
2,1,1,1,N,7,41,1,N,2,25075
1,4,1,1,0,N,79,1,N,2,19895
1,6,2,2,N,7,56,1,N,2,17008
1,1,1,0,7,3,33,1,N,2,9271
2,3,1,0,2,3,38,1,N,2,14123
2,6,1,1,8,5,47,1,N,2,6568
2,1,1,1,6,3,31,1,N,2,10182
1,6,2,1,6,7,58,1,N,2,22355
2,1,5,1,6,9,23,1,N,2,16480
2,1,2,1,7,7,48,1,N,2,14000
2,6,1,1,6,11,80,1,N,2,17649
1,N,4,1,4,11,59,3,N,2,19661
1,4,8,1,9,7,33,1,N,2,9133
1,6,1,1,0,1,80,1,N,2,13542
1,6,2,2,0,5,0,1,N,2,7108
2,1,5,1,0,7,61,1,N,2,11424
1,6,1,1,1,6,34,1,N,2,13495
2,4,1,1,9,6,78,1,N,2,25629
1,5,1,1,3,9,78,1,N,2,4447
2,6,1,1,0,N,44,1,N,2,14077
2,3,1,1,4,2,30,1,N,2,22132
2,1,1,1,9,5,12,1,N,2,12019
2,1,1,1,3,3,39,1,N,2,21859
1,1,1,1,5,7,52,1,N,2,19193
2,6,1,2,9,6,21,1,N,2,24939
2,4,1,1,6,5,71,1,N,2,8771
1,1,2,1,0,7,36,1,N,2,12760
1,1,1,2,6,6,0,1,N,2,12726
1,4,4,1,0,8,64,1,N,2,24332
1,6,1,1,N,7,21,1,N,2,24939
2,1,1,1,8,2,20,1,N,2,16868
2,6,2,1,4,6,15,1,N,2,13177
2,6,1,1,N,N,59,1,N,2,19290
1,1,1,1,6,2,54,1,N,2,23320
1,6,1,1,0,7,15,1,N,2,23741
2,6,2,1,0,4,10,1,N,2,8378
1,6,1,2,5,6,40,1,N,2,12631
2,1,1,1,7,7,39,1,N,2,15214
1,6,2,1,6,7,32,1,N,2,11950
2,6,1,2,6,11,78,1,N,2,20370
1,6,1,1,6,2,48,1,N,2,14908
2,5,1,1,N,7,58,1,N,2,7651
1,6,2,2,2,5,43,1,N,2,11035
2,1,1,1,7,N,59,1,N,2,14829
2,6,2,1,7,7,46,1,N,2,15410
2,1,1,1,5,11,64,1,N,2,21926
2,2,1,2,6,2,43,1,N,2,21679
1,1,1,1,7,7,40,1,N,2,6600
2,1,1,1,8,3,31,1,N,2,20402
2,1,2,1,3,7,27,1,N,2,18056
2,1,1,1,7,6,77,1,N,2,9427
2,1,1,1,7,9,35,1,N,2,12890
2,1,1,1,3,7,40,1,N,2,9125
1,6,1,2,2,7,16,1,N,2,21089
1,1,2,1,3,9,33,1,N,2,7394
1,1,1,1,5,6,62,1,N,2,8812
2,1,2,2,N,3,65,1,N,2,10756
1,1,1,2,6,7,77,1,N,2,8233
1,5,2,1,N,3,40,1,N,2,14121
1,1,5,1,6,7,42,1,N,2,16144
1,1,1,1,0,9,56,1,N,2,19807
2,1,1,1,3,9,52,1,N,2,23057
2,1,1,1,9,7,81,1,N,2,19711
2,6,1,1,9,7,44,1,N,2,12783
2,1,1,2,1,9,24,1,N,2,16077
2,1,1,2,2,5,48,1,N,2,23339
1,6,1,1,2,N,65,1,N,2,15022
1,1,1,1,9,11,69,1,N,2,11151
2,4,1,1,0,7,81,1,N,2,2204
1,6,1,1,7,7,21,1,N,2,15621
1,1,1,1,7,7,75,1,N,2,8051
2,6,2,1,2,5,45,1,N,2,17475
2,4,1,2,2,4,33,1,N,2,10405
2,6,5,2,0,6,50,1,6,2,7723
1,1,1,1,N,3,58,1,N,2,21999
1,6,1,1,6,1,30,1,N,2,12361
1,4,1,1,1,2,2,1,N,2,16491
2,1,1,1,4,4,62,1,N,2,10761
2,6,6,1,0,7,47,1,N,2,12671
1,1,6,1,2,7,18,1,N,2,17832
1,1,1,1,3,8,18,1,N,1,18998
1,1,1,2,9,7,85,1,N,2,14587
2,1,1,1,8,3,34,1,N,2,24191
1,6,1,1,2,9,53,1,N,2,405
1,1,1,1,9,12,21,1,N,2,6910
1,6,1,1,5,5,20,1,N,2,14289
2,4,1,1,8,3,36,1,N,2,9261
2,6,1,1,9,N,21,1,N,2,16391
2,4,2,1,N,7,47,1,N,2,20309
2,6,1,1,3,9,30,1,N,2,15165
2,6,1,1,3,7,44,1,N,2,15472
2,2,1,2,5,7,94,1,N,2,16200
2,6,1,1,2,7,6,1,N,2,24480
2,6,2,2,5,7,12,1,N,2,19055
2,6,1,2,0,7,16,1,N,2,13375
1,1,1,1,0,1,37,1,N,2,2104
1,1,1,1,N,7,53,1,N,2,22341
2,6,1,2,0,6,25,3,N,2,17410
2,1,1,2,0,7,24,1,N,2,21020
2,6,2,2,6,6,10,1,N,2,24875
1,2,1,2,2,8,26,1,N,2,27066
2,4,1,1,3,7,21,1,N,2,20983
2,6,1,2,5,6,61,1,N,2,12931
1,1,1,1,N,7,86,1,N,2,15350
2,1,1,1,9,1,71,1,N,2,17843
2,1,1,2,0,5,49,1,N,2,19099
2,6,2,1,6,4,23,1,N,2,5153
2,6,1,1,N,N,36,1,N,2,22087
1,4,1,1,9,N,12,1,N,2,22747
1,1,1,1,6,12,50,1,N,2,23735
2,6,1,1,9,6,21,1,N,2,16002
1,6,1,1,6,6,36,1,N,2,15143
2,1,1,1,N,7,80,1,N,2,10501
1,1,1,1,7,6,0,1,N,2,24028
2,6,1,0,N,N,37,1,N,2,19186
1,4,6,1,N,N,19,1,N,2,23952
2,6,1,2,1,11,81,1,N,2,15623
1,1,1,1,N,N,39,1,N,2,24939
2,6,1,2,0,11,11,1,N,2,23227
1,1,1,2,8,7,82,1,N,2,12845
2,1,1,2,7,7,40,1,N,2,4692
1,6,2,2,N,N,81,1,N,2,6965
2,4,2,1,8,N,47,1,N,2,16816
2,6,1,2,8,12,58,1,N,2,20934
2,6,1,1,0,6,70,1,N,2,16566
1,6,3,1,4,3,5,1,N,2,8849
2,1,1,1,6,8,37,1,N,2,13222
2,1,1,1,4,N,44,1,N,2,11430
2,3,1,0,6,7,37,1,N,2,19085
2,1,1,1,7,7,62,1,N,2,21244
2,6,1,2,3,7,29,1,N,2,6099
2,4,1,1,9,11,60,1,N,2,23813
1,1,2,2,N,N,25,1,N,2,21623
1,1,1,1,3,5,42,1,N,2,12882
1,1,2,1,3,6,10,1,N,2,5220
2,1,1,2,2,5,73,1,N,2,10387
2,6,1,2,1,5,41,2,N,2,11822
2,6,8,1,N,3,53,1,4,2,14804
2,6,2,1,2,N,20,1,N,2,18372
1,1,1,1,2,N,49,1,N,2,15899
2,6,6,1,7,3,77,1,N,2,16068
2,1,4,1,5,12,29,1,N,2,19148
1,6,1,1,N,7,69,1,N,2,16154
1,1,1,1,N,7,42,1,N,2,24789
2,6,1,2,3,7,36,1,N,2,18897
1,1,1,1,8,2,47,1,2,2,19224
2,2,2,1,4,5,57,1,N,2,18500
2,4,2,2,4,7,36,1,N,2,11809
2,1,2,1,2,8,23,1,N,2,3344
2,1,1,2,N,7,65,1,N,2,14809
2,4,2,1,3,4,64,1,N,2,16102
2,1,4,2,0,9,16,1,N,2,22026
1,1,1,1,N,7,62,1,N,2,20210
2,1,7,2,3,7,39,1,N,2,8846
2,6,1,2,7,7,93,2,N,2,14900
1,1,1,1,8,N,53,1,N,2,24231
1,6,1,1,N,N,63,1,N,2,10037
1,6,3,1,9,5,64,1,N,2,20247
1,6,2,0,1,3,57,1,N,2,3051
2,3,1,1,6,7,44,1,N,2,4834
1,1,1,1,1,9,40,1,N,2,16920
2,1,2,2,2,5,59,1,N,2,18922
2,3,1,2,7,6,35,1,N,2,17262
1,5,5,2,0,5,6,1,N,2,25746
2,6,1,1,N,6,57,1,N,2,9867
1,6,4,1,1,7,49,1,N,2,3644
2,4,2,1,0,11,73,1,N,2,11750
2,4,1,1,9,7,40,1,N,2,13493
1,1,1,2,2,7,43,1,N,2,23339
2,1,1,1,N,7,88,1,N,2,11324
2,4,1,1,8,12,38,1,N,2,17876
2,1,1,2,3,9,26,1,N,2,142
2,1,1,1,0,7,31,1,N,2,12119
2,6,6,1,3,7,18,1,4,2,1681
2,4,3,1,7,11,9,1,N,2,18548
1,1,5,1,6,12,71,1,N,2,23861
1,2,1,1,5,N,59,1,N,2,21258
2,1,1,1,4,5,8,1,N,2,18591
2,4,1,1,1,6,7,1,N,2,14385
2,3,1,2,0,7,41,1,N,2,8775
2,1,1,1,7,11,63,1,N,2,0
2,1,1,1,6,8,44,1,N,2,24735
2,1,1,1,3,3,81,1,N,2,18398
1,1,1,1,8,2,67,1,N,2,25292
1,4,2,1,3,5,31,1,N,2,18110
1,1,1,1,7,7,74,1,N,2,7867
1,1,1,1,2,4,27,1,N,2,23167
2,1,1,1,N,7,33,1,N,2,27252
2,1,1,2,3,7,58,1,N,2,16902
2,1,2,1,7,5,47,1,N,2,15476
1,1,1,2,1,7,63,1,N,2,19391
2,1,1,1,9,N,57,1,N,2,9994
2,6,2,1,3,7,46,1,N,2,13121
1,1,1,1,9,N,35,1,N,2,5514
2,1,1,1,3,7,25,1,N,2,23071
2,6,2,2,7,4,39,1,N,2,10165
2,1,1,1,0,N,79,1,N,2,10571
2,1,8,1,1,8,34,1,N,2,12566
2,1,1,2,2,11,37,1,N,2,11333
1,1,2,1,2,6,72,1,N,2,22284
1,6,2,2,0,7,36,1,N,2,13879
2,1,1,1,9,6,12,1,N,2,5824
1,6,1,2,2,6,19,1,N,2,12507
2,1,1,1,8,N,37,1,N,2,27252
1,1,1,1,2,N,25,1,N,2,22815
2,6,1,1,4,5,16,1,N,2,8082
2,1,1,1,N,N,71,1,N,2,22270
2,6,2,1,4,7,26,3,N,1,24909
2,1,1,1,7,6,62,1,N,2,25640
1,1,1,1,8,7,21,1,N,2,22050
2,6,1,1,3,3,56,1,N,2,4778
2,6,8,1,N,2,43,1,N,2,12364
2,1,1,1,N,12,45,1,N,2,21664
2,6,1,1,5,7,46,1,N,2,9290
1,6,8,1,7,5,9,1,N,2,16318
2,6,2,2,4,4,43,1,N,2,2974
2,6,1,1,7,9,36,1,N,2,21213
2,6,1,1,4,5,70,1,N,2,17499
2,1,2,2,2,10,74,1,N,2,11039
2,6,1,1,5,N,7,1,N,2,8370
2,6,9,1,9,12,70,1,N,2,7517
2,1,1,1,8,7,63,1,N,2,3427
1,6,1,2,0,4,65,1,N,2,7234
1,1,1,1,7,11,65,1,N,2,14878
2,6,1,2,7,7,85,1,N,2,2510
1,1,1,2,3,7,40,1,N,2,21038
1,6,1,1,6,5,25,1,N,2,14876
1,1,1,1,2,7,63,1,N,2,5027
2,1,1,1,0,4,27,1,N,2,2973
1,1,1,1,9,2,48,1,N,2,17350
1,6,1,0,1,2,0,1,N,2,15604
1,6,1,1,0,N,21,1,N,2,17799
1,1,1,1,9,9,30,1,N,2,19150
1,6,2,2,2,5,38,1,N,2,0
2,6,1,1,2,5,10,1,N,2,17759
1,6,1,1,5,12,75,1,N,2,23378
2,1,1,1,2,7,63,1,N,2,11687
2,6,1,1,2,5,50,1,N,2,15513
1,1,2,1,2,7,35,1,N,2,5806
2,1,3,1,9,6,21,1,N,2,14572
1,6,2,1,2,1,55,1,N,2,23573
1,1,1,1,N,N,51,1,N,2,8665
2,6,1,2,2,6,18,1,N,2,13935
1,6,1,2,6,6,12,1,N,2,19099
2,1,3,1,9,12,51,1,N,2,19160
1,3,1,2,8,N,15,1,N,2,25355
1,1,3,2,N,7,33,1,N,2,23016
1,1,1,1,8,7,12,1,N,2,5473
2,1,1,1,N,7,85,1,N,2,7381
2,4,5,2,7,N,43,1,N,2,16307
1,1,2,1,0,7,51,1,N,2,15079
2,4,2,1,7,7,72,1,N,2,11234
1,6,1,1,3,7,37,1,N,2,9564
2,1,1,1,3,N,46,1,N,2,12488
2,1,1,1,2,7,36,1,N,2,15397
1,1,1,1,2,6,11,1,N,2,11233
2,6,1,0,9,7,36,1,N,2,22646
2,1,5,1,9,N,40,1,N,2,17803
1,6,1,1,0,7,29,1,N,2,25224
1,4,1,1,5,7,43,1,N,2,22254
1,6,1,2,N,7,31,1,N,2,15635
2,6,1,2,7,7,43,1,N,2,10059
2,6,1,1,7,6,56,1,N,2,23935
2,6,3,2,9,5,13,1,N,2,17420
1,1,1,1,9,7,35,1,N,2,5986
2,6,2,1,2,6,22,2,N,2,11037
2,6,2,0,8,N,35,1,N,2,14703
1,6,1,1,2,7,15,1,N,2,16532
2,1,1,1,0,2,56,1,N,2,14546
1,1,1,1,7,7,21,1,N,2,9943
1,6,2,1,2,6,54,1,N,2,13588
1,6,1,1,0,N,44,1,N,2,16197
1,6,1,2,1,7,27,1,N,2,14973
1,4,2,1,4,6,25,1,N,2,23674
1,1,2,0,9,9,23,1,N,2,12712
2,1,1,1,4,7,87,1,N,2,20327
2,4,1,1,9,2,74,1,N,2,18774
2,6,1,2,7,10,72,1,N,2,11469
1,1,1,1,7,5,61,1,N,2,11165
2,1,1,1,6,9,43,1,N,2,16941
2,1,2,1,5,5,46,1,N,2,5889
2,6,1,1,4,6,69,1,N,2,19947
1,1,2,2,4,7,27,1,N,2,27252
2,1,1,1,N,7,67,1,N,2,22014
2,6,1,1,0,N,36,1,N,2,9679
2,6,1,1,8,N,0,1,N,2,3552
1,6,2,2,3,5,29,1,N,2,23039
1,1,1,1,9,9,57,1,N,2,15269
1,1,3,2,0,N,30,3,N,2,20282
1,6,1,2,0,5,28,1,N,2,19368
2,6,2,1,2,7,28,1,N,2,5560
2,6,2,2,N,7,23,1,N,2,14610
1,1,1,1,0,7,34,1,N,1,15518
1,1,1,1,9,7,65,1,N,2,18523
1,1,2,1,4,7,69,1,N,2,18
2,1,1,1,7,12,48,1,N,2,10220
2,6,2,0,8,4,38,1,N,2,7760
2,1,2,1,N,N,64,1,N,2,23748
2,1,1,1,1,9,0,1,N,2,14232
2,1,1,1,N,12,6,1,N,2,18062
2,6,1,1,9,9,50,1,N,2,11331
2,6,2,0,2,1,16,1,N,2,15657
2,5,1,1,7,5,52,1,N,2,21383
2,1,6,1,7,3,46,1,N,2,23440
2,5,2,1,7,10,53,1,N,2,5987
2,1,1,1,9,7,43,1,N,2,22650
2,6,1,1,8,7,34,1,N,2,24738
1,6,1,1,0,7,28,1,N,2,3044
1,6,2,1,7,7,9,1,N,2,23343
2,6,1,1,6,4,8,1,N,2,18230
2,6,2,1,9,N,24,1,N,2,18033
2,1,1,1,9,7,43,1,N,2,23186
2,1,1,1,N,N,90,1,N,2,13969
1,1,2,2,6,4,13,1,N,2,19857
2,6,1,1,8,7,12,1,N,2,8258
2,6,1,2,2,6,7,1,N,2,23110
1,1,2,1,7,11,63,1,3,2,17951
1,1,2,2,2,7,57,1,N,2,4069
2,6,1,1,3,7,52,1,N,1,21455
1,6,2,2,0,3,93,1,N,2,19698
2,1,6,1,N,7,56,1,N,2,24443
2,6,3,1,2,7,56,1,N,2,17529
1,1,1,1,8,N,68,1,N,2,27252
2,6,1,2,4,7,46,1,N,2,16346
1,6,1,2,6,5,4,1,N,2,21577
2,4,1,2,N,7,68,1,N,2,13885
1,1,2,1,0,7,36,1,N,2,15042
1,5,2,1,2,8,1,1,N,2,18902
1,1,1,1,5,1,65,1,N,2,7010
2,6,2,2,8,5,51,1,N,2,11004
2,1,2,1,9,12,34,1,N,2,24913
1,1,1,1,8,7,93,1,N,2,9071
2,1,2,1,N,N,26,1,N,2,13699
1,1,1,2,4,7,12,1,N,2,24939
1,4,1,2,N,3,71,1,N,2,19364
2,1,1,1,0,2,70,1,N,2,24113
1,1,1,2,7,7,49,1,N,2,16770
2,6,1,1,7,4,35,1,N,2,14757
1,6,1,2,7,7,65,1,N,2,27252
1,1,1,1,5,7,39,1,N,2,17764
1,2,1,1,0,N,23,1,N,2,21470
2,6,1,1,5,7,9,1,N,2,14170
1,1,1,1,7,2,69,1,N,2,15125
2,1,1,1,3,8,68,1,N,2,23337
1,4,2,2,3,3,5,1,N,2,13493
2,6,1,2,9,5,40,1,5,2,7458
2,3,1,1,8,12,58,1,N,2,8538
1,1,1,1,7,N,75,1,N,2,16803
1,1,1,2,2,12,78,1,N,2,14993
1,1,1,2,7,4,17,1,N,2,11849
1,1,1,1,4,7,47,1,N,2,22680
1,1,1,1,9,3,58,1,N,2,25808
1,4,1,2,6,7,42,1,N,2,17555
2,6,2,1,9,7,42,1,N,2,13297
2,1,1,1,7,11,71,1,N,2,11421
2,6,1,1,3,11,31,1,N,2,8238
2,6,1,2,0,7,88,1,N,2,23581
2,1,1,1,7,N,46,3,N,2,20294
1,1,1,0,N,7,74,1,N,2,18442
2,1,1,1,N,7,49,1,N,2,21617
2,1,1,1,2,1,53,1,N,2,9923
1,6,2,0,2,7,22,1,N,2,22060
2,6,2,2,2,4,48,1,N,2,14014
1,1,1,1,5,N,47,1,N,2,2366
2,4,1,1,N,7,66,1,N,2,27252
2,1,1,1,3,10,54,1,N,2,20185
1,6,2,1,0,2,81,3,N,2,25948
2,6,1,1,1,4,54,1,N,2,15347
1,5,1,2,0,7,26,1,N,2,21406
2,6,2,2,6,4,32,1,N,2,13824
2,4,1,2,9,9,44,1,N,2,13343
2,1,1,2,9,7,53,1,N,2,11121
1,1,1,1,6,N,42,1,N,2,21385
1,6,2,1,4,6,36,1,N,2,22166
2,4,1,1,0,12,37,1,N,2,24059
1,1,1,2,4,4,65,1,N,2,13307
2,1,1,1,N,N,65,1,N,2,24812
2,6,1,1,3,N,35,1,N,2,10153
1,6,1,1,1,5,71,1,N,2,10865
1,6,8,2,0,9,32,1,N,2,16069
1,1,1,2,8,N,58,1,N,2,8085
2,1,1,1,2,7,61,1,N,2,18286
1,1,1,0,1,9,67,1,N,2,0
2,1,3,1,3,4,57,1,N,2,13253
2,1,1,1,9,7,51,1,N,2,0
2,1,1,1,5,N,11,1,N,2,22517
1,4,3,2,2,6,42,1,N,2,24142
2,1,1,1,8,6,62,1,N,2,12274
2,6,1,1,4,10,4,1,N,2,12352
2,1,1,2,N,N,66,1,N,2,19693
2,6,2,2,7,7,35,1,N,2,20780
1,1,1,1,4,11,69,1,N,2,24694
1,6,2,2,3,6,0,1,N,2,19078
1,1,1,1,9,7,38,1,N,2,19598
2,1,1,1,8,7,68,1,N,2,17262
1,6,1,1,6,7,21,1,N,2,17536
1,1,2,0,N,7,40,1,N,2,11896
1,6,1,2,1,3,14,1,N,2,25614
1,6,1,1,6,6,30,1,N,2,12783
1,6,2,1,7,6,81,1,N,2,6836
2,6,1,2,2,7,51,1,N,2,15915
2,1,2,2,4,10,13,1,N,2,125
1,1,1,1,0,12,23,1,N,2,27252
2,4,9,1,8,N,45,1,N,2,27252
1,1,1,1,N,4,29,1,N,2,27252
1,6,1,1,1,9,39,1,N,2,8866
1,6,2,1,0,7,46,1,N,2,27252
1,1,1,2,3,6,41,1,N,2,0
2,1,1,1,1,N,61,1,N,2,9279
2,6,4,2,N,6,33,1,N,2,9427
2,6,9,1,9,6,42,1,N,2,27252
1,1,1,1,8,2,95,1,N,2,13245
2,1,1,1,3,3,34,1,N,2,11548
1,1,1,2,8,7,81,3,N,2,20024
2,1,1,2,0,7,16,1,N,2,153
1,3,1,1,9,6,56,1,N,2,17618
1,6,1,2,N,7,61,1,N,2,25914
1,1,1,1,6,6,43,1,N,2,19225
2,1,1,1,4,6,13,1,N,2,14630
2,6,2,2,2,6,4,1,1,2,10426
2,1,1,1,9,3,38,1,N,2,18234
2,6,1,1,N,7,30,1,N,2,22534
1,6,2,1,3,3,30,1,N,2,14830
2,6,1,2,3,7,16,1,N,2,21618
2,4,3,1,4,7,43,1,N,2,13715
1,1,1,1,7,2,87,1,N,2,14080
2,N,2,1,7,7,29,1,N,2,10893
1,1,1,1,N,N,83,1,N,2,21694
1,6,2,2,1,5,16,1,N,2,11364
2,6,1,1,5,2,21,1,N,2,12936
1,3,2,1,8,6,49,1,N,2,24008
2,6,1,1,4,4,32,1,N,2,16902
2,1,1,1,7,9,41,1,N,2,12919
1,1,1,1,8,9,81,1,N,2,17633
1,1,1,1,9,7,34,1,N,2,11972
2,1,1,1,9,4,15,1,N,2,4434
2,6,1,1,6,7,48,1,N,2,1165
1,6,2,2,4,11,25,1,N,2,18179
2,1,1,1,5,6,22,1,N,2,9097
2,6,1,2,N,7,90,1,N,2,18618
2,4,1,0,2,10,5,1,N,2,14561
1,1,1,1,1,4,8,1,N,2,23897
1,1,1,1,6,N,9,1,N,2,22304
2,1,1,1,7,7,79,1,N,2,14507
2,6,1,1,5,6,81,1,N,2,17295
1,1,1,1,5,7,56,1,N,2,6392
2,2,1,1,2,8,2,1,4,2,18224
1,6,1,2,2,6,23,1,N,2,15233
1,6,1,1,3,5,22,1,N,2,22559
1,5,1,2,3,7,28,1,N,2,19321
2,6,2,1,5,6,22,1,N,2,21037
2,6,1,1,2,N,26,1,N,2,20724
1,1,1,1,7,7,28,1,N,2,23012
1,3,1,1,2,7,44,1,N,2,1784
1,6,1,1,4,7,51,1,N,2,12586
2,4,1,1,0,5,68,1,N,2,10037
2,1,1,2,6,3,43,1,N,2,22913
2,1,1,1,N,7,70,1,N,2,14625
1,6,8,1,2,7,42,1,N,2,17860
2,1,1,1,0,N,20,1,N,2,22078
1,1,1,1,5,6,39,1,N,2,14374
2,1,1,1,N,7,40,1,N,2,27252
2,1,1,1,7,N,37,1,N,2,12176
2,1,2,2,4,6,47,1,N,2,21199
2,6,1,1,N,7,32,1,N,2,21372
2,1,1,1,N,3,87,1,N,2,18077
2,6,1,2,N,7,60,1,N,2,4715
2,1,1,1,8,7,56,1,N,2,27252
1,6,2,1,6,6,23,1,N,2,21626
1,1,1,1,2,6,62,1,N,1,25400
2,6,8,2,3,6,36,1,N,2,1692
1,4,1,2,9,5,47,1,N,2,21460
2,6,2,2,1,N,0,1,N,2,6651
2,6,2,2,0,4,62,1,N,2,9427
2,4,1,2,5,6,18,1,N,2,8784
1,3,1,1,8,7,12,1,N,2,19338
1,1,5,1,4,7,21,1,N,2,11008
1,1,1,1,8,7,33,1,N,2,4009
1,6,7,2,4,6,12,3,N,1,21743
1,1,2,1,9,N,47,1,N,2,27252
2,1,1,2,8,8,28,1,N,2,3723
2,1,1,1,4,5,60,1,N,2,10391
2,4,2,2,N,7,56,1,N,2,13924
2,1,6,1,8,3,39,1,N,2,17342
2,6,1,1,4,5,51,1,N,2,13734
2,1,1,1,1,5,30,1,N,2,3354
1,1,1,1,2,4,81,1,N,2,9427
2,1,2,1,8,7,95,1,N,2,19083
1,1,1,1,8,3,75,1,N,2,19270
2,6,1,1,3,5,58,1,N,2,9817
2,N,6,2,2,6,37,1,N,2,11919
2,1,1,1,8,6,60,1,3,2,22712
1,3,1,1,8,9,61,1,N,2,27252
2,6,1,1,3,7,24,1,N,2,12707
1,1,2,2,9,7,81,1,N,2,2935
1,1,1,1,7,12,12,1,N,2,26432
1,4,1,1,8,6,8,1,N,2,13564
1,1,1,2,7,9,7,1,N,2,23858
2,6,1,2,2,1,0,1,N,2,23231
2,3,6,1,3,N,16,1,6,2,10283
2,1,1,0,5,6,73,1,N,2,21385
2,6,1,2,5,7,27,1,N,2,24251
2,1,1,2,4,7,63,1,N,2,24076
2,1,1,2,3,9,23,1,N,2,9334
2,1,1,1,2,7,61,1,N,2,19373
1,1,1,2,N,7,59,1,N,2,19149
1,1,1,1,6,7,40,1,N,2,20790
1,1,1,2,8,N,58,1,N,2,24832
1,3,1,1,5,5,13,1,N,2,22718
1,1,1,1,2,12,52,1,N,2,18950
2,6,1,2,2,5,52,1,N,2,1692
2,6,1,2,N,6,9,1,N,2,19682
1,6,1,1,3,N,11,1,N,2,16760
2,6,1,1,N,7,39,1,N,2,24698
2,N,1,1,6,7,51,1,N,2,13602
2,6,1,1,6,7,21,1,N,2,14847
1,3,1,1,7,N,73,1,N,2,11603
2,1,1,1,8,5,42,1,N,2,19386
1,6,1,2,0,2,30,1,N,2,17996
1,3,1,1,N,N,71,1,N,2,21536
2,6,1,1,2,7,35,1,N,2,16662
2,4,1,2,N,3,38,1,N,2,23308
2,6,2,1,9,7,39,1,N,2,18661
2,4,2,1,8,6,68,1,N,2,16318
1,6,1,1,2,5,42,1,N,2,19341
2,1,1,1,N,N,68,1,N,2,23550
2,1,1,2,0,4,35,1,6,2,5672
1,1,1,2,5,11,36,1,N,2,14070
2,5,1,2,N,7,42,1,N,2,14935
1,2,1,2,N,7,24,1,N,2,12395
1,3,1,1,8,10,60,1,N,2,17542
1,4,1,1,N,N,38,1,N,2,13076
1,6,1,2,2,6,8,1,N,2,27252
2,1,1,1,5,12,73,1,N,2,19698
2,3,6,1,1,3,0,1,N,2,16754
1,1,2,1,7,5,60,1,N,2,14065
1,6,1,2,7,7,24,1,N,2,13319
2,6,2,0,3,6,34,1,N,2,7881
1,3,1,1,6,9,19,1,N,2,20869
2,6,1,1,6,1,43,1,N,2,6739
2,4,1,1,8,7,57,1,N,2,0
1,1,1,1,3,12,58,1,N,2,20293
1,6,1,2,9,9,83,1,4,2,22890
1,1,1,1,N,7,4,1,N,2,27252
1,1,1,1,9,N,43,1,N,2,27252
2,1,1,1,8,N,63,1,N,2,0
2,1,1,1,0,7,48,1,N,2,17094
1,1,3,1,4,7,82,1,N,2,20163
1,1,1,1,N,N,52,1,N,2,27188
1,1,1,1,6,9,52,1,N,2,0
2,1,1,1,9,10,70,1,N,2,20907
2,5,7,2,2,5,61,1,N,2,21456
1,6,1,2,2,6,25,1,N,2,15727
2,1,1,1,4,1,58,1,N,2,16081
1,1,1,1,7,4,20,1,N,2,21735
2,5,1,2,8,7,39,1,N,2,13972
2,2,1,1,0,5,47,1,N,2,18484
2,6,2,1,3,2,48,1,N,2,16018
2,1,8,1,4,11,80,1,N,2,11489
2,1,1,0,7,7,7,1,N,2,24939
1,1,1,1,7,N,23,1,N,2,18208
2,6,1,2,3,7,67,1,N,2,23334
1,4,2,1,N,7,42,1,N,2,617
2,1,1,1,5,6,59,1,N,2,14051
1,6,1,2,1,5,28,3,N,2,14823
1,3,1,1,4,5,17,1,N,2,23535
2,3,1,2,N,5,16,1,N,2,12835
2,6,1,1,3,8,51,1,N,2,11787
2,1,1,1,4,8,33,1,N,2,18726
1,1,1,1,N,7,51,1,N,2,26213
2,4,1,1,N,N,74,1,N,2,16351
2,1,1,2,5,3,68,1,N,2,12850
1,6,1,2,8,N,58,1,N,2,22031
1,6,1,1,0,6,12,1,N,2,24413
2,6,1,2,5,9,28,1,N,2,11366
2,1,1,0,6,7,49,1,N,2,17362
1,1,1,1,6,N,24,1,N,2,23639
2,1,1,1,8,6,20,1,N,2,20905
2,1,1,1,N,3,14,1,N,2,15741
1,1,1,2,8,7,26,1,N,2,15737
1,1,1,1,6,12,74,1,N,2,11560
2,1,1,2,7,7,35,1,N,2,21387
1,1,1,1,N,7,64,1,N,2,23510
1,6,1,2,0,7,16,1,N,2,11404
2,6,1,2,8,9,53,1,N,2,13010
2,6,1,2,3,7,15,1,N,2,13435
2,1,1,2,N,7,90,1,N,2,23374
1,1,1,2,8,11,22,1,N,2,20592
2,1,1,1,8,9,0,1,N,2,21401
2,6,1,1,N,7,72,1,N,2,17064
2,6,1,2,2,4,7,1,N,2,17243
2,1,8,1,6,9,10,1,N,2,15507
1,1,1,1,0,7,49,1,N,2,16680
1,1,1,2,0,7,27,1,N,2,1591
2,6,1,1,5,6,41,1,N,2,17972
1,1,1,2,8,6,50,1,N,2,23302
1,1,1,2,9,7,23,1,N,2,12695
2,1,1,1,1,5,22,1,N,2,11837
1,1,1,1,0,9,59,1,N,2,23573
2,1,1,2,9,N,37,1,N,2,4473
2,1,2,2,N,N,15,1,N,2,21449
1,1,3,1,6,N,36,1,N,2,26063
2,1,6,1,1,7,52,1,N,2,21100
2,6,1,2,7,11,31,1,N,2,16020
1,1,1,2,4,10,4,1,N,2,18503
2,1,1,2,5,N,7,1,N,2,27252
1,4,1,1,7,9,31,1,N,2,23679
1,1,2,1,2,7,50,1,N,2,7175
2,1,1,2,2,6,33,1,N,2,21060
1,1,1,1,4,3,88,1,N,2,24560
1,6,1,1,6,N,74,1,N,2,22871
2,1,1,1,9,6,58,1,N,2,21366
2,6,1,2,7,7,35,1,N,2,16112
2,1,1,1,5,N,64,1,N,2,15650
2,2,1,1,4,9,54,1,N,2,14980
1,4,1,1,7,N,68,1,N,2,24359
1,1,1,1,5,1,31,1,N,2,20796
1,1,1,1,N,7,54,1,N,2,19543
2,1,1,1,8,N,68,1,N,2,23795
1,1,1,1,9,7,18,1,N,2,20580
2,1,1,2,5,3,46,1,N,2,21721
2,6,2,2,6,5,25,1,N,2,13115
2,6,2,1,0,7,36,1,N,2,26343
2,6,1,1,3,6,54,1,N,2,13272
1,4,1,1,9,7,33,3,N,2,25824
2,6,1,2,N,7,28,1,N,2,27252
1,1,1,2,9,7,59,1,N,2,7251
2,1,2,1,4,6,36,1,N,2,16433
1,6,1,2,3,N,0,1,N,2,24939
2,N,1,1,3,7,20,1,N,2,22772
1,1,1,1,9,12,40,3,N,2,8727
2,1,1,2,6,7,41,1,N,2,6704
1,6,1,1,3,7,63,1,N,2,20172
1,6,1,1,0,7,32,1,N,2,24939
1,1,2,1,3,7,53,1,N,2,4193
2,4,1,1,3,N,71,1,N,2,27252
2,4,1,1,8,5,0,1,N,2,22767
1,1,1,1,N,3,77,1,N,2,20898
1,6,1,1,9,7,34,1,N,2,10809
2,1,1,1,4,N,95,1,N,2,14152
2,6,1,2,5,7,34,1,N,2,13731
1,6,1,2,8,6,35,1,N,2,20169
1,6,2,2,8,6,31,1,N,2,18243
2,1,1,1,N,7,62,1,N,2,9301
2,N,1,1,7,7,66,1,N,2,6479
1,6,2,2,5,5,39,1,N,2,16363
1,1,1,1,N,3,95,1,N,2,16223
2,4,1,1,8,2,75,1,N,2,15726
2,4,1,1,2,N,52,1,N,2,21487
2,1,1,1,5,N,12,1,N,2,12315
2,6,2,1,1,4,24,1,N,2,11674
2,6,1,1,2,7,52,1,N,2,22278
2,6,3,2,4,5,16,1,N,2,24545
2,1,1,2,4,N,36,1,N,2,5796
1,4,1,1,3,N,65,1,N,2,7032
1,6,2,1,0,7,63,1,N,2,15935
2,1,1,1,N,7,76,1,N,2,19248
2,1,2,1,N,N,55,1,N,2,14777
2,1,1,1,N,5,41,1,N,2,17408
2,1,1,2,1,N,18,1,N,2,19192
1,1,1,1,7,N,72,1,N,2,27252
1,1,6,1,5,5,56,1,N,2,16126
2,6,2,1,1,8,17,1,N,2,9649
1,6,2,0,0,4,4,1,1,2,11327
1,6,2,2,6,6,5,1,N,2,12889
1,6,2,2,3,7,34,1,N,2,13509
1,1,2,1,2,7,93,1,N,2,0
1,1,1,1,5,7,25,1,N,2,20461
2,4,1,2,7,N,46,1,N,2,12673
1,1,1,1,N,N,81,1,N,2,20595
2,4,6,1,8,4,46,1,N,2,13549
2,1,1,1,9,9,64,1,N,2,19107
2,6,1,2,2,6,27,1,N,2,4821
2,1,1,1,2,1,27,1,N,2,17452
2,6,2,2,N,7,36,1,N,2,23507
2,1,1,1,N,N,37,1,N,2,21938
1,1,1,1,7,7,25,1,N,2,19964
1,1,2,1,N,N,60,1,N,2,23573
1,6,1,0,8,7,53,1,N,2,14564
2,1,1,1,3,5,30,1,N,2,3677
2,6,1,1,0,7,38,1,N,2,23197
1,1,1,2,4,4,59,1,N,2,9427
1,1,1,1,5,4,65,1,N,2,15417
1,1,1,2,9,7,44,1,N,2,18020
1,1,1,2,8,7,53,1,N,2,24807
1,3,1,1,9,2,44,1,N,2,22994
1,6,8,0,2,7,45,1,N,2,6780
2,6,6,1,4,1,17,1,N,2,10669
1,1,1,1,N,7,44,1,N,2,17619
2,3,1,1,8,12,58,1,N,2,18876
1,6,1,1,8,N,55,1,N,2,13521
2,4,1,2,5,9,67,1,N,2,13444
2,6,1,2,7,6,30,1,N,2,22886
1,1,1,1,5,9,39,1,N,2,17811
1,6,6,2,N,7,28,1,N,2,18051
1,6,1,2,N,7,1,3,N,2,24109
2,4,2,1,N,7,22,1,N,2,24939
2,6,1,2,6,11,13,1,N,2,2144
2,3,1,1,9,7,61,1,N,2,12212
2,4,1,1,6,N,26,1,N,2,14049
1,1,7,1,N,12,67,1,N,2,9932
2,1,2,1,8,N,49,1,N,2,19567
1,1,1,1,9,N,64,1,N,2,14882
2,1,1,1,8,2,27,1,N,2,25766
2,3,1,2,2,7,18,1,N,2,17702
1,1,1,1,N,7,22,1,N,2,12124
2,1,4,1,0,5,21,1,N,2,17031
2,6,1,1,3,N,36,1,N,2,27252
2,1,1,1,4,7,16,1,N,2,19035
1,6,9,1,3,5,29,1,N,2,16574
1,6,2,2,0,1,30,1,N,2,4949
1,3,1,2,N,3,67,1,N,2,17042
2,6,2,1,5,2,45,1,N,2,4575
1,1,1,1,3,7,19,1,N,2,26539
1,1,1,1,N,7,83,1,N,2,15727
1,2,1,2,8,12,80,1,N,2,20505
2,6,1,1,6,6,85,1,N,2,14695
1,1,1,0,7,2,35,1,N,2,11219
2,1,1,1,8,7,44,1,N,2,24416
1,6,1,0,7,N,58,1,N,2,21704
2,1,1,1,6,7,39,1,N,2,20306
1,6,1,2,0,6,36,1,N,2,9972
2,1,1,1,9,7,46,1,N,2,19903
2,6,1,1,6,N,27,1,N,2,14184
2,5,9,1,8,7,59,1,N,2,17142
2,1,1,2,N,7,21,1,N,2,21059
2,1,1,1,5,5,33,1,N,2,25243
1,6,1,2,7,7,74,1,N,2,18756
1,1,6,2,7,11,78,1,N,2,0
2,1,1,1,4,6,55,1,N,2,27159
1,6,3,1,3,7,64,1,N,2,22480
2,6,2,2,0,7,8,1,N,2,5581
1,6,1,2,0,6,31,1,N,2,15169
1,6,2,1,4,4,47,1,N,2,15842
2,1,1,2,3,7,29,1,N,2,13114
2,6,1,2,5,4,6,1,N,2,5157
2,6,1,2,1,7,62,1,N,2,14618
2,1,1,1,6,7,71,1,N,2,7462
1,1,1,0,3,5,57,1,N,2,18973
2,2,1,1,8,N,56,1,N,2,16924
2,1,1,1,0,7,45,3,N,2,27252
2,1,1,1,1,9,70,1,N,2,23793
2,1,1,1,6,N,55,1,N,2,23854
2,4,1,2,4,4,71,1,N,2,23679
2,4,2,2,9,7,16,1,N,2,14856
2,2,2,1,6,6,44,1,N,2,11161
2,1,1,0,N,N,78,1,N,2,17272
1,4,1,1,3,3,9,1,N,2,24228
1,3,1,1,6,9,39,1,N,2,10977
1,3,1,1,4,N,61,1,N,2,17055
1,1,1,2,8,7,62,1,N,2,20168
2,1,1,1,7,11,56,1,N,2,18912
2,6,1,1,6,8,17,1,N,2,15994
1,6,1,2,2,N,26,1,N,2,12591
2,1,1,1,8,7,0,3,N,2,22837
1,6,1,1,9,N,61,1,N,2,19007
2,1,8,2,5,7,39,1,N,2,10216
2,6,1,2,3,6,27,1,N,2,15792
2,1,1,0,8,3,65,1,N,2,9453
1,1,1,1,5,9,55,1,N,2,24939
2,1,2,2,3,N,60,1,N,2,4858
1,6,1,0,0,7,23,1,N,2,0
2,1,1,1,8,5,62,1,N,2,23314
2,1,1,1,0,7,32,1,1,2,12184
2,3,2,1,4,4,52,1,N,2,7725
2,1,1,1,3,7,16,1,N,2,10260
2,6,1,2,7,6,12,1,N,2,24406
1,3,1,1,7,9,74,1,N,2,11384
1,1,1,1,5,N,31,1,N,2,22248
2,1,1,1,2,7,50,1,N,2,24194
2,6,1,1,6,6,24,1,N,2,8518
1,4,2,2,3,7,10,1,N,2,16035
2,6,1,2,0,N,40,1,N,2,18832
1,3,1,1,6,2,62,1,N,2,27252
1,1,1,2,9,7,51,1,N,2,17606
2,1,1,1,8,3,12,1,N,2,27252
2,1,1,2,2,6,36,1,N,2,18581
2,4,1,1,5,9,35,1,N,2,11148
1,6,1,2,N,N,3,1,N,2,23615
2,6,1,1,2,7,60,1,N,2,26740
2,2,2,1,6,4,11,1,N,2,5862
2,1,1,1,6,11,43,1,N,2,13789
1,1,8,0,5,N,74,1,N,2,3528
1,1,1,1,3,11,49,1,N,2,23899
1,6,1,1,N,12,41,1,N,2,20997
2,6,2,2,4,7,48,1,N,2,13278
2,3,2,1,5,4,71,1,N,2,3018
2,6,2,2,0,1,25,1,N,2,14823
1,1,2,1,7,9,10,1,N,2,27252
1,6,2,1,7,7,41,1,5,2,25613
2,6,1,0,5,6,9,1,N,2,3961
1,1,1,1,5,9,69,1,N,2,14065
2,6,2,1,6,8,21,1,N,2,15206
1,3,2,2,9,6,28,1,N,2,23254
1,1,2,2,6,7,34,1,N,2,5913
2,4,1,1,9,N,0,1,N,2,22644
1,6,6,2,4,4,57,1,N,2,18003
1,1,2,1,6,2,47,1,N,2,10790
2,6,1,1,4,7,17,1,N,2,22878
2,6,8,1,8,12,69,1,N,2,12306
2,1,1,1,N,7,37,1,N,2,27252
2,1,1,1,0,3,49,1,N,2,24939
1,1,3,1,6,7,60,1,N,2,7401
2,6,1,1,8,11,43,1,N,2,13724
1,1,1,1,5,12,63,1,N,2,15030
2,1,1,1,3,7,86,1,N,2,12862
2,6,1,1,6,5,62,1,N,2,19976
1,6,1,1,0,7,65,1,N,2,22546
2,6,1,2,2,6,45,1,N,2,18885
2,1,1,1,N,7,57,1,N,2,22082
1,1,1,1,4,7,1,1,N,2,22915
1,6,1,2,1,5,86,1,N,2,15915
1,6,1,1,9,6,48,1,N,2,21141
2,1,1,1,7,9,57,1,N,2,1588
1,1,1,1,1,1,23,1,N,2,2494
2,1,1,1,N,7,36,1,N,2,4533
2,1,1,1,7,N,34,1,N,2,22274
2,1,6,2,2,N,26,1,N,2,17911
2,6,1,1,7,7,25,1,N,2,27252
2,6,2,2,2,5,38,1,N,2,8384
1,1,3,1,2,7,50,1,N,2,19140
1,4,2,1,4,6,88,1,N,2,12110
2,1,1,1,7,7,64,1,N,2,14404
2,4,1,1,5,3,58,1,N,2,18662
2,6,1,1,7,N,40,1,N,2,18496
2,4,1,1,8,7,72,1,N,2,24777
2,6,2,1,4,N,48,1,N,2,14312
2,1,2,1,8,4,23,1,N,2,14737
1,6,2,2,6,7,8,1,N,2,17517
2,1,1,1,N,7,63,1,N,2,24405
2,1,1,1,8,4,95,1,N,2,11229
1,6,1,1,N,4,24,1,N,2,6732
1,4,2,2,1,6,36,1,N,2,5983
2,6,1,2,9,7,47,1,N,2,17647
1,1,1,1,9,2,31,1,N,2,16239
1,N,2,1,1,10,77,1,N,2,21486
2,1,1,1,0,7,59,1,N,2,21347
1,1,1,1,3,7,33,1,N,2,10082
2,6,1,2,5,10,24,1,N,2,17576
1,6,2,2,0,5,33,1,N,2,23389
2,6,1,1,8,7,60,1,N,2,10384
2,6,2,1,9,6,81,1,N,2,20252
1,6,2,2,5,5,48,1,N,2,13162
1,6,6,1,2,4,5,1,N,2,17908
2,6,1,1,2,6,32,1,N,2,17095
1,1,1,2,N,7,55,1,N,2,20447
2,6,1,1,4,6,47,1,N,2,10239
1,1,1,1,N,7,57,1,N,2,27252
1,6,8,1,8,7,29,1,N,2,19404
2,1,1,1,7,7,82,1,N,2,12224
1,6,6,1,7,9,51,1,N,2,21974
1,6,1,1,8,7,29,1,N,2,18716
1,1,3,1,9,N,0,1,N,2,18230
1,6,1,1,N,7,69,1,N,2,18166
1,1,1,1,0,7,27,1,N,2,11889
1,1,1,1,1,3,63,1,N,2,16766
2,1,1,1,6,N,73,1,N,2,21061
1,6,2,1,6,2,37,1,N,2,16097
1,1,1,2,6,5,80,1,N,2,2218
1,1,1,2,4,11,30,1,N,2,3237
2,1,1,1,N,N,20,1,N,2,27252
1,6,2,1,0,5,32,1,N,2,17727
2,1,1,2,1,9,5,1,N,2,12623
2,1,1,1,N,N,11,1,N,2,19704
1,1,1,1,5,N,24,1,N,2,12674
1,1,1,1,N,3,64,1,N,2,10458
2,6,1,2,6,5,14,1,N,2,20687
1,1,9,1,N,3,67,1,N,2,20934
2,4,6,1,8,6,45,3,N,2,19313
1,4,2,1,4,7,13,1,N,2,11494
2,1,1,1,6,6,81,1,N,2,12583
2,1,1,0,0,4,47,1,N,2,19059
1,1,1,1,2,7,66,1,N,2,12469
2,1,1,1,N,N,63,1,N,2,4771
2,6,1,2,2,5,0,1,N,2,19601
1,3,1,1,5,12,62,1,4,2,23790
2,3,1,1,8,7,11,1,N,2,6368
2,1,1,1,3,7,19,1,N,2,16675
1,1,1,1,N,2,59,1,N,2,27252
2,6,1,0,6,6,71,1,1,2,0
1,1,1,1,7,12,36,1,N,2,21955
1,1,1,1,7,5,51,1,N,2,23755
2,4,1,2,8,7,65,1,2,2,16528
1,4,1,1,N,7,31,1,N,2,5183
2,6,2,0,2,6,77,1,N,2,17257
1,1,1,1,2,3,0,1,N,2,12910
2,1,1,2,3,8,87,1,N,2,24975
2,1,8,1,4,7,19,1,N,2,20770
2,6,1,1,2,7,0,1,N,2,19780
1,2,1,2,2,6,35,1,N,2,22613
2,1,7,0,8,5,57,1,N,2,23235
2,1,1,1,6,9,19,1,N,2,20521
2,1,1,1,7,7,53,1,N,2,14909
1,6,1,2,4,6,15,1,N,2,21681
1,6,9,2,7,3,25,3,N,2,5651
2,1,1,2,3,N,50,1,N,2,19189
1,4,2,1,1,9,24,1,N,2,26373
1,1,1,1,9,3,21,1,N,2,14367
2,6,6,2,6,6,44,1,N,2,15901
1,5,1,1,4,5,43,1,N,2,17009
2,6,2,2,9,6,54,1,N,2,12050
1,1,1,1,9,6,70,1,N,2,24788
2,6,1,2,5,9,59,2,N,1,18835
2,6,1,2,3,7,23,1,N,2,12592
1,1,1,1,3,12,57,1,N,2,21252
2,6,1,1,N,N,64,1,N,2,14733
2,6,1,2,6,2,70,1,5,2,3259
2,1,1,1,9,N,73,1,N,2,21748
1,6,2,2,6,4,25,1,N,2,18866
2,4,1,1,N,2,95,1,N,2,19135
2,6,6,2,2,7,10,1,N,2,13695
2,1,1,1,3,8,32,1,N,2,27252
2,1,1,1,N,3,54,1,N,2,19932
1,3,1,1,8,7,43,1,N,2,23192
2,4,1,1,4,6,44,1,N,2,4043
2,1,1,1,8,12,22,1,N,2,18931
1,4,3,2,1,5,32,1,N,2,12222
2,1,1,1,7,7,60,1,N,2,10231
2,6,2,2,N,6,19,1,N,2,14753
2,1,1,0,2,7,15,1,N,2,22283
2,1,1,1,4,8,55,1,N,2,11428
2,3,2,0,9,5,74,1,N,2,17194
1,1,8,1,8,N,73,1,N,2,14695
2,6,1,1,9,N,27,1,N,2,19157
2,1,1,1,9,N,66,1,N,2,13120
2,6,1,2,8,7,87,1,N,2,693
2,6,1,1,2,7,59,1,N,2,18982
1,1,5,1,5,7,20,1,N,2,17819
2,1,1,1,8,11,67,1,6,2,17580
1,1,1,1,N,7,65,1,N,2,17818
2,6,1,1,8,7,1,1,N,2,22198
1,6,1,2,0,8,11,1,N,2,16252
2,1,1,1,9,3,32,1,N,2,12659
1,1,1,1,7,7,24,1,N,2,6698
2,6,2,2,1,5,50,1,N,2,16741
2,1,1,1,7,N,79,1,N,2,12003
1,1,1,1,6,6,67,1,N,2,4799
2,4,1,1,7,N,0,1,N,2,16404
2,1,1,2,5,7,16,3,N,2,17218
1,1,8,1,N,3,55,1,N,2,27252
1,1,9,1,9,7,44,1,5,2,8051
1,6,1,1,9,6,0,2,N,2,17742
1,6,1,1,5,1,64,1,N,2,18800
2,1,1,0,2,N,30,1,N,2,23768
2,1,1,1,9,N,72,1,N,2,27252
1,1,1,1,8,10,45,1,N,2,19924
1,4,2,1,8,7,3,1,N,2,27252
2,1,4,1,1,5,1,1,N,2,22541
2,1,1,1,8,6,82,1,N,2,9229
1,1,1,2,8,9,61,1,N,2,14790
2,1,8,1,1,3,39,1,N,2,16538
2,1,1,1,N,7,52,1,N,2,24629
1,4,2,1,1,5,11,1,N,2,9082
2,1,1,2,8,7,49,1,N,2,13131
2,6,2,2,6,6,6,1,N,2,21361
1,6,1,1,4,4,11,1,N,2,8183
2,1,1,1,3,7,55,1,N,2,19364
2,6,2,1,6,4,31,1,N,2,13095
2,1,1,1,4,N,30,1,N,2,15678
2,6,1,1,6,7,93,1,N,2,21819
2,6,1,1,5,6,90,1,N,2,21303
2,6,1,1,0,N,36,1,N,1,21478
2,1,1,1,N,3,54,1,N,2,10862
2,1,1,1,7,N,61,1,N,2,26824
1,6,4,1,N,7,80,1,N,2,6253
2,1,2,1,9,N,37,1,N,2,19023
1,6,1,1,N,7,23,1,N,2,24939
2,1,2,1,9,6,45,1,N,2,11203
1,1,1,1,0,7,52,1,N,2,25988
1,6,2,2,3,7,72,1,N,2,26681
1,4,1,1,1,5,7,1,N,2,16237
2,6,6,2,1,3,31,1,N,2,10739
2,4,5,1,6,9,57,1,N,2,0
1,1,1,1,6,12,62,1,N,2,12066
2,1,1,1,9,2,18,1,N,2,15070
2,1,1,1,N,N,48,1,N,2,17380
2,3,1,1,3,7,21,1,N,2,18103
1,1,1,1,2,6,87,1,N,2,0
2,6,8,1,8,7,74,1,N,2,11604
1,1,1,1,2,6,78,1,N,2,19423
2,6,1,2,6,4,95,1,N,2,23299
2,6,1,1,3,5,74,1,N,2,19954
2,6,2,1,7,5,57,1,N,2,4272
1,1,1,1,2,3,36,1,N,2,26559
2,1,1,1,8,3,9,1,N,2,27252
2,5,1,1,7,5,89,1,N,2,12034
2,1,1,1,N,7,62,1,N,2,23376
1,6,1,1,8,2,19,1,N,2,5428
2,1,8,2,6,7,83,1,N,2,12330
1,6,2,1,2,5,33,1,N,2,10918
2,1,2,1,7,9,42,1,N,2,19300
1,1,1,1,3,7,54,3,N,2,10351
2,1,2,1,5,N,75,1,N,2,14047
2,3,1,1,2,7,48,1,N,2,26223
1,6,1,2,2,7,57,1,N,2,9427
2,5,1,1,8,7,73,1,N,2,26051
1,1,1,1,5,7,61,1,N,2,9205
2,1,1,1,N,7,59,1,N,2,18762
2,6,1,2,6,7,23,1,N,2,12768
2,1,3,1,7,8,49,1,N,2,18280
2,1,1,2,9,6,43,1,N,2,22772
1,6,1,2,1,6,10,1,N,2,10495
1,6,1,0,0,4,40,1,N,2,23182
2,6,1,2,3,7,0,1,N,2,19259
1,1,1,2,9,N,69,1,N,2,10848
1,1,1,1,6,3,38,1,N,2,14414
2,6,1,1,6,5,67,1,N,2,21987
2,6,1,1,9,5,8,1,N,2,25220
1,6,1,1,0,3,6,1,N,2,10175
1,1,1,1,5,N,51,1,N,2,22749
1,6,1,1,3,7,85,1,N,2,6205
1,4,5,2,2,7,13,1,N,2,19265
2,1,1,1,6,4,95,1,N,2,11184
1,6,6,1,2,7,31,1,N,2,16852
1,6,1,2,5,7,23,1,N,2,12136
1,1,1,1,5,8,62,1,N,2,25314
2,1,1,2,9,7,28,1,N,2,15215
1,6,1,2,2,7,88,1,N,2,9215
1,6,2,1,6,6,0,1,N,2,15864
1,1,8,2,2,N,36,1,N,2,11992
2,6,1,2,2,9,27,1,N,2,18883
1,6,1,1,N,7,58,1,N,2,13259
2,6,1,1,0,5,13,1,2,2,16672
1,1,1,1,N,N,45,1,N,2,14589
2,N,1,2,3,7,53,1,N,2,15448
2,5,1,1,4,3,2,3,N,2,17908
2,1,1,1,2,6,46,1,N,2,11686
1,1,1,2,6,N,60,1,N,2,18821
2,1,2,2,4,5,30,1,N,2,11779
2,N,1,1,0,N,14,1,6,2,9907
2,3,2,2,4,6,29,1,N,2,23033
2,1,1,1,N,7,75,1,N,2,13382
2,6,1,2,7,3,28,1,N,2,11683
2,1,1,1,0,10,64,1,N,2,561
1,6,2,2,7,7,55,1,N,2,19836
2,2,1,1,6,7,86,1,N,2,15242
1,1,1,1,5,N,65,1,N,2,16161
2,1,1,0,0,5,52,1,1,2,23508
1,6,1,1,2,7,8,1,N,2,17840
2,1,1,1,2,6,26,1,N,2,17048
1,1,1,2,8,7,46,1,N,2,5848
2,1,1,1,3,2,40,1,N,2,27252
2,1,6,1,5,N,4,1,N,2,5569
2,6,1,1,3,8,31,1,N,2,23231
1,1,1,1,N,3,28,1,N,2,16056
2,6,1,1,9,6,25,1,N,2,27071
2,5,1,2,9,N,76,1,N,2,18132
2,4,1,2,1,7,20,1,N,2,19154
2,3,1,2,1,7,7,1,N,2,18428
2,1,1,1,5,7,54,1,N,2,20479
2,6,1,1,9,6,66,1,N,2,11120
2,6,1,1,3,2,7,1,N,2,23983
2,1,1,1,3,6,56,1,N,2,27252
2,6,1,1,3,7,46,1,N,2,25243
2,6,1,1,8,2,57,1,N,2,17823
2,6,1,2,2,7,64,1,N,2,4637
2,3,1,2,0,7,24,1,N,2,15516
1,6,2,1,0,7,61,1,N,2,3478
2,1,1,1,5,12,68,1,N,2,25711
1,1,1,1,3,N,60,1,N,2,16499
2,4,1,1,9,N,87,1,N,2,11441
2,1,1,1,N,7,64,1,N,2,9306
1,4,9,1,8,7,41,1,N,2,22248
2,1,1,2,7,7,35,1,N,2,15470
2,1,1,1,N,N,81,1,N,2,7492
1,1,2,1,6,8,70,1,N,2,24641
2,6,1,2,3,7,2,1,N,2,18273
2,1,1,1,0,7,53,1,N,2,10746
2,6,1,1,N,7,70,1,N,2,11641
1,1,1,1,9,7,70,1,N,2,23968
1,6,6,2,6,6,61,1,N,2,11847
2,1,2,1,0,N,33,1,N,2,6145
2,1,5,1,3,N,0,1,N,2,24939
2,3,1,1,5,9,77,1,N,2,10195
2,6,1,1,0,7,36,1,N,2,21369
2,6,2,1,8,5,59,1,N,2,19688
1,1,2,2,N,N,41,1,N,2,27252
1,1,2,1,6,N,72,1,N,2,24031
1,1,1,1,N,3,20,1,N,2,27252
2,1,1,1,2,7,69,1,N,2,11447
1,1,1,2,7,N,69,1,N,1,13364
2,4,1,1,7,5,81,1,N,2,15059
1,1,1,2,7,7,43,1,N,2,22953
1,1,2,1,2,9,89,1,N,2,14350
1,6,1,0,2,6,39,1,N,2,12415
1,1,3,2,7,4,54,1,N,2,15421
1,4,2,1,4,N,17,1,N,2,13804
2,1,2,2,6,4,32,1,N,2,23326
2,4,4,1,8,6,31,2,N,2,21950
1,6,3,1,8,12,83,1,4,2,25017
1,1,1,0,9,11,17,1,N,2,12391
1,1,1,1,7,N,23,1,N,2,14544
1,1,1,1,N,7,72,1,N,2,12350
2,1,1,1,5,4,75,1,N,2,14775
1,3,6,1,N,2,40,1,N,2,27252
1,1,1,1,N,7,70,1,N,2,24499
2,6,2,1,2,11,16,1,N,2,11583
1,6,6,1,1,8,33,1,N,2,18073
2,1,1,1,6,12,34,1,N,2,17621
1,1,1,1,8,6,62,1,N,2,13206
2,1,2,1,9,7,5,1,N,2,15664
2,1,1,1,7,5,55,1,N,2,15272
1,4,1,1,N,N,83,1,N,2,17787
2,6,1,1,4,5,93,1,N,2,12978
2,1,2,2,0,7,24,1,N,2,6953
2,1,2,2,3,4,33,1,N,2,11465
1,1,1,1,N,7,62,1,N,2,9025
2,6,6,1,5,N,47,1,N,2,14817
2,4,1,1,8,N,49,1,N,2,17657
1,4,1,1,3,5,31,1,N,2,10273
2,4,1,1,3,N,4,1,N,2,24164
2,4,1,1,9,7,19,1,N,2,20307
1,1,1,1,6,7,59,1,N,2,17740
2,1,1,1,3,7,53,1,N,2,12641
2,1,1,2,N,7,40,1,N,2,22333
2,1,1,1,N,N,37,1,N,2,14932
2,6,1,0,3,5,41,1,N,2,13372
2,6,1,1,9,7,36,1,N,2,17192
1,6,1,1,N,7,22,1,N,2,15183
2,1,1,2,6,5,59,1,N,2,8741
2,2,1,1,2,9,47,1,N,2,20965
2,1,2,1,9,6,64,1,N,2,14185
2,3,1,1,3,12,33,1,N,2,16104
1,1,1,1,4,5,80,1,N,2,10603
2,6,1,2,8,5,33,1,N,2,0
1,6,2,1,5,7,40,1,N,2,7968
2,1,1,1,5,6,26,1,N,2,18501
2,1,2,0,1,6,52,1,N,2,15309
2,6,1,1,N,7,35,1,N,2,9128
2,1,1,1,N,7,41,1,N,2,16676
1,1,2,1,8,12,87,1,N,2,13071
2,1,1,1,5,6,47,1,N,2,22394
2,1,1,1,9,4,68,1,N,2,11827
2,1,1,2,N,N,53,1,N,2,20634
2,6,2,1,2,8,41,1,N,2,11579
1,1,1,1,1,7,20,1,N,2,21445
1,1,6,1,2,N,90,1,N,2,156
1,1,1,1,9,3,62,1,N,2,27252
2,1,1,2,N,N,26,1,N,2,19053
1,4,2,2,3,5,34,1,N,2,10552
2,6,1,1,0,9,49,1,N,2,19832
1,1,1,1,9,3,65,1,N,2,25136
2,1,1,1,7,3,51,1,N,2,15283
2,6,6,1,0,5,14,1,N,2,23083
2,1,1,1,N,3,79,1,N,2,27101
2,1,1,1,2,1,0,1,N,2,27252
1,6,1,2,9,5,36,1,N,2,12291
2,6,1,1,7,3,40,1,N,2,22183
2,1,1,2,3,N,58,1,N,2,3252
1,1,1,2,N,7,56,1,N,2,20923
1,1,1,1,7,7,63,1,N,2,20461
1,1,2,2,0,N,9,1,N,2,18589
2,6,1,1,7,4,75,1,N,2,11788
2,1,1,2,N,N,47,1,N,2,15056
1,6,2,1,6,8,3,1,N,2,23697
1,1,7,2,8,4,34,2,3,2,9577
1,6,1,1,3,7,42,1,N,2,18495
1,1,1,1,9,3,23,1,N,2,27252
2,1,1,1,7,N,24,1,N,2,18950
1,1,1,0,3,6,10,1,N,2,27252
2,3,1,1,2,11,52,1,N,2,19598
1,2,1,1,3,5,29,1,N,2,14750
2,1,2,1,2,7,32,1,N,2,20605
2,1,1,1,7,7,50,1,N,2,24486
1,1,1,1,N,7,41,1,N,2,23808
1,6,2,2,5,7,31,1,N,2,1012
2,5,1,2,3,N,31,1,N,2,15348
1,6,1,1,2,7,44,1,N,2,7424
2,6,4,0,1,11,17,1,N,2,2134
1,1,1,1,9,N,52,1,N,2,21833
1,1,1,1,3,9,62,1,N,2,26720
1,1,1,2,9,7,51,1,N,2,14766
2,1,1,2,3,12,76,1,N,2,2917
1,1,1,1,7,5,51,1,N,2,4674
1,1,1,1,2,7,88,1,N,2,19905
1,3,1,1,6,6,53,1,N,2,8971
2,1,2,1,0,7,66,1,N,2,18658
2,1,1,1,3,6,41,1,N,2,24939
1,6,1,0,1,8,47,1,N,2,11457
2,4,1,2,0,1,28,1,N,2,6044
2,6,2,2,7,7,30,1,N,2,15422
2,1,1,1,N,7,6,1,N,2,16843
2,1,2,2,7,9,19,1,N,2,20375
2,4,1,2,2,4,30,1,N,2,11141
1,1,1,1,1,2,33,1,N,2,19143
2,1,1,2,4,N,0,1,N,2,17818
2,1,9,1,9,11,69,1,N,2,6817
1,6,1,1,5,N,88,1,N,2,6480
1,1,1,1,6,5,30,1,N,2,15008
2,6,2,2,3,8,23,1,N,2,10810
1,1,1,1,1,8,55,1,N,2,14649
2,6,6,2,7,5,68,1,N,2,11911
1,6,2,1,0,7,23,1,N,2,17666
2,1,1,1,9,7,71,1,N,2,15673
2,1,1,1,0,2,35,1,N,2,13662
2,3,1,2,3,N,60,1,N,2,0
1,1,1,1,8,7,61,1,N,2,3948
1,1,1,1,N,N,51,1,N,2,25027
1,1,1,1,9,2,57,1,N,2,18134
1,1,1,2,3,7,58,1,N,2,27252
2,3,1,1,N,N,24,1,N,2,10161
1,6,1,2,0,3,0,1,N,2,15044
1,6,1,1,2,7,0,1,N,2,27252
1,6,1,1,0,7,76,1,N,2,21055
2,1,7,2,0,10,63,1,N,2,21838
2,1,1,1,6,7,27,1,N,2,18413
1,1,1,1,7,3,17,1,N,2,26827
2,6,2,1,0,4,25,1,N,2,20251
2,1,1,1,9,9,0,1,N,2,22456
2,1,1,1,8,7,23,2,N,2,16118
2,1,2,1,2,5,61,1,N,2,9194
2,1,2,1,2,5,33,1,N,2,13374
2,6,1,1,5,2,36,1,N,2,15655
2,6,2,2,7,6,0,1,N,2,23028
2,1,1,1,6,7,9,1,N,2,2969
2,1,3,2,9,3,73,1,N,2,0
1,1,1,1,9,4,76,1,N,2,12630
2,1,1,1,9,N,73,1,N,2,16752
1,N,1,1,9,N,57,1,N,2,10043
1,1,1,1,N,7,58,1,N,2,17277
2,6,3,1,6,6,45,1,N,2,12187
2,1,1,1,6,7,23,1,N,2,23647
1,6,3,0,4,5,30,1,N,2,7973
2,1,2,1,3,N,76,1,N,2,2600
1,6,1,2,3,7,17,1,N,2,15823
1,6,1,1,6,12,1,1,N,2,25715
1,1,1,1,4,12,30,1,N,2,24044
1,6,1,2,6,7,33,1,N,2,17712
2,6,1,2,N,7,39,1,N,2,26788
1,1,2,1,N,2,50,1,N,2,20062
1,1,2,1,4,N,26,1,N,2,27252
1,6,1,2,9,7,37,1,N,2,11749
2,6,6,1,7,5,10,1,5,2,15817
1,6,1,2,8,7,21,1,N,2,19559
1,1,1,1,N,7,64,1,N,2,17644
2,6,1,1,0,7,53,1,N,2,4505
2,1,1,1,6,N,48,1,2,2,23714
1,6,1,1,0,12,59,1,N,2,20497
1,6,7,2,5,6,28,1,N,2,19501
2,1,1,1,4,N,27,1,N,2,22137
1,1,1,1,N,N,72,1,N,2,1057
2,1,2,0,9,7,34,1,N,2,25940
1,1,1,1,4,7,55,1,N,2,9711
2,1,1,1,3,8,42,1,N,2,26253
2,1,1,2,N,7,59,1,N,2,25550
2,1,1,1,N,7,20,1,N,2,21510
1,6,1,1,4,1,52,1,N,2,15105
1,1,1,2,8,7,60,1,N,2,15325
1,6,2,0,0,7,20,1,N,2,9396
2,6,1,1,8,9,57,1,N,2,3279
2,1,3,2,3,8,78,1,N,2,2113
2,1,2,1,2,N,22,1,N,2,25615
2,1,1,1,N,7,93,1,N,2,13269
2,6,1,2,5,6,38,1,N,2,17992
2,6,1,2,6,3,65,1,N,2,16348
1,1,1,1,3,7,17,2,N,2,23223
1,1,1,1,4,6,20,2,N,2,13133
2,1,1,1,N,6,85,1,N,2,14243
2,6,1,1,9,7,72,1,N,2,7516
1,6,2,2,4,6,1,1,N,2,14244
2,1,1,2,6,7,13,1,N,2,27252
2,1,1,1,8,6,75,1,N,2,14789
2,1,1,2,6,6,67,1,N,2,14268
2,1,8,1,N,7,33,1,N,2,20654
1,6,2,2,5,11,38,1,N,2,15795
2,1,1,1,7,N,24,1,N,2,26219
2,1,1,1,8,N,71,1,N,2,17461
1,1,1,1,8,N,42,1,N,2,18832
2,6,2,2,5,6,68,1,N,2,10378
2,6,2,2,0,7,20,1,N,2,13425
2,4,1,1,4,6,25,1,N,2,20708
2,1,1,1,9,N,70,1,N,2,9357
2,6,1,1,6,4,46,1,N,2,11303
2,6,3,1,N,7,43,1,N,2,10404
2,1,2,1,N,N,52,1,N,2,19138
2,1,1,2,2,7,80,1,N,2,27252
1,1,9,1,N,4,72,1,N,2,15371
2,1,2,0,5,7,59,1,N,2,20125
1,6,7,1,7,12,61,1,N,2,23205
1,6,1,2,3,7,12,1,N,2,25214
1,1,2,2,6,9,0,1,N,2,14210
1,6,1,1,2,5,0,1,4,2,14367
1,1,1,1,7,2,52,1,N,2,22771
2,6,2,1,9,7,39,1,N,2,12504
2,1,3,0,3,9,52,1,N,2,27252
2,1,1,1,4,7,93,1,N,2,12180
1,6,1,2,0,10,21,1,N,2,15109
2,1,1,1,6,N,48,1,N,2,22854
2,1,1,1,1,7,29,1,N,2,23760
1,1,1,1,6,N,56,1,N,2,13263
2,1,1,1,6,N,16,1,N,2,26212
2,1,1,1,8,7,46,1,N,2,17091
2,1,1,1,8,7,59,1,N,2,13359
2,1,1,1,0,7,61,1,N,2,6189
2,6,2,2,3,5,9,1,N,2,10243
1,1,1,1,5,N,12,1,N,2,27252
2,6,1,2,0,3,39,1,N,2,19611
2,1,1,2,N,N,22,1,N,2,15959
1,1,1,1,N,7,79,1,N,2,17535
2,1,1,1,N,N,83,1,N,2,4967
2,6,9,2,3,7,85,1,N,2,24939
1,6,1,0,2,7,36,1,N,2,18452
2,6,2,1,7,7,32,1,N,2,13770
2,1,1,1,2,12,42,1,N,2,22448
2,6,1,0,7,7,15,1,N,2,12000
1,6,2,2,8,12,77,1,N,2,20370
2,N,1,1,4,6,45,1,N,2,12307
2,3,1,2,1,4,50,1,N,1,7929
1,1,1,1,N,N,69,1,N,2,7414
2,1,1,1,4,6,62,1,N,2,27252
1,6,3,1,6,11,49,1,N,2,18622
2,4,1,1,0,6,0,1,N,2,23236
1,1,1,1,2,2,61,1,N,2,1783
1,1,1,1,N,3,85,1,N,2,11736
1,6,1,1,5,7,51,1,N,2,7656
2,6,1,0,0,11,69,1,N,2,18402
2,6,1,1,4,7,35,1,N,2,20224
2,1,1,1,9,N,25,1,N,2,10442
1,1,1,1,9,7,26,1,N,2,27252
1,6,1,1,7,7,26,1,N,2,24149
1,1,3,2,6,5,8,1,N,2,20855
1,1,1,1,6,3,3,1,N,2,15199
2,6,2,0,4,6,14,1,N,2,19324
1,1,1,1,3,10,71,1,N,2,7518
2,1,2,1,7,5,91,1,N,2,20703
1,4,1,1,8,7,37,1,N,2,16527
2,1,1,1,9,N,50,1,N,2,27252
2,6,2,2,3,7,19,1,N,2,24574
2,1,1,1,9,N,81,1,N,2,24742
2,1,1,0,7,7,79,1,N,2,2576
2,4,1,1,2,9,47,1,N,2,21310
2,1,1,1,3,11,50,1,N,2,21172
2,6,1,1,6,7,21,1,N,2,18329
2,1,1,1,3,7,72,1,N,2,27252
2,1,1,1,0,4,35,1,N,2,9676
2,1,1,1,N,7,76,1,N,2,7112
2,1,1,1,6,6,81,1,N,2,9794
1,1,1,0,6,12,44,1,N,2,6178
1,4,1,1,2,6,66,1,N,2,19319
1,6,1,1,7,5,71,1,N,2,23490
1,6,1,1,4,6,47,1,N,2,14910
2,4,8,1,7,7,28,1,1,2,12031
2,1,4,1,4,12,77,1,N,2,24027
2,6,1,1,6,11,21,3,1,2,25462
2,1,1,2,8,6,17,1,N,2,11829
1,6,2,1,N,7,78,1,N,2,11342
1,6,1,1,4,N,28,1,N,2,20480
2,6,1,2,0,6,34,1,N,2,17472
2,3,1,1,7,7,74,1,N,2,17732
1,1,1,1,8,2,70,1,N,2,2515
2,1,1,1,9,N,78,1,N,2,18635
1,1,1,1,8,N,65,1,N,2,19643
2,6,1,2,6,7,11,1,N,2,9074
2,6,1,2,8,7,45,1,N,2,14677
2,6,1,1,4,1,47,1,N,2,14872
1,1,1,1,8,6,21,1,N,2,2001
2,6,2,2,6,6,19,1,N,2,24706
1,1,1,1,3,7,25,1,N,2,8135
1,1,1,1,N,N,47,1,N,2,24035
1,2,1,2,N,5,47,2,N,2,5791
2,6,1,1,1,N,78,1,N,2,1692
1,1,1,1,7,3,47,1,N,2,21089
2,6,2,2,4,11,67,1,N,2,17609
2,6,1,0,1,4,27,1,N,2,22616
1,4,1,2,9,2,27,1,N,2,17100
2,1,2,1,9,N,53,1,N,2,19453
2,1,1,1,3,6,50,1,N,2,13474
1,3,1,2,N,3,55,1,N,2,14869
2,6,1,1,7,7,38,1,N,2,16015
2,3,1,1,6,8,81,1,N,2,18453
1,1,1,1,6,5,36,1,3,2,14770
1,6,1,1,7,11,22,1,N,2,26349
2,1,1,1,5,7,48,1,N,2,14213
2,1,1,2,1,12,48,1,N,2,25096
2,6,1,2,N,7,32,1,N,2,24939
2,1,1,2,6,3,15,1,N,2,27058
1,6,1,1,6,7,35,1,N,2,13882
2,6,1,2,8,7,79,1,N,2,10763
2,6,2,2,6,6,38,1,N,2,21027
2,1,1,2,6,7,43,1,N,2,19544
1,1,1,1,N,3,45,1,N,2,20238
1,6,8,1,0,5,0,1,N,2,18807
1,1,1,2,7,6,66,1,N,2,2130
2,1,1,1,9,3,67,1,N,2,24490
1,6,1,0,0,8,21,1,N,2,13424
1,1,1,1,7,N,68,1,N,2,24939
2,1,1,0,6,3,89,1,N,1,18583
2,1,2,2,0,7,70,1,2,2,19770
2,6,1,2,N,7,0,1,N,2,24939
2,1,2,1,0,5,30,1,N,2,26576
2,1,1,1,N,N,63,1,N,2,18679
1,1,2,2,5,N,33,1,N,2,13123
2,4,1,1,9,7,71,1,N,2,21850
2,1,1,2,5,6,0,1,N,2,21580
1,4,1,2,1,12,14,1,N,2,8954
2,1,1,1,8,2,57,1,N,2,13625
1,1,1,1,6,12,55,1,N,2,15955
1,6,2,1,4,5,8,1,N,2,15810
2,1,1,1,7,N,82,1,N,2,17300
1,6,1,1,4,9,17,1,N,2,5904
2,6,2,1,3,7,2,1,N,2,17958
1,1,1,2,6,7,13,1,N,2,19104
1,1,1,2,3,4,28,1,N,2,15255
1,1,1,1,8,5,18,1,N,2,23692
1,1,1,1,0,11,4,1,N,2,16819
2,1,1,1,9,3,42,1,N,2,13512
1,6,2,2,4,N,32,1,N,2,13996
1,1,1,1,2,1,24,1,N,2,16030
2,4,1,1,0,8,0,1,N,2,25507
2,6,1,1,8,7,22,1,N,2,27252
1,1,1,1,7,9,13,1,N,2,13463
2,1,1,1,5,9,65,1,N,2,20803
1,1,1,1,5,3,29,1,N,2,22925
1,1,1,1,6,7,42,3,N,2,19619
2,6,1,2,7,7,10,1,N,2,15517
1,1,1,2,3,7,42,1,N,2,25183
2,2,1,1,N,N,71,1,N,2,20283
2,1,8,1,N,7,32,1,N,2,22328
1,6,4,1,0,8,46,1,N,2,5655
2,1,2,1,6,N,36,1,N,2,22094
2,1,1,1,4,12,54,1,N,2,17725
2,1,1,1,5,6,11,1,N,2,18835
1,1,1,1,6,7,69,1,N,2,20121
1,6,1,2,6,7,71,1,N,2,18060
1,1,2,1,9,7,57,1,N,2,8439
1,4,1,1,N,N,31,1,N,2,21630
1,6,2,1,0,6,27,1,N,2,15547
2,1,1,2,8,3,47,1,N,2,13580
2,1,1,0,8,9,62,1,N,2,11887
2,6,1,2,2,5,64,1,N,2,13320
2,1,1,1,N,2,44,1,N,2,4148
2,1,1,2,8,6,72,1,N,2,8216
2,6,1,2,0,6,62,1,N,2,18863
1,6,1,1,N,7,59,1,N,2,16128
2,1,1,1,8,6,32,1,N,2,18076
2,1,1,1,N,7,63,1,N,2,27252
2,1,1,1,9,6,25,1,N,2,16923
2,1,1,1,3,7,60,1,N,2,13930
1,1,1,1,9,6,82,1,N,2,27120
2,6,1,2,3,7,22,1,N,2,20821
2,1,1,1,7,7,27,1,N,2,22997
1,1,1,1,5,N,65,1,N,2,27252
1,4,1,2,0,4,50,1,N,2,27252
1,6,2,2,2,8,25,3,N,2,4944
2,1,1,2,5,12,34,1,N,2,17209
1,1,1,1,N,3,42,1,N,2,10280
1,6,3,1,0,7,36,1,N,2,16761
2,4,4,1,2,4,62,1,N,1,7659
1,6,1,1,7,7,12,1,N,2,27252
1,6,1,2,0,7,29,1,N,2,17935
1,1,3,1,0,6,53,1,N,2,15320
2,1,2,1,3,3,52,1,N,2,15934
1,N,1,1,N,N,75,1,N,2,15423
1,1,1,1,8,3,51,1,N,2,5336
2,6,2,1,7,7,76,1,N,2,16843
1,3,2,1,0,7,37,1,N,2,16204
2,6,2,1,9,N,44,1,N,2,18707
1,1,1,1,2,6,35,1,N,2,17993
2,2,1,1,9,7,82,1,N,2,18646
1,N,1,2,0,7,71,1,N,2,24272
2,1,1,2,0,2,9,3,N,2,11887
2,6,1,1,5,5,10,1,N,2,21024
1,1,1,1,7,5,37,1,N,2,14247
2,6,1,1,2,7,30,1,N,2,14811
1,1,1,2,6,8,55,1,N,2,14781
2,6,2,1,4,1,27,1,N,2,16048
2,1,1,1,4,7,46,1,N,2,19046
1,6,2,1,0,8,7,1,N,2,15170
1,6,2,1,5,10,64,1,N,2,20898
2,1,3,1,5,8,63,1,N,2,18784
1,1,1,1,9,3,64,1,N,2,16229
1,1,1,1,8,N,74,1,N,2,22971
2,6,6,1,N,7,27,1,N,2,14847
1,6,2,2,0,8,55,1,N,2,20505
1,1,1,1,3,6,11,1,N,2,16478
1,6,2,2,2,3,17,1,N,2,18237
2,4,2,1,1,7,41,1,N,2,24410
2,6,1,1,6,9,38,1,N,2,13481
2,4,1,1,8,5,63,1,N,2,13267
2,6,6,1,2,6,43,1,N,2,0
2,6,1,2,4,7,46,1,N,2,16358
2,1,1,2,1,5,59,1,N,2,27252
1,1,1,2,9,6,49,1,N,2,27252
2,1,8,1,9,7,79,1,N,2,7288
1,6,6,2,3,6,23,1,N,2,15879
2,1,1,1,7,3,27,1,N,2,18282
2,1,1,1,3,9,62,1,N,2,10061
1,1,1,1,6,7,27,1,N,2,21996
2,1,1,1,4,7,68,1,N,2,12919
2,1,1,1,6,2,76,1,N,2,23270
2,6,1,1,1,5,0,1,N,2,20900
2,1,2,1,6,4,80,1,N,2,1347
2,1,1,1,7,7,50,1,N,2,8868
2,1,1,2,7,7,32,1,N,2,14476
2,1,1,1,4,7,40,1,N,2,17531
2,6,1,1,1,N,15,1,N,2,22054
2,1,1,1,7,N,47,1,N,2,16220
1,1,3,0,9,7,12,1,N,2,26835
2,1,2,1,5,11,47,1,N,2,18496
2,6,1,1,3,3,63,1,N,2,2318
2,1,6,1,N,7,45,1,N,2,19987
1,6,7,2,3,4,34,1,N,2,17157
2,1,1,1,8,6,23,1,N,2,17609
1,1,1,1,2,3,38,1,N,2,24998
1,1,1,2,5,N,0,1,N,2,9416
2,6,1,1,0,N,53,1,N,2,7660
2,6,1,1,6,7,34,1,N,2,13877
2,1,1,1,5,N,14,1,N,2,13254
2,6,1,1,8,7,70,1,N,2,14740
2,1,1,1,0,5,40,1,N,2,14079
2,6,1,2,7,2,24,1,N,2,27103
2,1,1,1,8,7,69,1,N,2,21458
1,1,1,1,7,N,74,1,N,2,13595
1,1,4,2,4,N,37,1,N,2,22035
1,6,1,1,2,N,24,1,N,2,14724
2,1,1,1,7,12,55,1,N,2,23068
2,1,6,1,7,7,54,1,N,2,12501
2,1,1,1,3,N,43,1,N,2,16335
2,1,1,2,6,7,68,1,N,2,27252
2,6,1,1,2,7,17,1,N,2,17590
1,4,1,1,2,8,26,1,N,2,11484
1,6,2,2,8,7,4,1,N,2,10762
1,1,1,2,1,3,46,1,N,2,23137
2,6,1,1,5,7,13,1,N,2,17277
2,1,1,1,9,N,73,1,N,2,21243
2,6,1,1,N,6,55,1,N,2,5735
1,6,1,2,2,6,12,1,N,2,19665
1,1,1,1,N,7,88,1,N,2,10436
2,1,1,1,4,7,29,1,N,2,22710
1,6,3,1,7,7,80,1,N,2,21770
1,1,1,1,5,9,63,1,N,2,18679
1,N,1,2,1,9,28,1,N,2,18360
1,1,2,2,N,3,49,1,N,2,14490
1,1,1,1,1,4,12,1,N,2,12016
2,4,1,1,5,7,37,1,N,2,12746
2,1,2,1,9,7,49,1,N,2,19847
1,4,1,1,8,3,52,1,N,2,18558
2,1,1,0,8,2,59,1,N,2,17236
1,6,1,2,5,2,7,1,N,2,21387
2,1,1,1,0,2,29,1,N,2,26528
2,5,8,1,5,7,51,1,N,2,18301
2,6,1,1,7,12,46,1,N,2,25848
1,1,1,1,3,6,83,1,N,2,0
2,6,1,1,3,N,55,1,N,2,9786
1,1,1,1,6,5,54,1,N,2,16884
2,6,1,2,8,7,53,1,N,2,23165
1,6,4,0,3,7,0,1,N,2,12133
1,1,1,1,9,3,51,1,1,1,21573
2,1,1,1,0,5,62,1,N,2,21769
1,6,2,2,1,3,13,1,N,2,14192
1,6,1,1,1,5,40,1,N,2,19152
2,1,1,1,7,N,75,1,N,2,15621
2,1,1,2,8,N,53,1,N,2,23409
2,1,2,1,9,7,46,1,N,2,18839
1,6,1,1,3,5,0,1,N,2,20997
2,6,1,1,0,7,39,1,N,2,16220
1,6,4,1,9,N,33,1,N,2,3835
2,1,1,1,9,7,48,1,N,2,14055
2,1,1,1,N,7,40,1,N,2,12918
2,6,2,2,0,7,48,1,N,2,21867
2,4,1,1,4,7,41,1,N,2,12851
1,6,1,2,6,N,14,1,N,2,18419
1,6,2,1,3,6,26,1,N,2,14188
1,1,1,1,7,N,53,1,N,2,19446
1,1,1,1,4,2,55,1,N,2,12247
2,6,2,1,6,N,35,1,N,2,17538
1,1,1,1,7,3,41,1,N,2,21188
1,1,1,1,9,N,46,1,N,2,27252
2,6,1,1,N,6,19,1,N,2,15580
2,6,2,1,N,7,36,1,N,2,27252
2,6,2,2,7,7,18,1,6,2,27252
2,1,1,1,N,3,46,1,N,2,16243
2,6,1,1,N,7,91,1,N,2,23273
2,1,1,1,N,3,60,1,N,2,17009
2,1,1,0,5,5,14,1,N,2,16037
1,6,2,0,2,4,63,1,N,2,18895
2,1,1,1,8,9,61,1,N,2,0
1,1,1,1,4,4,30,1,N,2,19352
2,1,1,1,7,N,82,1,N,2,26610
1,1,2,1,0,9,32,1,N,2,9772
2,1,1,1,8,6,52,1,N,2,18721
2,1,1,1,5,5,62,1,N,2,21924
2,N,1,1,6,6,57,1,N,2,2386
2,1,1,1,3,N,48,1,N,2,15756
2,6,1,1,0,N,54,1,N,2,1835
2,6,9,1,8,7,22,1,N,2,27252
2,6,8,2,0,6,66,1,N,2,0
2,1,1,2,2,9,50,1,N,2,944
1,1,2,1,6,7,54,1,N,2,7575
1,1,1,2,5,6,61,1,N,2,26461
2,1,1,1,1,8,69,1,N,2,17842
2,1,1,1,2,N,2,1,N,2,12878
1,1,1,1,7,7,48,1,N,2,23975
1,1,1,1,0,3,47,1,N,2,22169
2,6,1,2,4,10,14,1,N,2,9137
1,6,1,2,8,N,54,1,N,2,23398
2,3,1,1,1,10,38,1,N,2,20873
2,6,2,2,9,7,38,1,N,2,11460
2,6,1,2,9,12,14,1,N,2,13296
2,1,1,1,0,6,22,1,N,2,13260
1,1,1,2,2,11,47,1,N,2,17873
2,6,1,1,7,N,36,1,N,2,26055
2,1,1,2,6,7,84,1,N,2,27252
1,1,1,2,8,7,17,1,N,2,22214
2,6,1,1,0,7,38,1,N,1,21480
1,1,6,1,6,12,21,1,N,2,16843
1,1,1,1,8,7,30,1,N,2,21322
2,6,1,2,8,5,61,1,N,2,14762
2,6,1,1,N,7,31,1,N,2,14805
1,1,1,1,6,6,76,1,N,2,14810
1,1,1,1,6,9,27,1,N,2,6092
2,6,2,1,5,7,57,1,N,2,13991
2,3,1,1,N,7,43,1,N,2,27252
2,1,2,1,9,N,80,1,N,2,9427
2,1,1,1,9,7,33,1,N,2,12796
2,6,6,1,9,6,3,1,N,2,27252
1,6,1,1,2,7,70,1,N,2,4652
2,6,5,1,N,N,14,1,N,2,23630
2,6,1,1,6,9,0,1,N,2,16057
2,6,1,2,6,5,3,1,N,2,15691
2,1,1,2,8,11,31,1,N,2,15921
1,6,1,2,8,5,39,1,N,2,20436
2,6,1,2,8,N,24,1,N,2,13356
1,1,2,2,5,7,64,1,N,2,23278
1,1,1,1,8,3,80,1,N,2,13675
2,6,1,2,8,7,47,1,N,2,16409
2,1,1,1,9,5,17,1,1,2,3138
2,1,9,2,6,7,11,1,N,2,18053
2,6,1,1,N,7,37,1,N,2,17100
2,1,1,1,4,7,32,1,N,2,19198
2,6,2,1,8,5,48,1,N,2,20987
1,3,2,1,8,6,26,1,1,2,4004
1,1,1,1,8,7,50,1,N,2,17227
1,6,1,1,6,7,81,1,N,2,25336
1,6,1,2,3,N,10,1,N,2,22465
2,1,1,1,1,6,41,1,N,2,10240
2,4,2,1,9,7,36,1,N,2,20570
2,N,1,1,3,N,39,1,N,2,19354
2,6,1,1,0,7,22,1,N,2,9016
1,6,1,2,5,5,30,1,N,2,9982
2,4,1,1,9,7,30,1,N,2,24939
2,1,1,2,N,3,58,1,N,2,23654
2,6,1,1,0,9,69,1,N,2,13576
1,6,1,2,6,7,47,1,N,2,13881
1,1,1,2,0,1,67,1,N,2,13727
2,6,1,1,4,7,67,1,N,2,14662
2,6,1,2,7,7,29,1,N,2,25769
2,6,2,1,9,6,27,1,N,2,18834
1,1,1,1,7,7,35,1,N,2,20681
2,6,2,2,9,7,36,1,N,2,5243
2,6,1,1,1,5,13,1,N,2,3758
2,6,1,2,5,6,39,1,N,2,18015
2,4,1,1,5,6,24,1,N,2,23573
1,4,9,1,3,12,42,1,N,2,3856
2,1,3,2,8,7,75,1,N,2,16296
2,4,1,1,9,7,67,1,N,2,18389
2,6,1,1,1,5,87,1,6,2,7461
2,6,1,2,6,7,14,1,N,2,24889
1,1,1,1,0,5,23,1,4,2,11925
1,1,2,2,6,9,35,1,N,2,25069
2,1,1,1,5,7,74,1,N,2,23201
2,6,2,1,6,N,58,1,N,2,13614
1,N,1,0,9,7,58,1,N,2,14794
2,6,1,1,7,7,44,1,N,2,1987
2,1,2,1,9,7,76,1,N,2,11595
2,1,7,1,8,7,13,1,N,2,24939
2,3,1,1,1,5,0,1,N,2,16009
1,6,1,2,5,9,29,1,N,2,20562
1,1,1,1,9,3,66,1,N,2,23604
1,1,1,1,9,7,58,1,N,2,14058
1,6,1,1,8,N,8,1,N,2,21717
1,6,1,1,0,7,58,1,N,2,0
2,6,1,1,6,7,61,1,N,2,9590
2,6,1,0,5,6,69,1,N,2,15155
2,1,1,2,6,7,65,1,N,2,15879
1,1,1,1,8,7,26,1,N,2,25446
1,1,1,1,9,12,59,1,N,2,18312
1,6,1,2,2,4,66,1,2,2,13231
1,1,1,1,1,7,49,1,N,2,20465
2,1,1,1,2,2,69,1,N,2,17673
2,2,1,1,5,7,29,1,N,2,6543
1,1,1,2,7,7,39,1,N,2,631
2,1,1,1,0,5,40,1,N,2,21009
2,1,1,1,3,6,72,1,N,2,11920
1,1,1,1,9,N,66,1,N,2,13111
1,6,1,0,3,N,35,1,N,2,14248
1,6,2,2,2,N,28,1,N,2,27252
2,6,1,1,N,7,47,1,N,2,22959
2,1,2,0,6,7,67,1,N,1,6597
1,1,1,1,8,7,61,1,N,2,27061
1,1,1,1,4,4,61,1,N,2,6687
1,4,1,1,8,N,45,1,N,2,21584
2,1,1,1,N,12,77,1,N,2,24309
2,1,1,1,9,7,63,1,N,2,18033
1,1,1,1,3,7,23,1,N,2,20500
1,1,1,1,3,4,39,1,N,2,27252
2,1,1,1,3,11,54,1,N,2,12045
1,6,1,1,8,N,2,1,N,2,27252
2,5,9,1,3,8,72,1,N,2,22263
2,3,1,1,8,N,21,1,N,2,24463
1,6,1,1,N,7,93,1,N,2,15054
2,6,2,2,2,7,37,1,N,2,4963
2,1,1,2,0,3,54,1,N,2,24789
1,1,1,1,4,6,39,2,N,2,13680
2,6,2,1,6,5,4,1,N,2,18678
2,6,2,1,5,N,39,1,N,2,15708
1,6,6,2,0,7,55,1,N,2,16524
1,6,2,2,8,7,89,1,N,2,22783
1,6,7,2,9,10,74,1,N,2,15270
2,1,1,1,9,8,24,1,N,2,22274
1,6,1,2,6,7,16,1,N,2,20964
2,6,2,1,1,5,15,1,N,2,21409
2,1,1,1,5,6,42,1,N,2,17680
2,1,2,2,3,7,61,1,N,2,8561
2,1,1,1,8,7,7,1,N,2,9910
1,1,1,1,6,12,30,1,N,2,21859
1,1,1,1,8,7,49,1,N,2,21782
2,1,1,1,7,7,52,1,N,2,20163
2,1,1,1,7,2,62,1,N,2,19682
1,1,1,2,6,2,53,1,N,2,18559
1,6,1,2,9,7,7,1,N,2,27252
2,1,1,1,7,9,58,1,N,2,16454
2,6,1,1,4,7,29,1,N,2,20668
1,1,6,1,6,5,38,1,N,2,14041
2,6,1,2,3,7,24,1,N,2,24762
2,6,1,2,3,6,40,1,N,2,6823
2,1,1,1,N,7,45,1,N,2,20076
2,3,1,1,N,2,52,1,N,2,27252
2,6,1,1,7,7,60,1,N,2,12905
1,1,2,1,N,7,21,1,N,2,10358
1,6,1,2,0,3,21,1,N,2,16319
1,6,1,2,3,9,19,1,N,2,12695
2,1,1,0,9,7,29,1,N,2,13270
2,6,8,1,3,3,0,1,4,2,6833
2,5,1,2,N,7,47,1,N,2,27252
1,1,1,1,7,2,28,1,N,2,15860
1,6,2,1,4,5,42,1,N,2,934
2,6,6,1,6,N,23,1,N,2,11959
2,1,1,2,4,9,24,1,N,2,18803
2,1,1,1,0,7,76,1,N,2,19923
2,6,1,1,7,7,36,1,N,2,18760
2,1,1,2,N,N,34,1,N,2,5921
2,N,1,1,2,7,33,1,N,2,15596
2,6,1,1,8,5,11,1,N,2,13757
2,1,1,1,N,7,11,1,N,2,27252
2,1,1,2,N,4,48,1,N,2,17508
2,6,1,2,6,7,18,1,N,2,5773
2,6,1,1,5,10,41,1,N,2,11393
2,6,1,2,8,7,6,1,N,2,4485
2,1,1,1,N,6,0,1,N,2,24939
2,6,6,1,5,10,0,1,N,2,18894
1,1,1,2,4,6,2,1,N,2,24939
2,1,1,1,4,3,35,1,N,2,8641
1,1,1,1,9,7,95,1,N,2,13356
1,5,1,1,9,7,32,1,N,2,11831
2,1,1,1,5,N,37,1,N,2,12374
2,1,5,1,9,3,44,1,N,2,18182
2,3,2,1,4,11,34,1,N,2,20952
2,6,1,1,0,6,20,1,N,2,26215
1,4,1,1,0,6,3,1,N,2,25789
2,1,1,1,7,7,76,1,N,2,19183
2,1,1,1,8,8,68,1,N,2,0
2,1,1,1,7,7,33,1,N,2,22264
1,1,1,1,7,N,58,1,N,2,18980
2,6,1,1,1,6,0,1,N,2,16468
1,1,1,1,8,6,44,1,N,2,27252
2,1,1,1,7,N,67,1,N,2,24939
1,6,2,1,8,7,24,2,N,2,21191
2,6,1,1,5,7,63,1,N,2,8938
1,6,1,1,8,12,76,1,N,2,23189
2,1,1,1,N,7,39,1,N,2,21843
1,6,1,2,9,7,40,1,N,2,3948
2,1,1,1,5,9,0,1,N,2,20999
2,1,1,1,7,12,40,1,N,2,18186
2,1,1,1,N,7,51,1,N,2,14294
2,6,1,2,9,N,19,1,N,2,5151
2,6,1,1,3,5,34,1,N,2,21343
2,1,1,1,2,6,3,1,N,2,9433
2,6,1,2,3,5,6,1,N,2,13414
2,1,1,1,6,6,31,1,N,2,19645
2,1,1,1,9,7,34,1,N,2,19520
1,1,1,1,3,7,27,1,N,2,14402
2,6,1,2,1,10,49,1,6,2,22335
2,4,1,1,9,7,48,1,2,2,19433
2,1,1,1,8,7,52,1,N,2,11138
2,6,3,1,9,12,15,3,N,2,23631
1,4,1,1,9,11,69,1,N,2,10290
2,6,1,2,9,7,58,1,N,2,14999
1,1,1,2,1,1,63,1,N,2,19098
1,1,6,1,3,4,54,1,N,2,12928
2,2,1,2,3,4,32,1,N,2,11825
2,6,1,2,8,7,1,1,N,2,27252
1,6,1,1,7,10,46,1,N,2,3065
2,6,1,1,9,7,36,1,N,2,25507
2,6,2,2,0,2,43,1,N,2,13373
1,6,2,2,3,6,56,1,N,2,15144
2,4,3,1,7,9,56,1,N,2,18628
2,1,1,1,7,9,25,1,N,2,26655
2,6,1,2,9,11,40,1,N,2,13718
2,1,1,1,N,12,21,1,N,2,3510
1,1,1,1,N,N,15,1,N,2,16866
1,1,1,1,5,6,39,1,N,2,24461
2,1,1,1,7,N,59,1,N,2,18746
1,6,2,2,8,7,27,1,N,2,11992
1,1,1,0,0,5,45,1,N,2,18340
2,6,1,1,N,N,45,1,N,2,19748
1,3,1,2,4,4,28,1,N,2,25690
2,1,1,2,7,N,43,1,N,2,26424
2,1,1,2,3,7,33,1,N,2,6393
2,1,1,1,0,5,18,1,N,2,19641
2,1,1,1,N,N,82,1,N,2,19987
1,3,1,1,0,3,61,1,N,2,16859
2,3,1,2,8,7,51,1,N,2,22641
1,6,2,2,5,5,51,1,N,2,23663
2,6,2,1,2,6,11,1,N,2,25682
1,6,1,2,7,6,95,1,1,2,18591
2,4,1,1,0,8,48,1,N,2,23046
1,1,1,1,N,7,57,1,N,2,17828
1,6,1,0,5,N,22,1,N,2,15360
2,1,1,1,9,7,60,1,N,2,25089
1,1,1,1,7,4,81,1,N,2,12571
2,1,6,1,5,9,44,1,N,2,4786
1,6,1,2,9,7,41,1,N,2,7724
2,6,9,1,3,6,0,1,N,2,19710
1,1,1,1,8,4,65,1,N,2,6299
1,6,1,1,0,7,16,1,N,2,7163
1,6,5,1,6,6,16,1,N,2,14016
2,1,1,1,0,6,75,1,N,2,22315
1,6,1,2,7,6,32,1,N,2,3729
2,1,1,1,6,7,65,1,N,2,17580
2,1,1,1,9,9,59,1,N,2,11562
1,1,1,1,1,7,32,1,N,2,24961
1,1,5,1,4,9,51,1,N,2,9421
2,1,1,1,9,N,89,1,N,2,9427
2,1,1,1,7,N,37,1,N,2,23617
2,1,4,1,7,6,64,1,N,2,12815
2,6,1,1,8,N,66,1,N,2,7199
2,1,1,1,5,9,14,1,N,2,14824
2,6,1,2,6,5,72,1,N,2,1359
1,1,2,1,3,6,76,1,N,2,14620
2,6,1,2,7,5,12,1,N,2,26195
2,1,1,2,1,6,68,1,N,2,1758
1,1,1,1,4,7,46,1,N,2,14575
1,N,2,1,8,9,12,1,N,2,18964
2,6,2,2,5,9,42,3,N,2,20507
2,4,1,1,9,7,55,1,N,2,15102
2,6,1,1,6,N,16,1,N,2,4728
1,1,1,1,9,7,63,1,N,2,27252
1,1,1,1,3,4,58,1,N,2,24435
1,6,1,2,3,7,10,1,N,2,6583
1,6,1,2,3,8,10,1,N,2,11511
2,6,1,1,7,3,30,1,N,2,25853
2,1,1,1,N,N,32,1,N,2,24258
1,1,1,1,3,4,1,1,N,2,26720
1,1,6,1,6,4,81,1,N,2,6493
1,1,1,1,8,6,36,1,N,2,2971
1,1,4,1,N,7,11,1,N,2,13981
2,1,1,1,6,5,32,1,N,2,24568
2,1,1,1,0,7,75,1,N,2,13473
1,1,1,1,N,7,81,1,N,2,10541
2,1,1,1,N,3,69,1,N,2,22964
2,4,2,2,8,8,74,1,N,2,10776
1,1,1,1,9,7,50,1,N,2,13216
1,6,4,1,3,6,24,1,N,2,9910
1,1,1,1,N,7,79,1,N,2,10428
1,4,6,1,3,11,17,1,N,2,24800
2,1,1,2,N,N,8,1,N,2,22600
2,6,8,2,8,6,47,1,N,2,5329
2,6,3,2,0,N,41,1,N,2,11018
1,1,1,1,7,4,32,1,N,2,24792
1,1,1,1,0,N,68,1,N,2,18456
2,6,1,1,9,7,22,1,N,2,10672
1,1,1,1,2,4,31,1,N,2,13409
2,1,1,1,9,11,57,1,N,2,19209
2,6,1,2,0,2,38,1,1,2,7890
2,1,1,1,2,8,23,1,N,2,19121
1,1,1,1,6,7,59,1,N,2,19005
2,1,1,1,3,7,45,1,N,2,27252
2,1,8,1,0,11,79,1,N,2,20696
2,4,1,1,6,12,10,1,N,2,20198
1,6,1,2,2,4,32,1,N,2,12391
1,6,1,1,3,4,31,1,N,2,13626
2,1,1,1,1,5,66,1,N,2,17908
1,4,7,1,0,5,54,2,N,2,3340
2,4,1,1,4,11,39,1,N,2,23096
2,1,1,1,6,7,61,1,N,2,10643
1,N,2,1,3,6,60,1,N,2,3721
2,2,1,0,7,9,48,1,N,2,27252
2,6,1,1,9,5,8,1,N,2,8342
1,1,1,1,N,6,41,1,N,2,18401
1,6,1,1,6,7,41,1,N,2,19509
2,6,1,1,8,7,0,1,N,2,16749
1,6,6,1,0,6,51,1,N,2,25401
1,1,8,1,N,N,91,1,N,2,26463
2,N,1,1,1,6,60,1,N,2,14345
2,6,1,1,9,N,27,1,N,2,27252
1,3,1,1,6,12,26,1,N,2,6035
2,1,1,1,2,9,75,1,N,2,18815
2,1,1,1,1,6,35,1,N,2,27252
1,6,2,0,0,5,16,1,N,2,21732
2,6,2,0,8,4,19,1,N,2,16924
2,6,1,1,0,N,65,1,N,2,6336
1,1,2,1,8,N,48,2,N,2,20026
2,6,1,2,3,7,42,1,N,2,15676
1,1,2,1,8,7,24,1,N,2,27252
2,6,1,2,0,5,71,1,N,2,14715
2,1,1,1,8,3,66,1,N,2,24666
2,6,1,2,3,2,30,1,N,2,26733
2,1,1,1,2,6,40,1,N,2,10915
2,1,1,1,5,7,57,1,N,2,14862
1,1,1,1,9,N,68,1,N,2,22390
2,6,1,2,3,6,25,1,N,2,8753
2,1,1,1,7,7,42,1,N,2,20595
1,1,1,2,N,7,50,1,N,2,22146
1,1,1,1,9,3,55,1,N,2,25355
2,1,1,2,2,5,61,1,1,2,22325
1,1,1,1,N,7,50,1,N,2,22336
2,1,1,1,0,6,66,1,N,2,0
1,1,1,1,5,7,76,1,N,2,17758
2,1,1,1,7,3,57,1,N,2,22260
2,6,2,1,3,4,33,2,N,2,5143
1,1,1,2,1,N,57,1,N,2,10078
2,1,1,1,9,3,39,1,N,2,19071
2,1,1,1,6,6,57,1,N,2,20407
2,1,6,1,9,6,60,1,N,2,6371
1,1,1,1,N,6,11,1,N,2,16843
2,6,2,1,1,9,26,1,N,2,23237
2,1,2,1,N,3,54,1,N,2,27252
1,2,7,2,4,9,37,1,N,2,22507
1,6,1,1,1,8,33,1,N,2,16665
2,2,3,2,6,N,4,1,N,2,17470
2,1,1,2,0,N,55,1,3,2,21591
1,1,1,1,8,7,88,1,N,2,13310
2,1,1,1,8,2,13,1,N,2,27252
1,6,1,1,5,9,38,1,N,2,11894
1,1,1,1,4,6,10,1,N,2,13103
1,6,1,1,2,6,63,1,N,2,24433
1,1,1,1,7,3,77,1,N,2,10750
1,6,1,1,7,7,60,1,N,2,23057
2,1,1,1,8,4,56,1,N,2,14794
2,6,1,1,6,7,0,1,N,2,19737
2,1,1,1,N,3,45,1,N,2,18248
2,3,1,1,6,7,82,1,N,2,16352
2,6,1,1,0,2,40,1,N,2,12837
1,6,9,2,5,5,9,1,N,2,17400
2,1,1,1,7,7,51,1,N,2,11756
2,1,1,1,8,N,72,1,N,2,25203
1,1,6,1,6,N,62,1,N,2,14972
2,1,1,1,6,7,52,1,N,2,17655
1,1,2,0,1,4,35,1,N,2,1873
1,2,1,1,9,5,41,1,2,2,7117
2,1,2,1,8,N,30,1,N,2,8417
2,1,2,1,7,2,48,1,N,2,11496
1,6,1,1,9,7,6,1,N,2,16769
2,4,5,2,8,5,62,1,N,2,24267
2,1,1,1,8,2,72,1,N,2,11360
2,4,1,0,6,3,37,1,N,2,17254
2,6,2,1,3,8,32,1,N,2,16030
1,6,1,1,9,7,28,1,N,2,27252
1,6,2,1,0,7,31,1,N,2,15400
2,4,1,1,7,N,46,1,N,2,23639
1,6,1,1,N,N,95,1,N,2,17799
2,1,1,2,6,7,73,1,N,2,1810
1,1,1,1,4,9,40,1,N,2,14546
2,1,1,1,3,5,0,1,N,2,23026
2,1,1,2,2,3,28,1,N,2,23019
1,6,6,1,3,7,30,1,5,2,23850
1,1,1,1,3,7,44,1,N,1,24819
1,1,1,1,2,7,7,1,N,2,16843
1,1,1,1,9,N,70,1,N,2,13249
2,5,5,2,8,5,42,1,N,2,10141
2,1,1,1,4,7,37,1,N,2,7868
1,6,1,1,4,N,16,1,N,2,23370
2,N,2,2,2,3,7,1,N,2,21309
2,6,2,2,9,3,19,1,N,2,17387
2,1,1,1,N,3,57,1,N,2,26840
2,1,1,2,6,7,20,1,N,2,19245
1,1,1,2,2,6,45,1,N,2,4660
1,6,3,1,6,7,95,1,N,2,15431
2,1,1,1,N,7,74,1,N,2,19556
2,1,5,1,3,7,17,1,N,2,23323
1,6,1,1,8,9,1,1,N,2,19311
1,6,1,1,6,1,50,1,N,2,19356
2,4,1,1,5,N,14,1,N,2,4176
1,6,1,2,3,4,19,1,N,2,13487
1,4,1,1,5,7,52,1,N,2,19930
1,1,1,1,0,7,0,1,N,2,24939
2,1,1,1,9,3,70,1,N,2,23379
2,1,1,1,N,7,21,1,N,2,19082
2,1,1,1,N,N,50,1,N,2,22989
1,6,2,2,6,11,42,1,N,2,1142
2,6,1,1,N,7,63,1,N,2,5453
2,1,1,0,0,9,46,1,N,2,24116
2,N,1,1,4,9,43,1,N,2,24176
1,1,6,0,6,7,41,1,N,2,14424
2,N,1,1,7,4,48,1,N,2,11237
2,4,2,1,4,9,73,1,N,2,1788
2,1,1,2,5,6,23,1,N,2,13990
1,1,1,1,5,6,34,1,N,2,26439
1,1,1,1,9,6,66,1,N,2,22591
2,1,1,1,N,N,50,1,N,2,20453
1,6,1,2,9,7,59,1,N,2,14151
2,4,1,1,8,7,0,1,N,2,20274
2,1,1,1,7,N,64,1,N,2,27252
2,1,1,1,9,7,36,1,N,2,20666
2,1,1,1,1,6,45,1,N,2,19408
1,1,1,1,8,2,62,1,N,2,15991
1,1,1,1,5,6,7,1,N,2,17956
2,1,8,2,7,7,42,1,N,2,12292
2,6,2,2,0,4,32,1,N,2,11914
2,1,8,2,2,3,79,1,N,2,3753
2,6,1,1,2,7,21,1,N,2,3198
1,1,1,1,8,7,55,1,N,2,13500
1,1,1,1,5,7,38,1,N,2,27252
1,1,1,1,2,7,67,1,N,2,22424
2,6,1,1,N,7,49,1,N,2,18070
2,1,1,1,3,6,57,1,N,2,27252
2,6,1,1,N,N,0,1,N,2,22481
2,1,1,2,3,7,59,1,N,2,2264
2,6,1,1,8,6,42,1,N,2,5138
1,6,4,0,5,8,91,1,N,2,16802
2,4,1,1,5,12,42,1,N,2,17862
2,1,1,2,8,7,32,1,N,2,14512
1,1,1,1,5,7,42,1,N,2,25203
1,1,1,1,7,N,60,1,N,2,17633
1,3,1,1,N,7,27,1,N,2,19369
1,1,1,1,5,7,37,1,N,2,18034
2,6,2,2,8,8,22,1,N,2,20727
1,N,1,1,3,5,46,1,N,2,17723
2,6,1,1,7,6,12,1,N,2,13292
2,1,1,1,8,3,81,1,N,2,12843
1,4,1,2,0,3,35,1,N,2,17935
2,1,1,1,2,6,32,1,N,2,21838
2,4,1,1,N,12,58,1,N,2,14712
2,1,1,1,7,7,57,1,N,2,19726
2,1,1,1,7,9,76,1,N,2,9996
2,6,1,1,8,6,21,1,N,2,12487
2,1,1,1,5,12,52,1,5,2,13216
1,1,1,1,N,7,59,1,N,2,17366
1,1,6,1,1,9,51,1,N,2,9185
2,4,1,1,0,6,73,1,N,2,26447
1,1,1,1,0,12,46,1,N,2,12969
2,6,1,1,9,7,33,1,N,2,11698
2,6,2,2,2,7,24,1,N,2,18336
1,4,1,2,7,7,58,1,N,2,4544
2,2,2,2,7,7,22,1,N,2,17417
2,1,1,1,7,N,41,1,N,2,24625
2,1,1,1,8,N,75,1,N,2,14206
1,1,1,1,N,7,27,1,N,2,24939
1,6,1,2,9,7,8,1,N,2,24939
2,1,1,1,5,10,60,1,N,2,12924
1,6,1,1,5,9,54,1,N,2,21244
1,6,1,1,9,7,27,1,N,2,23092
2,1,1,1,5,2,27,1,N,2,17407
2,4,1,1,6,7,51,1,N,2,24854
2,1,1,1,8,9,50,1,N,2,4487
2,6,1,1,0,7,29,1,N,2,19497
1,6,1,1,0,5,73,1,N,2,16433
2,1,1,1,2,3,39,1,N,2,16365
1,6,1,2,1,7,49,1,N,2,20882
2,6,2,2,6,7,78,1,N,2,5050
1,1,1,1,N,N,60,1,N,2,27252
2,4,1,1,8,5,47,1,N,2,12638
1,1,2,1,N,3,61,1,N,2,13551
2,1,1,1,0,6,28,1,N,2,12095
1,1,1,1,8,N,56,1,N,2,23572
1,6,1,2,0,5,28,1,N,2,17154
2,6,1,2,4,7,33,1,N,2,17528
1,3,1,2,N,7,52,1,N,2,23534
2,6,1,1,0,7,11,3,N,2,24939
2,N,1,2,6,6,21,1,N,2,23247
2,1,1,1,9,N,71,1,N,2,0
2,6,2,2,2,6,28,1,N,2,15232
2,1,8,1,6,4,55,1,N,2,9922
2,1,1,1,6,7,43,1,N,2,15400
1,1,1,1,2,9,47,1,N,2,24873
2,6,1,1,5,11,32,1,N,2,23450
1,3,1,1,7,5,58,3,N,2,9262
2,6,1,2,3,7,31,1,N,2,14296
1,1,1,1,5,4,34,1,N,2,15896
2,4,1,0,5,6,61,1,N,2,27246
1,6,1,1,0,9,53,1,N,2,6478
2,1,2,1,5,N,61,1,N,2,24335
2,6,8,1,1,3,25,1,N,2,13380
2,6,1,2,4,7,57,1,N,2,20946
2,1,1,2,2,7,75,1,N,2,28
2,6,1,1,4,12,38,1,N,2,13655
1,6,1,1,6,7,34,1,N,2,22007
2,1,1,1,8,6,53,1,N,2,8613
1,1,1,2,N,7,44,1,N,2,8079
1,1,5,1,N,3,51,1,N,2,19850
1,1,1,1,7,7,20,1,N,2,20540
2,6,1,1,4,N,33,1,N,2,24939
2,6,1,2,6,7,59,1,N,2,26941
1,1,2,2,0,9,34,1,N,2,8680
2,1,1,1,2,9,41,1,N,2,23788
1,1,1,1,9,3,65,1,N,2,17813
2,1,1,1,5,2,30,1,N,2,17911
1,1,1,1,N,7,61,1,N,2,17632
1,5,1,1,6,9,57,1,N,2,4279
1,1,2,2,N,7,93,3,N,2,20837
2,1,1,1,8,3,22,1,N,2,26957
2,1,1,1,7,7,51,1,N,2,21538
2,1,1,1,5,6,45,1,N,2,25798
1,1,1,1,7,6,49,1,N,2,14880
1,6,2,1,0,5,30,1,N,2,9665
1,1,1,1,6,4,63,1,N,2,16243
1,6,1,1,8,5,29,1,N,2,24434
2,1,2,1,8,N,23,1,N,2,14607
2,N,2,2,4,10,51,1,N,2,16457
1,6,3,2,1,7,0,1,N,2,27138
2,6,1,1,1,5,20,1,N,2,16624
1,6,1,1,1,6,42,1,N,2,11216
2,4,1,1,N,3,13,1,N,2,17943
2,3,1,2,1,6,25,1,N,2,18102
2,1,1,1,N,6,65,1,N,2,13645
1,N,2,2,5,7,18,1,N,2,2107
2,6,1,1,8,7,69,1,N,2,27252
2,6,1,1,N,3,22,1,N,2,22234
2,3,1,2,0,5,76,1,N,2,3127
2,6,1,1,7,7,24,1,N,2,13302
2,1,1,1,0,6,59,1,N,2,18203
2,1,1,1,9,2,66,1,N,2,11474
1,6,2,2,2,11,44,1,N,2,10091
1,3,1,1,3,8,26,1,N,2,12236
2,6,2,1,4,7,14,1,N,2,20048
1,1,1,1,9,N,35,1,N,2,26240
1,6,1,1,N,2,42,1,N,2,21800
2,1,2,1,7,7,36,1,N,2,12590
2,1,6,1,9,3,66,1,N,2,21520
2,1,1,1,7,12,58,1,N,2,14949
2,1,1,1,1,3,48,1,N,2,15205
1,6,2,2,3,5,0,1,N,2,9246
2,1,1,2,8,7,65,1,N,2,7307
1,1,1,1,8,11,32,1,N,2,27252
2,1,1,1,N,N,49,1,N,2,27252
2,4,1,1,5,3,93,1,N,2,10616
2,1,2,1,2,6,23,1,N,2,15400
2,6,1,2,4,5,50,1,N,2,22884
2,1,1,1,7,2,62,1,N,2,16848
2,6,1,1,3,4,27,1,N,2,25563
1,6,1,0,5,5,9,1,N,2,19076
1,1,1,1,4,12,41,1,N,2,27252
1,4,2,2,5,6,14,1,N,2,19454
1,6,1,2,3,5,46,1,N,2,15844
2,1,1,2,N,3,7,1,N,2,18801
2,1,1,1,8,N,62,1,N,2,10976
2,1,2,1,9,7,57,1,N,2,23465
2,6,1,1,5,6,20,1,N,2,17630
2,1,1,1,N,7,76,1,N,2,22435
2,1,1,1,2,7,13,1,N,2,26152
2,1,2,1,8,6,29,1,N,2,23118
1,1,1,1,0,11,39,1,N,2,17768
2,5,1,1,7,7,33,1,N,2,10906
2,1,1,1,2,4,54,1,N,2,25527
1,1,1,1,3,12,83,1,N,2,20791
2,1,1,1,9,7,81,1,N,2,18766
1,1,1,1,N,N,75,1,N,2,4854
1,1,1,1,7,N,61,1,N,2,23890
1,6,1,2,6,7,13,1,N,2,6685
1,1,1,1,0,11,66,1,N,2,26104
2,6,1,2,0,5,38,1,N,2,10801
1,3,1,1,9,7,76,1,N,2,120
2,3,1,1,7,7,22,1,N,2,15547
2,1,1,1,8,N,65,1,N,2,24158
2,6,7,1,8,6,68,1,N,2,25247
2,6,2,1,7,3,12,1,N,2,25505
2,1,1,1,8,7,16,1,N,2,27252
1,1,1,1,N,12,57,1,N,2,2443
2,1,2,2,5,8,54,1,N,2,11858
1,4,1,2,0,6,33,1,N,2,10476
2,1,1,1,N,7,19,1,N,2,24939
1,5,1,2,N,6,13,1,N,2,13860
2,1,1,1,9,9,65,1,N,2,21414
2,4,2,1,9,2,28,1,N,2,17436
1,1,1,1,7,N,34,1,5,2,22537
2,1,1,1,7,6,76,1,N,2,18449
1,6,2,1,5,5,57,1,N,2,21160
2,6,2,2,0,5,6,1,N,2,12044
2,1,1,1,0,N,0,1,N,2,19076
1,6,1,2,0,7,19,1,N,2,18869
2,4,1,1,7,7,63,1,N,2,1836
1,1,2,2,2,6,62,1,N,2,15281
2,6,2,1,8,12,73,1,N,2,1275
1,4,8,1,0,4,51,1,N,2,7668
1,1,2,1,N,N,38,1,N,1,14879
2,1,2,1,3,9,29,1,N,2,17023
1,6,1,2,7,5,27,1,N,2,16863
1,1,1,1,9,7,46,1,N,2,6611
1,6,2,2,9,3,88,1,N,2,4585
1,1,1,1,9,8,74,1,N,2,13351
1,6,2,1,7,7,42,1,N,2,21628
2,1,1,1,9,N,75,1,N,2,19250
2,1,1,1,9,9,33,1,N,2,16896
1,4,2,2,5,7,5,1,N,2,25163
2,6,1,0,9,6,11,1,N,2,18933
2,1,1,1,6,3,36,1,N,2,27252
1,6,1,1,N,7,66,1,N,2,14184
1,6,5,2,6,6,61,1,N,2,12235
2,1,1,1,N,N,55,1,N,2,17979
1,1,1,1,8,9,54,1,N,2,11427
2,6,1,1,9,2,52,1,N,2,21554
1,6,1,1,4,N,35,1,N,2,16645
1,4,4,2,N,7,33,1,N,2,12839
1,5,1,2,6,12,33,1,N,2,14532
2,1,1,1,1,9,25,1,N,2,16474
1,6,1,0,8,5,14,1,N,2,15290
2,4,1,1,1,9,4,1,N,2,25316
2,3,1,1,N,7,60,1,N,2,12300
2,1,1,1,3,11,48,1,N,2,17404
1,4,1,1,8,12,48,1,N,2,547
1,6,2,1,2,6,52,3,N,2,9225
2,1,1,1,0,7,22,1,N,2,18738
1,N,1,1,0,5,12,1,N,2,19923
2,6,9,2,9,7,32,1,N,2,25207
2,6,6,1,6,9,43,1,N,2,18429
1,1,1,2,2,7,70,1,N,2,13586
2,1,1,1,8,7,28,1,N,2,19102
2,6,3,2,9,9,39,1,N,2,11057
2,4,2,1,8,6,61,1,N,2,12580
2,3,1,1,9,2,27,1,N,2,20448
1,6,1,1,N,7,73,1,N,2,16193
2,1,1,2,N,N,53,1,N,2,14448
1,1,1,2,9,7,54,1,N,2,19862
2,6,6,2,N,6,29,1,N,2,12405
1,1,1,1,1,5,71,1,N,2,16269
2,5,4,2,4,7,28,1,N,2,18818
1,6,1,1,4,5,49,1,N,2,0
1,1,1,1,9,7,17,1,N,2,8418
2,6,1,1,6,7,62,1,N,2,25634
2,6,1,1,1,8,15,1,N,2,12993
1,4,2,2,6,7,24,1,N,2,25325
2,1,1,1,8,N,83,1,N,2,6336
2,1,1,1,2,9,63,1,N,2,7679
2,1,1,2,N,6,17,1,N,2,19349
2,6,1,1,0,2,40,1,N,2,22061
1,1,1,1,7,N,95,1,N,2,14202
2,6,1,2,2,7,8,1,N,2,20027
2,1,2,1,8,N,23,1,N,2,21234
2,1,1,1,6,7,9,1,N,2,22232
2,1,1,1,9,7,63,1,N,2,17171
2,1,2,2,2,5,60,1,N,2,15300
2,6,1,2,0,7,22,1,N,2,9332
2,4,1,1,0,4,88,1,N,2,0
1,6,1,2,4,11,61,1,N,1,22522
1,6,1,0,1,7,33,1,N,2,2677
2,6,3,1,1,6,5,1,N,2,20683
2,3,5,2,1,9,29,1,N,2,13495
2,1,2,2,8,N,12,1,N,2,12220
2,6,1,2,0,7,0,1,N,2,22953
2,1,1,1,3,3,67,1,N,2,24238
1,1,1,2,8,9,5,1,N,2,23150
1,1,1,1,8,5,26,1,N,2,22224
2,6,1,2,3,7,66,1,N,2,18412
1,1,1,1,6,N,62,1,N,2,21031
1,6,2,1,7,7,13,1,N,2,17698
1,6,2,2,0,9,31,1,N,2,19028
2,1,1,1,8,6,35,1,N,1,9181
1,1,1,1,1,6,26,1,N,2,24283
2,1,2,2,5,5,10,1,N,2,16857
1,6,1,1,3,6,22,1,N,2,27252
2,6,2,1,0,7,12,1,N,2,9401
2,4,1,1,8,7,13,1,N,2,27252
1,6,2,2,6,6,38,1,N,2,9141
2,3,1,1,7,10,52,1,N,2,3767
1,1,1,2,6,5,54,1,N,2,21786
1,1,1,1,4,6,68,1,N,2,12202
2,1,1,1,N,7,62,1,N,2,25062
2,1,2,2,6,N,31,1,N,2,17231
1,6,2,1,7,11,51,1,N,2,22655
2,6,1,1,8,1,27,1,N,2,17918
1,1,1,1,7,N,0,1,N,2,21277
2,6,1,2,2,4,21,1,N,2,12346
1,1,5,1,1,5,76,1,N,2,9427
2,1,6,1,2,9,58,3,5,2,14781
1,6,1,1,9,3,62,1,N,2,20916
2,1,1,1,9,4,76,3,N,2,14891
2,1,1,1,4,7,57,1,N,2,12612
2,1,1,1,7,N,39,1,N,2,26467
2,1,1,1,9,6,65,1,N,2,1247
2,6,1,1,N,7,67,1,N,2,7622
2,1,1,1,7,N,61,1,N,2,9427
1,1,1,1,5,N,34,1,N,2,27252
2,6,1,1,6,7,81,1,N,2,4420
2,6,4,0,0,7,46,1,N,2,12101
2,6,2,2,2,5,12,1,N,2,4089
2,1,2,2,9,7,62,1,N,2,10037
2,6,1,2,0,7,78,1,N,2,14313
2,1,1,1,5,7,3,1,N,2,19101
1,1,1,1,7,12,28,1,N,2,25387
2,1,1,1,7,11,75,1,N,2,20324
1,1,2,1,3,7,67,1,N,2,26086
1,1,1,1,5,7,3,1,N,2,11150
1,1,1,1,2,12,60,1,N,2,20895
1,4,9,2,9,6,52,1,N,2,6312
2,1,1,1,N,N,68,1,N,2,18084
1,4,1,1,4,11,52,1,N,2,17238
1,1,1,1,2,10,33,2,N,2,27252
2,6,1,2,8,5,16,1,N,2,14097
1,4,1,2,6,7,70,1,N,2,16721
2,6,2,2,0,7,0,1,N,2,15746
2,1,1,1,2,3,47,1,N,2,27252
2,6,1,2,6,7,22,1,N,2,22347
1,1,1,1,9,12,64,1,N,2,23595
1,1,6,2,2,N,64,1,N,2,2459
1,6,1,1,9,7,23,1,N,2,27252
1,1,2,1,8,N,91,1,N,2,9776
2,1,1,1,4,7,52,1,N,2,10658
2,1,1,2,6,7,73,1,N,2,9331
2,6,7,1,0,4,51,1,N,2,0
2,1,1,1,6,12,48,1,N,2,21698
2,6,1,1,6,6,37,1,N,2,20262
2,1,1,2,9,7,50,1,N,2,16068
1,4,1,1,9,6,59,1,N,1,17437
2,6,1,1,4,6,30,1,N,2,15491
2,6,1,1,0,4,5,1,N,2,5504
1,1,1,1,7,9,0,1,N,2,16202
1,6,2,2,6,6,69,1,N,2,20608
2,1,1,1,6,4,75,1,N,2,10803
2,1,1,1,1,4,45,1,N,2,5514
2,6,2,2,4,4,0,1,N,2,17079
2,6,2,1,9,3,34,1,N,2,7231
2,6,2,1,0,7,0,1,N,2,17924
2,1,1,1,5,12,93,1,N,2,11628
1,1,8,1,1,9,49,1,N,2,16013
2,6,1,2,0,7,15,1,N,2,12163
2,1,1,1,6,11,51,1,N,2,3227
2,6,2,1,0,3,41,1,N,2,11058
1,6,6,2,1,5,0,1,N,2,8544
2,4,1,2,9,2,58,1,N,2,0
1,1,1,1,9,7,38,1,N,2,22781
2,6,1,1,9,5,60,1,N,2,9327
2,6,1,2,7,5,59,1,N,2,4239
2,6,1,2,N,7,54,1,N,2,15631
2,1,1,2,6,N,47,1,N,2,4553
1,1,1,1,N,2,49,1,N,2,18585
1,1,2,1,8,N,36,1,N,2,19128
2,6,1,2,2,N,30,1,N,1,16715
2,6,2,2,7,7,23,1,N,2,25033
2,1,1,1,N,3,61,1,N,2,27252
2,3,1,1,0,10,26,1,N,2,9897
2,1,1,1,4,9,61,1,N,2,18548
1,6,2,1,3,7,47,1,N,2,11500
1,1,2,1,9,10,59,1,N,2,4762
2,6,1,1,N,N,22,1,N,2,19106
2,4,2,1,5,3,40,1,N,2,11762
2,6,1,2,4,7,59,1,N,2,9077
2,3,1,2,8,11,76,1,N,2,21996
1,6,1,1,3,7,61,1,N,2,13442
1,1,1,2,9,2,5,1,N,2,23416
1,6,1,1,9,7,41,1,N,2,17937
2,1,1,1,N,7,67,1,N,2,15508
2,6,1,2,0,7,25,1,N,2,7387
1,6,1,2,N,7,69,1,N,2,23033
1,6,1,2,8,2,31,1,N,2,13687
2,1,1,1,9,7,32,1,N,2,26850
2,6,4,2,5,7,12,1,N,2,22394
2,6,1,2,0,7,14,1,N,2,18306
1,4,1,1,9,N,81,1,N,2,12225
2,1,1,1,3,2,25,1,N,2,1275
1,1,1,1,9,3,64,1,N,2,16203
1,6,1,2,7,7,48,3,N,2,17153
1,1,1,0,7,9,49,1,N,2,8000
2,1,1,1,9,9,59,1,N,2,14660
1,1,2,2,7,7,28,1,N,2,19122
1,6,2,1,2,6,12,1,N,2,9617
2,1,1,1,9,7,32,1,N,2,13079
2,4,2,1,0,3,68,1,N,2,27252
2,1,1,1,6,7,43,1,N,2,25049
1,4,4,1,2,2,66,1,N,2,18632
2,1,1,1,8,7,74,1,N,2,16403
2,6,1,2,9,6,29,1,N,2,7253
1,6,1,2,6,N,28,1,N,2,10892
2,6,1,1,1,6,42,1,N,2,19850
2,1,1,1,1,6,25,1,N,2,19562
1,4,1,1,5,7,31,1,N,2,25282
2,1,1,1,2,7,6,1,N,2,10615
1,1,3,1,9,2,16,1,N,2,7536
1,6,1,1,8,N,45,1,N,2,25062
1,1,1,1,6,7,28,1,N,2,17064
2,6,1,1,N,3,31,1,N,2,21503
2,1,1,1,4,9,56,1,N,2,18412
2,4,1,1,2,7,57,3,N,2,19310
1,1,1,1,0,7,14,1,N,2,18561
1,6,1,1,6,6,48,1,N,2,26733
1,1,1,2,N,7,25,1,N,2,13229
1,1,1,1,6,8,33,1,N,2,27252
1,6,1,1,2,7,33,1,N,2,21731
2,1,1,1,5,5,0,1,N,2,27252
2,1,1,1,5,6,45,1,N,2,15189
1,1,2,2,5,6,9,1,N,2,19468
1,6,1,1,8,7,51,1,N,2,9720
2,1,2,1,4,5,54,1,N,2,22640
1,1,1,1,4,1,8,1,N,2,19345
2,1,1,1,3,9,46,1,N,2,20957
1,6,1,2,2,4,12,1,N,2,16619
2,1,1,1,6,6,53,1,N,2,9160
1,6,1,2,0,4,36,1,N,2,17275
2,6,1,1,6,5,73,1,N,2,9850
2,1,1,1,9,7,25,1,N,2,21935
1,1,1,1,7,12,60,1,N,2,11456
2,1,2,2,5,N,54,1,N,2,22357
1,4,1,1,N,3,64,1,N,2,14736
2,1,2,1,0,3,7,1,N,1,24294
2,2,1,1,7,11,48,1,N,2,22882
2,1,7,2,5,6,18,1,N,2,10443
1,6,8,2,1,5,23,1,N,2,20084
1,1,1,1,1,5,85,1,N,2,10960
2,6,1,2,3,4,45,1,N,2,15356
1,3,1,1,N,7,47,1,N,2,18178
1,6,1,1,6,1,32,1,N,2,19250
1,1,1,1,6,2,50,1,N,2,14586
1,1,1,1,7,7,37,1,N,2,15328
2,6,1,2,2,6,9,1,N,2,25638
2,6,1,1,0,4,21,1,N,2,15708
1,1,1,2,N,4,31,1,N,2,18652
2,1,1,1,9,7,49,1,N,2,10767
2,4,1,1,6,10,39,1,N,2,23571
1,1,1,1,0,4,8,1,N,2,9745
2,1,1,2,2,N,0,1,N,2,16467
1,1,1,2,4,8,56,1,N,2,17359
2,6,2,2,N,7,32,1,N,2,16742
1,1,1,1,9,7,30,1,N,2,11679
1,4,1,1,9,2,28,1,N,2,27252
2,1,1,2,N,11,5,1,N,2,7377
2,1,1,1,5,N,84,1,N,2,9427
1,1,2,1,4,5,47,1,N,2,17676
1,6,1,1,9,6,32,1,N,2,10791
2,6,2,1,N,7,81,1,N,2,11241
2,4,1,1,8,7,30,1,N,2,9988
1,6,1,1,5,12,70,1,N,2,14863
2,6,2,2,0,8,11,1,N,2,25989
1,1,1,1,4,6,62,1,N,2,12782
2,6,2,1,9,7,52,1,N,2,18269
2,6,1,2,N,N,22,1,N,2,18904
2,1,1,1,9,6,85,1,N,2,21102
1,1,1,1,N,7,41,1,N,2,22225
1,1,2,1,9,6,23,1,N,2,19359
2,1,1,1,2,4,43,1,N,2,11558
2,6,2,1,6,7,39,1,N,2,11236
2,1,1,2,6,7,56,1,N,2,21531
2,6,1,1,0,5,18,1,N,2,20084
2,1,1,1,8,N,82,1,N,2,9592
1,1,1,1,0,7,64,1,N,2,13832
2,1,1,1,1,5,25,1,N,2,17794
2,4,1,2,N,7,15,1,N,2,19686
2,1,1,2,0,9,18,1,N,2,16065
2,6,2,2,3,6,54,1,N,2,17117
1,1,1,1,5,5,88,1,N,2,10440
2,1,1,1,0,7,36,1,N,2,14968
1,6,1,2,3,5,12,1,N,2,4709
2,1,1,1,N,N,37,1,N,2,21503
2,4,1,1,5,6,27,1,N,2,10785
1,6,1,2,8,6,23,1,N,2,22336
2,1,1,1,N,3,49,1,N,2,24068
2,6,2,2,8,9,39,1,N,2,16841
1,6,7,2,4,5,42,1,N,2,11721
1,1,1,1,3,3,57,1,N,2,14099
2,1,1,2,1,5,23,1,N,2,23590
1,4,1,1,9,11,38,1,N,2,23221
1,6,1,1,8,7,72,1,N,2,18080
1,6,1,1,8,7,51,1,N,2,19990
1,1,2,1,9,6,46,1,N,2,20796
2,6,2,1,2,6,15,1,N,1,1268
2,6,1,1,7,7,27,1,N,2,8853
1,6,6,2,6,7,35,1,N,2,11266
1,1,1,1,N,N,27,1,N,2,21678
2,6,1,1,5,N,56,1,N,2,15720
2,3,1,1,9,6,48,1,N,2,3674
1,1,1,1,3,4,69,1,N,2,15937
2,6,1,1,1,3,8,1,N,2,11404
1,6,8,2,0,N,16,1,N,2,20027
2,6,1,2,7,3,65,1,N,2,11458
1,1,1,2,6,3,20,1,N,2,10587
2,1,1,1,N,3,37,1,N,2,6611
2,6,1,1,0,2,1,1,N,2,5983
1,6,1,2,9,4,48,1,N,2,20995
1,4,3,1,N,3,52,1,N,2,27252
1,1,2,1,3,6,71,1,N,2,27252
2,1,1,1,3,N,29,1,N,2,17202
2,1,2,1,4,N,55,1,N,2,13556
2,1,2,2,9,1,59,1,N,2,20690
1,1,1,1,9,7,37,1,N,2,25286
1,6,1,1,3,3,30,1,N,2,12271
1,6,8,2,7,6,50,1,N,2,16233
2,6,2,2,N,4,51,1,N,2,10304
1,6,1,1,0,9,35,1,N,2,13719
1,6,1,1,2,9,14,1,N,2,12951
2,6,1,0,8,N,20,1,N,2,16494
1,6,1,1,8,4,0,1,N,2,19780
2,1,1,1,7,11,84,1,N,2,15760
2,6,1,2,6,2,26,1,N,2,11210
2,6,1,1,0,7,22,1,N,2,5235
2,6,1,2,0,1,13,1,N,2,11988
2,6,1,2,0,2,12,1,N,2,10384
2,6,2,0,0,6,32,1,N,2,14124
2,1,1,1,4,7,37,1,N,2,19461
1,1,6,1,5,7,51,1,N,2,21486
1,6,1,2,8,7,26,1,N,2,16188
2,1,1,2,4,6,41,1,N,2,25088
2,1,1,1,9,3,35,1,N,2,27252
2,1,1,1,N,3,81,1,N,2,9590
2,6,1,2,3,5,4,1,N,2,15245
2,1,1,1,3,4,56,1,N,2,17119
2,6,1,1,5,5,18,1,N,2,27252
1,1,1,1,2,9,20,1,N,2,23634
1,1,1,1,N,7,56,1,N,2,18414
2,6,2,2,6,7,36,1,N,2,12706
1,1,1,1,N,3,45,1,N,2,19021
2,6,1,2,5,7,35,1,N,2,4422
1,1,1,1,2,12,49,1,N,2,5383
1,6,1,2,3,4,38,1,N,2,15759
1,6,1,2,8,4,29,1,N,2,23932
2,1,1,1,6,7,20,1,N,2,19553
2,1,1,2,8,5,55,1,3,2,10776
1,6,1,1,2,N,23,1,N,2,8418
2,6,1,2,4,7,90,1,N,2,13822
1,1,1,1,0,7,22,1,N,2,14815
2,6,2,2,6,6,11,1,N,1,10867
2,5,1,1,7,5,53,1,N,2,20353
2,1,1,1,8,10,43,3,N,2,16301
2,1,1,1,4,7,36,2,N,2,804
2,6,1,1,0,5,16,1,N,2,13675
1,1,2,1,N,7,22,1,N,2,21182
2,6,2,2,8,7,29,1,N,2,3627
2,4,3,1,N,7,57,1,N,2,9801
2,2,1,0,2,2,69,1,N,2,20699
1,1,1,1,N,7,80,1,N,2,21876
1,4,2,1,3,10,6,1,N,2,13142
1,1,1,1,9,7,52,1,N,2,17981
2,1,2,1,4,4,13,1,N,2,21108
2,1,2,2,4,7,69,1,N,2,18297
2,6,8,2,1,5,29,1,N,2,9427
2,1,1,1,8,N,59,1,N,2,27252
1,1,2,1,1,N,38,1,N,2,25660
2,1,2,1,N,7,60,1,N,2,19216
1,4,1,1,9,6,55,1,N,2,11573
2,1,1,1,0,7,26,1,N,2,17444
2,1,1,1,N,6,19,1,N,2,18846
2,1,1,1,0,7,22,1,N,2,3472
1,4,7,2,1,5,0,1,N,2,23840
2,6,1,1,5,6,76,1,N,2,16069
2,6,1,2,2,9,25,1,N,2,0
2,6,1,1,5,N,16,1,N,2,8484
2,6,1,1,0,5,30,1,N,2,9427
1,1,1,2,4,10,11,1,N,2,2033
2,6,2,1,0,7,40,1,N,2,25084
1,4,1,1,1,10,70,1,N,2,3639
1,4,1,1,7,9,68,1,2,2,4941
2,4,1,1,0,5,16,1,N,2,19461
2,1,1,1,9,3,71,1,N,2,20728
2,6,5,2,0,9,40,1,N,2,15986
2,6,2,0,6,5,64,1,N,2,11457
1,4,1,2,0,7,90,1,N,2,2835
1,6,1,2,N,7,19,1,N,2,19440
1,1,1,1,8,6,11,1,N,2,14693
2,1,1,1,7,7,57,1,N,2,15785
1,6,1,1,9,6,31,1,6,2,24665
2,1,1,1,N,7,66,1,N,2,13333
2,1,1,2,4,11,48,1,N,2,23848
2,6,5,2,2,7,24,1,N,2,23833
2,1,8,1,7,2,51,1,N,2,13686
2,6,1,2,9,3,72,1,N,2,19054
2,1,1,2,9,7,16,2,N,2,8238
2,1,1,2,2,6,64,1,4,2,18768
1,6,2,2,0,4,31,1,N,2,8796
1,1,1,1,2,7,0,1,N,2,27252
1,4,1,1,N,N,38,1,N,2,27252
2,1,1,1,2,11,52,2,N,2,3403
2,1,1,1,N,7,43,1,N,2,18634
2,1,1,1,N,N,32,1,N,2,20118
2,1,1,1,3,7,45,1,N,2,19851
1,6,1,1,6,N,25,1,N,2,20296
2,1,1,1,4,7,84,1,N,2,27252
2,1,1,2,0,7,43,1,N,2,17656
2,1,1,1,9,3,50,1,N,2,20269
2,3,1,1,N,N,15,1,N,2,17492
2,6,2,1,4,6,52,1,N,2,9276
1,1,1,1,5,7,41,1,N,2,25510
2,1,1,1,N,7,84,1,N,2,25119
1,6,1,2,0,7,18,1,N,2,8634
1,1,1,1,N,7,69,1,N,2,14823
1,1,3,2,6,7,64,1,N,2,21692
2,4,1,2,8,7,35,1,N,2,25921
2,5,1,1,6,1,55,1,2,2,6518
1,6,1,1,4,5,37,1,N,2,11288
2,6,1,2,9,5,38,1,N,2,9279
1,1,1,1,3,7,58,1,N,2,19620
2,6,2,2,0,9,40,1,N,2,12251
2,6,1,1,0,9,53,1,N,2,11906
2,6,2,1,6,7,17,1,N,2,20372
2,6,1,2,9,7,39,1,N,2,11724
1,1,1,2,5,7,17,1,N,2,22810
1,1,1,1,9,6,21,1,N,2,25247
2,1,1,1,8,7,0,1,N,2,18974
1,6,2,0,6,4,8,1,N,2,20198
2,1,1,1,5,4,45,1,N,2,24346
2,1,1,1,9,7,69,1,N,2,24326
1,1,1,1,3,8,14,1,N,2,27252
1,1,1,1,8,N,48,1,N,2,27252
2,6,1,2,0,7,4,1,N,2,20785
2,6,2,2,0,6,27,1,N,2,17337
1,6,1,1,8,4,40,2,N,2,8053
2,6,1,1,7,5,68,1,N,2,11884
2,6,1,2,0,4,39,1,N,2,25500
2,6,2,2,5,7,6,1,N,2,4147
2,1,1,2,1,11,32,1,N,2,21055
1,1,1,1,7,N,19,1,N,2,21045
2,6,1,1,7,5,72,1,N,2,7753
2,4,1,1,9,N,47,1,N,2,22609
2,1,1,1,9,3,70,1,N,2,14014
2,6,1,2,5,6,13,1,N,1,13356
2,1,1,1,0,7,28,1,N,2,1914
2,6,1,1,N,N,76,1,N,2,19057
2,1,1,1,9,3,25,1,N,2,23844
1,4,2,2,2,7,10,1,N,1,8446
1,1,1,1,N,7,22,1,N,2,3582
2,4,1,2,0,4,77,1,N,2,23990
2,1,1,2,6,2,18,1,N,2,18505
1,6,1,1,5,N,42,1,N,2,22264
2,1,2,1,5,9,50,1,N,2,15375
2,1,1,1,4,N,66,1,N,2,15683
1,1,1,1,2,6,27,1,3,2,12969
2,6,1,1,7,6,23,1,N,2,22578
1,1,1,1,6,7,69,1,N,2,27252
1,2,1,1,9,8,17,1,N,2,24939
2,1,1,1,8,9,16,1,N,2,10918
2,1,1,1,7,5,74,1,N,2,14218
2,1,1,1,6,8,21,1,N,2,17057
1,1,1,1,8,12,25,1,N,2,27252
1,6,1,1,N,7,75,1,N,2,19427
2,4,1,2,7,9,51,1,N,2,25071
2,6,9,1,9,12,34,1,N,2,15405
2,6,2,2,7,5,26,1,N,2,2848
2,1,1,1,9,7,39,1,N,2,19662
2,6,1,2,5,12,6,1,N,2,12042
1,1,1,1,0,3,32,1,N,2,4231
2,1,1,1,7,N,18,1,N,2,24939
2,1,2,1,7,N,62,1,N,2,11706
1,6,2,0,3,9,56,1,N,2,12557
2,4,1,1,4,N,43,1,N,2,21194
2,1,7,1,3,5,23,1,N,2,17861
2,1,1,1,6,9,18,1,N,2,14552
1,6,1,2,7,11,61,1,N,2,12020
1,1,1,1,6,N,13,1,N,2,17146
2,1,1,1,6,N,29,1,N,2,13759
1,6,6,2,0,7,61,1,N,2,16055
2,6,2,2,6,7,7,1,N,2,27252
1,6,2,2,7,8,42,1,N,2,13563
2,4,1,2,0,9,16,1,N,2,15864
1,6,1,2,N,3,31,1,N,2,20868
2,6,1,2,7,6,13,1,N,2,22907
2,6,1,1,3,7,38,1,N,2,14581
2,1,2,2,0,9,52,1,N,2,18785
2,1,1,2,6,6,64,1,N,2,17896
2,1,8,1,3,3,43,1,N,2,13261
1,6,1,1,0,12,35,1,N,2,13798
1,1,1,1,5,N,41,1,N,2,22434
1,6,1,1,4,7,61,1,N,2,15940
2,6,1,2,0,4,52,1,N,2,22261
1,1,1,1,9,7,63,1,N,2,13343
2,3,1,1,1,5,61,1,N,2,16722
2,6,1,1,4,7,27,1,N,2,22202
2,1,1,1,0,1,42,1,N,2,17045
2,1,1,1,7,8,64,1,N,2,11680
2,1,1,1,4,7,63,1,N,2,27252
2,6,1,2,1,4,38,1,N,2,26521
2,3,1,1,8,6,16,1,N,2,10578
1,1,1,1,7,6,50,1,N,2,8127
2,1,2,2,6,6,26,1,N,2,18784
2,1,1,1,0,9,55,1,N,2,19994
2,6,1,1,8,5,0,1,N,2,14901
2,1,1,1,N,7,75,1,N,2,21426
2,6,1,1,7,11,86,1,N,2,13412
1,6,2,1,8,6,21,1,N,2,11271
2,3,1,1,7,7,29,1,N,2,17270
1,1,1,1,6,7,14,1,N,2,27252
2,6,1,1,5,6,33,1,N,2,15693
1,1,3,1,2,7,32,1,N,2,15017
2,1,1,1,N,N,58,1,N,2,21218
1,6,1,1,5,4,25,1,N,2,22577
2,1,1,1,4,6,48,1,N,2,11008
2,6,2,1,3,6,0,1,N,2,27252
1,1,1,1,8,7,16,1,N,2,20584
1,1,1,1,0,6,49,1,N,2,9463
1,6,4,2,2,3,19,1,N,2,7589
1,6,8,1,3,7,45,1,N,2,13783
2,1,1,1,8,6,61,1,N,2,12153
1,6,9,1,1,5,42,1,N,2,15013
1,5,1,2,3,7,44,1,N,2,1518
2,6,1,1,N,7,21,1,N,2,19236
1,1,1,1,3,9,46,1,N,2,27252
1,3,1,2,7,4,16,1,N,2,0
2,1,1,2,4,3,7,1,N,2,22314
1,1,1,1,5,11,56,1,N,2,21801
2,6,2,1,8,6,63,1,N,2,20949
2,1,1,1,9,3,56,1,N,2,26609
1,1,1,1,4,7,64,1,N,2,20780
2,1,2,2,5,7,74,1,N,2,27252
2,6,1,1,2,7,24,2,N,2,19220
1,6,1,2,8,7,71,1,N,2,14875
1,4,1,2,N,3,80,1,N,2,23903
2,3,1,2,1,8,6,1,N,2,24981
2,6,1,1,9,5,63,1,N,2,21744
2,1,1,1,0,7,27,1,N,2,18997
2,6,1,1,8,7,33,1,N,2,15270
2,6,1,1,2,7,28,1,N,2,21517
2,1,1,2,3,5,57,1,N,2,11739
1,1,1,2,9,7,53,1,N,2,24914
2,6,2,2,6,6,46,1,3,2,22260
1,4,2,1,2,1,87,1,N,2,3744
1,1,1,1,3,7,69,1,N,2,11876
2,1,1,1,8,N,65,1,N,2,19875
2,1,8,1,2,9,77,1,N,2,13007
2,1,1,1,8,7,62,1,N,2,13437
1,1,1,1,4,5,68,1,N,2,20371
2,6,1,1,3,3,22,1,N,2,23454
2,1,1,1,4,11,66,1,N,2,21187
1,1,1,1,9,N,67,1,N,2,13578
1,1,1,1,8,N,16,1,N,2,27252
2,1,6,1,3,2,29,2,N,2,10236
1,6,1,1,0,7,57,1,N,2,17765
1,1,1,1,4,9,77,1,N,2,21440
2,3,2,1,9,4,47,1,N,2,26862
1,6,1,1,3,7,11,1,N,2,21474
2,1,1,1,2,1,18,1,N,2,5219
1,6,2,1,5,7,44,1,N,2,9798
1,4,1,1,2,11,15,1,N,2,18941
2,1,1,1,3,7,81,3,N,2,16459
2,1,1,1,3,5,73,1,N,2,2347
2,6,1,1,6,6,53,1,N,2,15713
2,6,1,1,8,3,19,3,N,2,17266
2,1,1,1,7,7,44,1,N,2,24939
1,1,1,1,7,7,34,1,N,2,18043
1,6,1,2,4,9,21,1,N,2,26535
2,6,2,1,9,7,61,1,N,2,10120
1,1,1,1,5,7,51,1,N,2,13966
2,1,1,1,7,12,46,1,N,2,17701
2,1,1,1,N,12,46,1,N,2,20813
2,6,1,1,9,7,61,1,N,2,27252
2,4,1,1,0,6,6,1,N,2,14943
2,6,4,1,2,11,38,1,N,2,5353
2,6,1,2,0,7,23,1,N,2,13831
2,1,1,1,7,6,53,1,N,2,25410
2,6,1,1,2,9,38,1,N,2,26712
2,1,1,2,7,6,72,1,N,2,1816
1,1,1,2,3,7,34,1,N,2,22911
2,1,1,1,4,5,38,1,N,2,5419
1,1,2,1,7,8,50,1,N,2,19394
2,3,1,1,9,7,36,1,N,2,15080
1,6,2,1,3,6,10,1,N,2,15752
2,1,1,1,9,N,53,1,N,2,26886
2,6,1,1,5,6,30,1,N,2,17162
2,1,1,1,6,N,48,1,N,2,16490
1,1,1,1,7,7,24,2,N,2,12184
2,6,1,2,7,3,43,1,N,2,7137
1,1,2,1,2,6,95,1,N,2,16860
2,6,1,1,2,5,24,1,N,2,20011
2,6,1,1,7,7,76,1,N,2,15477
2,3,1,2,0,7,95,1,N,2,22491
1,6,1,1,0,5,20,1,N,2,19256
1,1,1,1,7,7,52,1,N,2,20649
1,1,1,1,8,7,38,1,N,2,13829
1,6,2,1,5,7,77,1,N,2,23966
1,6,1,1,5,4,56,1,N,2,12603
1,1,2,2,5,5,32,1,N,2,17647
2,1,1,1,6,N,43,1,N,2,25733
2,1,1,1,1,9,38,1,N,2,19802
1,4,2,1,6,12,44,3,N,2,7972
2,6,1,2,3,4,42,1,N,2,12413
1,5,2,1,2,6,0,1,N,2,27252
1,6,1,2,8,7,47,1,N,2,10548
1,6,1,1,6,N,73,1,N,2,12149
2,1,1,1,2,11,59,1,N,2,23575
2,6,1,2,4,6,19,1,N,2,24939
1,6,8,1,8,12,33,1,N,2,9073
1,1,1,1,N,7,63,1,N,2,21313
2,6,1,2,8,6,37,1,N,2,16216
2,1,1,2,0,12,56,1,N,2,19857
2,6,1,1,7,5,65,1,N,2,19340
1,6,2,1,6,6,16,1,N,2,14219
1,4,1,1,7,7,22,1,N,2,8462
1,1,6,1,4,3,71,1,N,2,16979
1,4,1,1,8,N,70,1,N,2,25455
2,1,1,1,9,11,65,1,N,2,15595
2,6,1,2,4,3,12,1,N,2,24939
1,6,2,2,6,5,17,1,N,2,20960
2,1,2,1,9,7,14,1,N,2,26796
2,1,1,1,8,7,44,1,N,2,12540
2,1,1,1,N,3,60,1,N,2,16881
1,1,1,1,N,N,58,1,N,2,18945
1,1,1,2,9,6,42,1,N,2,26636
1,1,1,1,1,7,42,1,N,2,4559
2,1,1,1,9,12,32,1,N,2,24213
1,1,1,1,7,8,94,1,N,2,12898
2,3,2,2,2,4,54,1,N,2,23117
2,6,2,1,5,7,53,1,N,2,15591
2,1,1,1,6,11,42,1,N,2,24939
2,1,1,1,N,7,54,1,N,2,20481
2,1,1,1,N,7,75,1,N,2,25683
1,1,1,1,7,7,22,1,N,2,13477
2,1,1,1,0,4,70,1,N,2,6873
2,1,1,2,9,7,56,1,N,2,22854
1,6,1,2,0,7,65,1,N,2,22303
2,6,1,0,0,7,83,1,N,2,8853
2,1,1,1,9,7,67,1,N,2,2617
1,1,1,2,N,N,24,1,N,2,6111
2,6,8,1,9,7,12,1,N,2,24939
1,1,1,1,9,7,37,1,N,2,14659
2,6,1,2,6,7,41,1,N,2,16641
2,1,2,1,5,6,40,1,N,2,18695
1,1,2,2,2,N,36,1,N,2,19723
2,6,1,1,1,3,53,1,N,2,14997
2,6,5,1,N,7,58,1,N,2,24814
2,6,1,2,N,6,25,1,N,2,22974
2,6,1,1,6,7,58,1,N,2,21254
2,1,1,1,5,7,58,1,N,2,21303
2,1,1,2,8,12,33,2,N,1,23946
1,1,1,1,N,N,92,1,N,2,20542
2,1,1,1,8,12,36,1,N,2,25017
2,1,1,1,5,3,8,1,N,2,24525
1,1,1,1,N,7,19,1,N,2,18102
2,3,1,1,3,4,34,1,N,2,27252
1,N,1,1,1,5,37,1,N,2,6261
1,6,1,2,6,5,56,1,N,2,13858
2,6,1,1,9,8,16,1,N,2,19704
1,6,2,2,2,N,35,1,N,2,17566
1,1,1,1,8,N,68,1,N,2,24929
2,6,6,2,9,7,47,1,N,2,17386
1,1,1,1,N,7,17,1,N,2,14182
2,6,1,2,8,5,36,1,N,2,9934
2,1,1,2,3,6,4,1,N,2,23582
1,6,5,1,3,6,23,1,N,2,8740
2,6,1,1,N,7,80,1,N,2,15323
1,6,2,2,0,5,0,1,N,2,20694
1,2,5,1,0,4,50,1,N,2,10757
2,1,1,1,4,10,35,1,N,2,25449
2,4,1,1,3,3,25,1,N,2,17772
1,6,1,1,5,N,83,1,N,2,5364
1,1,1,1,5,9,37,1,N,2,10677
2,1,1,1,5,3,91,1,N,2,24365
1,6,1,0,N,N,16,1,N,2,24939
2,6,6,1,2,5,27,1,N,2,11046
2,6,1,2,0,N,4,1,N,2,12702
2,6,2,0,2,5,14,1,N,2,12346
2,1,1,0,N,2,68,1,N,2,2610
1,6,1,2,7,7,23,1,N,2,15178
1,1,1,1,1,10,8,1,N,2,23395
2,1,1,1,7,11,44,1,N,2,19614
2,6,2,2,0,5,33,3,N,2,12464
1,6,1,1,8,7,29,1,N,2,18256
1,6,1,1,5,6,88,1,N,2,14837
2,6,1,0,4,3,41,1,N,2,12138
2,6,2,2,8,6,29,1,N,2,8666
1,6,1,1,2,7,46,1,N,2,16864
1,4,1,1,2,3,38,1,N,2,17044
1,1,1,2,3,6,69,1,N,2,14750
2,1,1,2,8,4,80,1,N,2,9972
2,1,1,1,6,7,48,1,N,2,23414
2,1,1,1,6,6,1,1,N,2,26415
1,1,2,1,7,7,54,2,N,2,18999
2,1,1,1,7,7,44,1,N,2,24388
2,6,2,1,9,7,77,1,N,2,4756
1,6,1,1,1,4,3,1,N,2,15790
2,1,1,1,8,N,50,1,N,2,19693
2,1,4,2,0,5,26,1,N,2,11627
1,1,4,1,9,9,62,1,N,2,20312
2,1,1,1,1,6,55,1,N,2,26912
2,1,1,1,7,7,42,1,N,2,8160
2,3,1,1,6,12,78,1,N,2,4900
2,1,1,2,9,3,22,1,N,2,15718
2,1,7,0,9,9,65,1,N,2,24201
1,1,1,1,7,7,39,1,N,2,23501
2,1,1,1,6,N,44,1,N,2,5173
2,1,2,1,9,10,80,1,N,2,11638
1,1,1,1,9,7,10,1,N,2,22340
2,1,1,2,0,7,2,1,N,2,27252
2,6,1,2,3,4,54,1,N,2,27252
2,6,1,2,N,7,13,1,N,2,20725
2,1,1,1,3,3,23,1,N,2,20237
2,1,1,0,N,3,55,1,N,2,7856
2,1,1,2,2,9,14,1,N,2,6744
1,5,1,2,2,9,20,1,N,2,6679
2,1,1,1,0,7,34,1,N,2,16034
1,1,1,2,2,8,24,1,N,2,12124
2,1,1,1,N,N,40,1,N,2,19566
1,6,1,1,2,6,63,1,N,2,16527
1,6,1,1,8,7,8,1,N,2,19065
1,3,1,1,8,8,56,1,N,2,16967
2,1,1,1,8,6,76,1,N,2,8409
2,6,1,2,8,7,40,1,N,2,23860
1,1,1,0,9,N,59,1,N,2,22707
2,6,1,0,5,6,73,1,N,2,21029
1,1,1,1,7,N,46,1,N,2,27119
2,4,2,2,5,6,11,1,N,2,18964
1,1,2,2,8,7,39,1,N,2,18724
2,5,1,1,8,9,79,1,N,2,17150
2,4,2,2,1,5,32,1,N,2,14070
1,3,1,0,3,4,65,2,N,2,27156
2,6,1,1,5,5,66,1,N,2,21724
2,4,2,1,9,4,8,2,N,2,17776
2,1,6,1,2,11,95,1,N,2,13469
1,1,1,2,N,7,37,1,N,2,9156
2,6,1,1,7,4,19,3,N,2,20003
2,6,1,2,1,5,36,1,N,2,15904
1,6,2,1,9,8,44,1,N,2,16028
1,1,1,1,N,3,55,1,N,2,25257
2,1,1,1,5,N,18,1,N,2,18177
1,6,1,2,8,N,2,1,N,2,24939
1,3,1,1,9,7,56,1,N,2,18406
2,1,1,2,3,5,48,1,N,2,21178
2,1,9,2,5,N,24,1,N,2,15775
1,6,1,1,2,N,33,1,N,2,21999
2,1,1,2,3,8,43,1,N,2,21184
2,6,1,2,0,4,0,1,N,2,7541
2,6,1,1,5,6,22,1,N,2,11647
1,1,3,1,0,3,53,1,N,2,23760
2,1,2,1,3,4,23,1,N,2,19484
2,6,2,2,4,4,73,1,N,2,15669
1,1,1,1,6,7,32,1,N,2,27252
1,1,1,1,N,12,32,1,N,2,7522
1,2,2,2,2,6,28,1,N,2,11323
2,6,2,1,N,7,13,1,N,2,17516
2,1,1,2,0,9,29,1,N,2,10539
2,1,1,1,3,7,69,1,N,2,16581
2,1,1,1,7,2,73,1,N,2,1815
1,6,1,2,9,9,47,1,N,2,26917
2,1,1,1,9,N,35,1,N,2,8901
2,6,2,2,2,12,16,1,N,2,22725
2,6,1,2,4,11,0,1,N,2,14470
2,1,1,1,7,N,22,1,N,2,14718
2,1,1,0,6,7,11,1,N,2,27048
2,6,1,1,8,9,65,1,N,2,17596
1,6,1,1,8,5,17,1,N,2,21695
1,6,1,0,4,7,15,1,N,2,22176
1,6,2,2,7,3,5,1,1,2,18470
2,6,1,2,N,N,54,1,N,2,15349
2,6,1,1,4,4,13,1,N,2,23372
2,1,1,1,N,7,51,1,N,2,3361
2,1,1,1,7,12,77,1,N,2,24236
2,1,1,1,7,9,74,1,N,2,9098
2,6,2,2,N,7,40,1,N,2,9974
2,1,3,1,2,7,6,1,N,2,25337
1,6,1,1,0,N,21,1,N,2,3328
1,6,2,2,N,7,29,1,N,2,23492
1,1,1,1,N,N,51,1,N,2,24939
1,1,1,2,3,7,60,1,N,2,17592
2,3,1,1,6,4,23,1,N,2,18761
1,1,1,1,7,2,37,1,N,2,19200
2,3,2,2,8,7,78,1,N,2,8473
2,1,1,1,8,7,51,1,N,2,10017
2,6,1,1,9,N,30,1,N,2,22551
1,1,1,1,7,3,17,1,N,2,15759
2,1,1,1,6,4,42,1,N,2,17280
2,1,1,1,N,7,44,1,N,2,27252
1,6,2,2,8,6,59,1,N,2,22633
2,1,1,1,5,5,38,1,N,2,12010
1,6,1,1,1,5,9,1,N,2,4629
1,1,1,1,1,2,47,1,N,2,14993
1,6,1,1,N,7,66,1,N,2,27252
2,6,1,1,9,4,32,1,N,2,27252
2,4,1,1,6,7,94,1,N,2,11668
1,2,1,1,2,N,55,1,N,2,20025
2,5,1,1,9,3,14,1,N,2,17734
1,6,1,1,3,3,44,1,N,2,8335
2,6,1,1,6,3,25,1,N,2,19144
2,6,2,2,9,7,16,1,N,2,17074
1,6,1,1,0,3,31,1,N,2,14980
2,4,1,2,N,N,58,1,N,2,22336
1,1,1,1,1,6,10,1,N,2,21140
2,1,1,2,1,11,36,1,N,2,25485
1,1,2,1,3,6,51,1,N,2,3883
1,3,1,2,1,7,54,1,N,2,19092
1,4,1,1,7,6,40,1,N,2,12139
2,1,1,2,1,5,4,1,N,2,18674
1,6,1,1,7,7,48,1,N,2,19104
2,1,1,1,N,3,16,1,N,2,27252
1,4,1,1,9,7,65,1,N,2,17727
2,1,6,2,3,8,0,1,N,2,16555
1,1,1,1,8,N,67,1,N,2,363
1,6,1,1,0,9,72,1,N,2,12746
2,6,1,1,N,3,44,1,N,2,11204
2,6,1,1,4,9,57,1,N,2,24631
2,1,1,1,3,N,58,1,N,2,15269
2,1,1,2,8,3,63,1,N,2,19583
2,1,6,1,3,3,2,1,N,2,27252
2,1,1,1,3,7,81,1,N,2,0
2,6,1,2,4,7,30,1,N,2,10564
1,1,1,1,5,N,48,1,N,2,19399
1,1,1,0,3,6,45,1,N,2,19594
1,1,1,1,2,N,30,1,N,2,20523
1,1,1,1,8,4,62,1,N,2,14780
2,6,2,1,8,7,21,1,N,2,17139
2,6,2,2,0,5,43,1,N,2,20478
2,1,9,1,7,7,90,1,N,2,10931
2,6,1,2,0,7,0,1,N,2,13216
2,1,1,1,9,7,33,1,N,2,20957
2,1,1,1,7,7,67,1,N,2,23671
1,6,1,2,8,7,50,1,N,2,27252
1,1,1,1,8,N,52,1,N,2,11124
2,4,1,1,N,7,46,1,N,2,21900
2,3,1,2,0,5,57,1,N,2,25823
1,1,1,1,5,9,63,1,N,2,10947
2,1,1,1,2,7,48,1,N,2,22901
2,6,2,1,1,4,7,1,N,2,11912
1,1,1,1,5,11,39,1,N,2,16610
1,6,1,2,5,9,24,1,N,2,13252
1,6,2,2,5,6,40,1,N,2,9593
1,4,2,1,8,N,77,1,N,2,2065
2,1,1,2,8,7,28,1,N,2,13870
1,6,1,1,5,6,57,1,N,2,17511
1,1,1,1,N,7,33,1,N,2,23603
1,N,2,2,5,12,46,1,N,2,24820
2,6,1,1,2,5,51,1,N,2,16609
1,6,1,1,2,5,41,1,N,2,22414
2,6,1,2,6,N,65,1,N,2,16302
1,6,1,1,5,7,8,1,N,2,4940
2,1,1,1,8,6,77,1,N,2,11011
2,1,1,2,3,5,6,1,N,2,21624
1,1,2,1,6,N,45,1,N,2,18078
2,1,1,1,2,7,34,1,N,2,15126
2,6,1,2,2,6,2,2,N,2,20712
2,1,1,1,N,3,37,1,N,2,27252
2,3,1,1,4,N,84,1,4,2,17382
2,1,2,2,0,6,69,1,N,2,17256
2,1,1,1,3,9,64,1,N,2,11262
2,1,1,0,9,N,74,1,N,2,12178
2,6,6,1,5,N,88,1,N,2,12767
2,1,1,1,9,N,42,1,N,2,5653
2,1,1,1,0,7,32,1,N,2,16369
2,1,1,1,N,N,67,1,N,2,17506
2,6,2,1,2,11,70,1,N,2,18185
1,1,2,2,6,5,15,1,N,1,7348
1,4,8,1,N,N,59,1,N,2,11957
2,6,2,1,5,6,52,1,N,2,14498
2,1,1,1,0,11,77,1,N,2,14176
2,2,1,1,6,N,46,1,N,2,681
2,4,9,2,9,6,86,1,N,2,14644
2,N,1,1,8,10,57,1,N,2,15972
2,6,2,2,3,N,18,1,N,2,15234
1,4,2,2,0,6,10,1,N,2,19797
2,1,2,1,9,4,72,1,N,2,24534
2,1,1,1,N,7,79,1,N,2,24422
2,1,1,1,9,7,52,1,N,2,26241
2,1,2,1,4,6,16,1,N,2,3073
2,1,1,1,6,11,59,1,N,2,20212
2,6,6,1,4,4,43,1,N,2,12599
2,1,1,1,2,N,45,3,N,2,7152
1,6,1,1,5,6,23,1,N,2,8426
2,6,1,1,9,7,81,1,N,2,9427
2,1,1,1,7,9,60,1,N,2,12116
1,5,1,1,2,5,40,1,N,2,7819
1,6,5,2,5,6,26,1,N,2,11858
1,1,1,1,8,7,62,1,N,2,24388
1,6,1,1,3,4,27,1,N,2,10808
2,6,1,0,5,1,19,1,N,2,16649
2,6,8,1,0,7,40,1,N,2,18642
2,6,2,2,1,8,14,1,N,2,10659
1,1,1,1,8,N,74,1,N,2,12215
1,1,1,1,9,7,36,1,N,2,27252
2,1,1,1,2,N,64,1,N,2,13246
1,1,1,1,0,7,26,1,N,2,15950
1,1,1,1,8,N,35,1,N,2,20846
1,6,1,2,1,5,21,1,N,2,19768
2,1,1,1,1,6,35,1,N,2,4988
2,6,2,1,8,N,10,1,N,2,12981
2,1,2,1,N,7,9,1,N,2,25797
2,6,2,2,0,7,46,1,N,2,15819
2,1,6,1,8,N,60,3,N,2,19528
1,6,1,1,8,N,60,1,N,2,15511
2,N,1,1,9,7,25,1,N,2,8437
1,1,1,1,6,N,35,1,N,2,10163
1,1,1,1,N,N,49,1,N,2,18483
2,1,1,1,N,7,30,1,N,2,27162
1,6,1,1,8,7,36,1,N,2,11922
1,3,1,1,N,N,69,1,N,2,0
2,6,1,2,2,7,29,1,N,2,19541
1,1,2,1,0,12,69,1,N,2,17475
2,1,1,1,4,10,0,1,N,2,19495
1,1,1,1,2,N,35,1,N,2,15103
1,1,1,1,8,3,60,1,N,2,27252
1,1,1,1,N,N,67,1,N,2,2321
2,1,2,1,5,5,41,1,N,2,11137
2,1,1,2,4,6,74,1,N,2,17741
2,1,1,2,4,6,36,1,N,2,0
2,6,1,2,7,7,14,1,N,2,606
1,6,1,2,N,3,79,1,N,2,1392
2,1,1,1,6,7,86,1,N,2,7066
1,1,1,1,2,10,24,1,N,2,12835
2,6,1,1,N,N,56,1,N,2,12357
1,6,3,1,6,6,36,1,N,2,18450
1,1,1,1,9,3,46,1,N,2,19637
2,6,2,1,7,7,26,1,N,2,12705
1,1,1,2,5,7,58,1,N,2,24403
1,6,1,1,9,6,42,1,N,2,24707
2,1,1,1,7,7,55,1,N,2,16927
2,1,1,1,6,3,47,1,N,2,2952
1,1,1,1,3,7,27,1,N,2,16941
2,6,1,0,9,7,85,1,N,2,17022
2,4,2,1,1,5,10,1,N,2,16373
2,1,1,1,2,N,1,1,N,2,27252
1,6,1,2,5,9,57,1,N,2,7018
2,1,1,2,7,6,43,1,N,2,7945
1,4,6,2,4,5,27,1,N,2,8411
1,3,2,2,0,3,24,1,N,2,18944
1,6,1,1,2,7,69,1,N,2,13722
1,6,1,2,8,3,64,1,N,2,12993
2,1,3,1,1,5,56,1,N,2,25037
1,4,1,1,4,1,27,1,N,2,14477
2,6,1,1,3,N,80,1,N,2,730
2,1,9,1,8,7,74,1,N,2,14204
2,6,1,2,7,7,9,1,N,2,19133
2,1,2,2,3,7,0,1,N,2,27252
1,4,4,1,3,N,80,1,N,2,21200
2,3,1,1,3,N,32,1,N,2,24679
1,1,1,2,0,6,11,1,N,2,12565
2,1,1,1,N,4,4,1,N,2,15050
2,6,1,0,0,4,0,1,N,2,24687
2,1,1,1,9,N,53,1,4,2,22630
2,1,1,1,5,9,87,1,N,2,13710
2,6,2,1,5,7,30,1,N,2,12729
2,3,1,1,0,5,55,1,N,2,19399
1,6,2,2,6,5,0,1,N,2,12126
2,1,1,1,2,8,57,1,N,2,1291
2,4,1,1,0,8,33,1,N,2,21291
2,1,1,1,8,9,86,1,5,2,7297
2,1,2,1,7,3,37,1,N,2,23895
1,1,1,1,9,7,74,1,N,2,2179
1,N,1,1,9,5,18,1,N,2,16617
2,6,1,1,6,7,30,1,N,2,14377
2,6,2,1,N,7,0,1,N,2,13326
1,6,1,1,3,2,36,1,1,2,23494
1,6,1,1,9,7,42,1,N,2,16645
2,1,5,1,4,12,39,1,N,2,0
1,1,1,1,9,3,52,1,N,2,18866
1,4,1,1,7,11,58,1,N,1,0
1,6,2,1,3,7,52,1,N,2,17543
2,1,1,1,7,3,66,1,N,2,8178
1,6,1,1,9,7,3,1,N,2,11680
1,6,2,1,9,7,33,1,N,2,24504
2,1,1,1,9,7,70,1,N,2,10037
2,6,1,1,3,7,4,1,N,2,23658
1,6,1,1,4,N,41,1,N,2,11057
2,1,1,1,3,7,27,1,N,2,18360
2,N,1,1,8,N,33,1,N,2,19876
2,1,2,1,N,7,95,1,N,2,11588
2,4,1,1,2,7,51,1,N,2,12302
1,4,2,1,6,7,15,1,N,2,21661
2,3,1,2,4,6,14,2,N,2,18679
1,6,1,1,2,7,47,1,N,2,7571
1,1,7,1,4,12,65,1,N,2,23507
1,1,1,1,8,7,70,1,N,2,23208
2,1,1,1,2,9,12,1,N,2,20370
1,1,1,1,8,7,15,1,N,2,8136
1,1,1,1,N,3,69,1,N,2,23777
2,6,1,2,5,N,90,3,N,1,25104
1,1,1,1,1,7,21,1,N,2,9760
2,6,1,1,4,5,17,1,N,2,5517
1,1,3,2,4,6,92,1,N,2,15788
1,1,1,1,5,8,31,1,N,2,21771
2,1,1,1,2,4,64,1,N,2,13721
2,1,1,1,2,7,50,1,N,2,11942
2,1,1,1,5,6,14,1,N,2,10268
2,1,1,1,2,7,50,1,N,2,13376
2,1,1,2,8,N,16,1,N,2,21236
2,6,2,2,1,7,28,1,N,2,22048
1,1,1,1,5,6,26,1,N,2,5490
1,1,1,1,3,N,58,1,N,2,23299
1,1,1,1,8,12,54,1,N,2,26758
2,6,1,1,0,7,72,1,N,2,9431
1,6,1,2,3,4,14,1,N,2,14595
2,1,3,1,3,8,53,1,N,2,16172
1,1,1,1,2,7,61,1,N,2,13570
1,1,1,1,8,2,64,1,N,2,14678
2,6,1,2,6,5,30,1,N,2,21111
1,4,2,2,9,12,57,1,N,2,15029
2,6,1,2,6,7,32,1,N,2,0
1,6,1,2,4,N,10,1,N,2,3790
2,1,1,1,6,7,60,1,N,2,2816
2,6,3,1,5,N,46,1,N,2,26890
2,5,1,1,2,6,63,1,N,2,26328
1,6,1,1,6,7,34,1,N,2,13080
1,1,1,1,3,8,47,1,N,2,14789
2,6,1,1,9,N,49,1,N,2,20379
2,6,1,2,2,7,52,1,N,2,21329
1,1,1,1,0,9,72,1,N,2,14930
2,1,6,1,8,7,59,1,N,2,20335
2,6,1,1,6,9,49,1,N,2,3875
2,6,1,1,9,11,15,1,N,2,18252
2,6,2,2,2,7,72,1,N,2,21239
2,1,1,1,2,8,69,1,N,2,13580
2,6,8,1,6,9,57,1,N,2,19092
1,6,2,1,8,N,31,1,N,2,15901
1,6,1,1,3,7,42,1,N,2,3875
2,1,1,2,5,7,73,1,N,2,18937
1,4,1,2,N,N,93,1,N,2,11712
2,6,1,1,5,6,45,1,N,2,9629
2,6,1,1,7,6,0,1,N,2,25774
2,6,1,1,6,6,52,1,N,2,22372
2,1,1,2,7,7,77,1,N,2,25898
2,6,1,0,6,7,3,1,N,2,24024
1,6,2,2,3,7,0,1,N,2,18289
2,6,2,1,0,7,20,1,N,2,22481
1,6,2,1,9,6,32,1,N,2,12478
2,1,1,1,9,7,88,1,N,2,3174
2,3,1,2,6,N,47,1,N,2,13456
1,1,1,1,9,5,63,1,N,2,14055
2,6,1,2,3,7,14,1,N,2,12135
1,1,1,1,7,8,62,1,N,2,23100
1,6,5,2,0,6,30,1,N,2,12030
2,6,3,2,6,6,32,1,N,2,17339
1,1,1,2,7,3,62,1,N,2,23692
1,1,1,1,8,12,27,1,N,2,27252
2,3,1,2,2,4,13,1,N,2,22592
2,2,1,1,5,6,39,1,N,2,17913
2,6,1,1,9,1,27,1,5,2,13732
1,1,1,1,0,9,47,1,N,2,8894
1,1,1,1,3,12,21,1,N,2,16051
2,6,1,2,N,7,30,1,N,2,23901
1,3,1,1,9,7,28,1,N,2,13312
2,1,1,1,7,7,59,1,N,2,13264
1,6,2,2,9,2,10,1,N,2,11061
2,1,1,1,9,3,57,1,N,2,27252
2,1,1,1,N,6,76,1,N,2,14301
1,4,6,1,1,7,20,2,N,2,8702
1,1,1,1,6,7,12,1,N,2,18052
2,1,1,1,N,7,73,1,N,2,23100
1,1,1,1,5,5,46,1,N,2,13510
2,1,1,1,7,6,61,1,N,2,21154
1,1,1,1,9,11,39,1,N,2,17024
2,1,1,1,8,N,13,1,N,2,14793
2,1,1,1,8,7,56,1,N,2,15228
2,1,1,2,0,3,19,1,N,1,19549
1,6,1,2,5,6,10,1,N,2,14515
2,1,1,1,9,N,81,1,N,2,1580
2,6,1,1,1,3,20,1,N,2,0
1,6,1,2,8,7,0,1,N,2,8217
2,4,2,1,4,7,56,1,N,2,12687
1,6,1,1,3,7,36,1,N,2,26270
2,6,2,2,2,7,12,1,N,2,24926
2,3,1,1,1,4,15,1,N,2,21489
2,6,1,1,0,9,26,1,N,2,837
1,3,1,1,7,N,70,1,N,2,15306
2,1,2,1,6,N,69,1,N,2,22664
1,6,1,2,2,4,23,1,N,2,15586
1,6,1,2,4,6,66,1,N,2,24194
1,1,1,1,1,5,83,1,N,2,24824
2,6,2,1,5,7,47,1,N,2,13679
1,1,1,1,0,3,57,1,N,2,16322
2,4,1,2,8,7,58,1,N,2,6521
1,6,1,1,4,7,30,1,N,2,27252
2,1,1,1,6,N,72,1,N,2,21987
1,1,1,1,7,12,52,1,N,2,16627
2,1,3,1,1,5,69,1,N,2,1987
1,1,1,1,3,6,54,1,N,2,18426
1,2,1,1,0,7,43,1,N,2,18452
2,2,1,1,3,9,0,1,N,2,2854
2,1,1,1,9,N,48,1,N,2,17343
2,1,1,2,N,N,82,1,N,2,19764
2,1,1,1,3,7,77,1,N,2,14447
1,1,1,1,N,2,45,1,N,2,14984
2,1,1,1,6,N,39,1,N,2,26322
2,4,1,1,5,6,37,1,N,2,20739
2,1,1,1,6,N,81,1,N,2,10185
1,6,6,1,9,5,35,1,N,2,11003
2,1,1,1,5,N,42,1,6,2,6410
2,1,1,1,N,N,39,1,N,2,22636
2,1,1,1,N,N,89,1,N,2,13701
1,1,1,1,3,N,80,1,N,2,12804
2,1,1,1,N,7,23,1,N,2,6543
1,1,6,1,3,7,33,1,N,2,11554
1,6,1,1,7,12,43,1,N,2,19896
1,1,3,0,2,4,20,1,N,2,15586
2,4,3,1,4,6,26,1,N,2,17111
2,1,1,2,7,9,2,1,N,2,16155
1,1,8,1,2,7,27,1,N,2,17601
1,1,1,1,7,7,42,1,N,2,23500
2,1,1,1,1,N,16,1,N,2,20135
1,6,1,0,6,7,10,1,N,2,2690
1,1,1,1,6,11,34,1,N,2,14023
1,6,2,1,1,4,0,1,N,2,14455
2,6,2,2,4,9,60,1,N,2,27252
1,3,5,2,3,6,19,1,N,2,12983
1,1,1,1,2,4,74,1,N,1,14561
2,1,1,1,9,3,54,1,N,2,24814
2,1,1,2,7,6,49,1,N,2,9942
2,1,1,2,2,7,13,1,N,2,9198
2,6,3,2,0,2,7,1,N,2,19819
2,6,2,1,5,5,44,1,N,2,22995
1,1,1,1,9,N,39,1,N,2,12878
1,6,1,1,1,N,16,1,N,2,27252
2,1,2,0,1,6,45,1,N,2,5580
2,1,1,2,0,9,55,1,N,2,11265
2,1,1,1,7,7,46,1,N,2,23659
2,1,1,1,N,7,70,1,N,2,13833
2,6,2,2,0,7,70,1,N,2,4567
1,6,2,1,7,11,51,1,N,2,22688
2,6,1,1,6,N,59,1,N,2,24671
2,1,1,1,3,3,65,1,N,2,22239
2,6,1,1,1,5,9,1,N,2,18837
1,2,5,0,7,12,54,1,N,1,23976
2,5,1,1,9,3,44,2,N,2,13745
1,6,9,2,6,N,72,1,N,2,17410
1,6,1,1,N,N,14,1,N,2,4738
1,6,1,0,2,6,43,1,N,2,14725
2,1,2,1,0,7,39,1,N,2,11316
1,1,1,1,9,9,60,1,N,2,19043
1,1,1,1,9,2,69,1,N,2,27004
1,6,2,0,4,5,31,1,N,2,24768
2,1,1,1,0,7,28,1,N,2,24538
2,1,1,1,6,1,69,1,N,2,23593
2,4,2,2,4,10,52,1,N,2,14525
1,5,1,1,2,5,36,1,N,2,4244
1,6,1,1,3,4,38,1,N,2,26084
1,3,2,1,7,7,17,1,N,2,19833
2,1,1,1,5,N,50,1,N,2,22152
2,1,5,1,1,4,0,1,N,2,24160
2,4,1,1,8,2,73,1,N,2,19730
2,6,1,1,3,7,61,1,N,2,14731
1,1,1,1,4,12,19,1,N,2,18448
1,1,1,2,6,6,28,1,N,2,27252
2,6,1,1,9,3,46,1,N,2,16656
1,1,1,1,0,N,60,1,N,2,12285
2,6,1,2,0,7,6,1,N,2,17921
2,1,1,1,8,7,52,1,N,2,11587
2,1,1,1,3,N,18,1,N,2,19332
2,1,1,1,4,N,28,1,N,2,27252
2,4,1,2,4,4,52,1,N,2,22411
1,1,2,1,7,6,37,1,N,2,17403
1,6,1,0,N,11,75,1,6,2,10373
1,1,1,2,1,3,16,1,N,2,13908
1,6,1,2,8,7,7,1,N,2,12327
1,6,8,2,2,5,43,1,N,2,5165
2,6,2,1,5,7,0,1,N,2,9925
1,6,2,2,7,4,4,1,N,2,19624
2,6,9,1,0,7,0,1,N,2,8527
1,6,1,2,8,7,50,1,N,2,25645
2,1,2,1,7,2,55,1,N,1,17594
2,1,1,1,9,7,66,1,N,2,21385
1,6,2,1,2,4,62,1,N,2,4450
2,3,1,1,N,N,53,1,N,2,20930
1,1,1,1,0,3,43,1,N,2,17221
1,4,1,1,N,7,41,1,N,2,27252
2,6,7,2,2,12,13,1,N,2,16758
2,1,7,1,5,N,81,1,N,2,27252
1,N,1,1,2,3,44,1,N,1,15529
2,1,2,2,0,8,39,1,N,2,22934
1,4,5,0,9,7,73,1,N,2,27238
1,1,6,1,9,N,73,1,N,1,17347
1,1,1,1,2,4,53,1,N,2,21049
2,6,1,1,6,7,62,1,N,2,14695
2,1,1,1,7,7,43,1,N,2,14525
1,1,1,1,3,7,31,1,N,2,22443
1,6,1,1,6,6,22,1,N,2,17426
2,1,1,1,N,7,63,1,N,2,19966
1,6,1,1,N,7,61,1,N,2,25703
1,1,3,2,2,N,51,1,N,2,14995
1,2,2,1,0,4,69,1,N,2,0
1,1,1,2,N,7,65,1,N,2,12619
2,1,1,2,7,8,55,1,N,2,5548
2,1,1,1,7,6,71,1,N,2,11742
1,2,1,1,0,2,8,1,N,2,7587
2,6,1,2,0,5,61,1,N,2,18283
2,1,1,1,2,7,2,1,N,2,16875
1,6,1,1,N,7,24,1,N,2,21877
2,1,1,1,3,6,57,1,N,2,7103
1,6,2,2,9,7,27,1,N,2,14932
2,6,1,2,2,5,14,1,N,2,6588
1,2,2,2,0,5,28,1,N,2,9944
1,1,1,1,8,2,51,1,N,2,6192
2,6,1,1,9,7,25,1,N,2,9742
1,1,1,1,2,6,27,1,N,2,8484
2,6,1,1,8,7,75,1,N,2,14691
1,1,1,1,4,11,62,1,N,2,14811
1,4,1,1,5,N,58,1,N,2,15420
2,2,1,1,4,7,47,1,N,2,11295
1,6,2,1,9,7,85,1,N,2,24534
2,6,1,1,1,10,46,1,N,2,22110
2,1,1,1,1,7,56,1,N,2,16271
2,4,1,1,3,5,32,1,N,2,8816
2,6,1,1,7,N,82,1,N,2,21537
1,4,9,1,7,7,56,1,N,2,20637
1,1,1,1,9,7,29,1,N,2,21399
1,6,1,1,0,10,31,1,N,2,20482
1,1,1,1,N,7,41,1,N,2,22156
2,4,1,1,6,11,61,1,N,2,9427
2,6,1,1,4,7,25,1,N,2,19046
2,6,2,1,9,5,14,1,N,2,18589
1,1,1,1,0,3,65,1,4,2,20351
2,1,1,1,4,6,38,1,N,2,22015
2,1,1,2,6,7,16,1,N,2,27252
1,6,1,2,0,6,29,1,N,2,11573
1,1,1,1,N,N,23,1,N,2,18377
2,6,1,2,4,11,14,1,N,2,15058
2,1,1,1,0,7,75,1,N,2,14521
2,1,6,2,3,9,74,1,N,2,8297
1,1,2,1,4,3,60,2,N,2,27252
1,1,1,2,N,7,31,1,N,2,15198
2,1,1,1,6,N,83,1,N,2,21175
2,1,1,1,7,3,54,1,N,2,16721
1,3,2,2,2,4,0,1,N,2,10254
2,3,1,1,6,4,25,1,N,2,11089
2,5,1,1,8,9,17,1,N,2,4025
2,1,1,1,6,7,33,1,N,2,23281
1,1,1,1,N,7,43,1,N,2,23428
2,1,1,1,4,N,44,1,N,2,24495
1,1,1,2,7,6,67,1,N,2,17397
2,3,1,1,5,3,63,1,N,2,21125
2,6,1,1,3,6,19,1,N,2,16149
2,6,6,2,0,7,46,1,N,2,25584
2,1,9,1,0,N,79,1,N,2,12914
2,6,1,1,0,7,5,1,N,2,4461
2,1,1,1,0,4,8,1,N,2,15791
2,6,7,1,0,1,20,1,2,2,16701
1,6,1,2,6,3,4,1,N,2,24289
1,6,2,2,2,N,3,1,N,2,27252
2,1,1,1,7,7,76,1,N,2,10762
1,1,1,1,5,1,56,1,N,2,19579
1,6,1,2,1,5,0,1,N,2,17177
2,1,2,1,2,6,75,1,N,2,19678
2,1,1,1,4,4,0,1,N,2,10501
1,1,6,1,9,N,31,1,N,2,16619
2,1,3,2,0,5,26,1,N,2,24241
1,6,2,0,0,2,16,1,N,2,9046
1,6,1,2,7,7,20,1,N,2,19467
1,6,2,1,N,N,12,1,6,2,24511
2,1,8,1,5,6,32,1,N,2,8007
1,6,2,1,0,7,24,1,N,2,7095
1,1,1,1,N,7,20,1,N,2,23563
2,1,1,1,N,N,69,1,N,2,17595
1,6,1,2,6,6,15,1,N,2,18857
1,1,1,1,9,7,85,1,N,2,9088
2,4,2,2,6,7,4,1,N,2,13183
1,1,1,2,9,7,33,1,N,2,19404
1,6,1,2,8,7,26,1,N,2,17151
1,4,1,2,5,6,30,1,N,2,3180
1,6,1,2,7,N,24,1,N,2,16788
2,1,1,1,5,5,35,1,N,2,16369
2,6,2,1,3,9,40,1,N,2,17931
2,6,2,1,2,7,81,3,N,2,0
2,1,9,1,N,7,74,1,N,2,27252
2,6,6,2,2,4,33,1,N,2,20959
1,1,1,1,N,7,25,1,N,2,16436
2,1,1,1,8,5,52,1,N,2,9784
2,4,3,1,9,7,95,1,N,2,14362
1,1,1,1,N,9,83,1,N,2,17197
2,6,1,2,6,7,31,1,N,2,21010
2,1,1,1,9,4,87,1,N,2,12175
2,1,1,2,1,7,23,1,N,2,23840
2,1,1,1,0,7,37,1,5,2,26830
2,1,1,1,4,6,68,1,N,2,25918
2,4,6,1,2,5,71,1,N,2,8345
2,6,1,1,0,N,18,1,N,2,14052
1,1,1,1,6,N,61,1,N,2,12868
2,1,1,1,N,5,42,1,N,2,25542
2,1,1,1,N,N,50,1,N,2,7506
1,6,2,2,0,6,30,1,N,2,17113
2,4,1,1,8,3,0,1,N,2,26492
1,6,1,1,9,7,41,1,N,2,22391
1,1,2,2,4,5,47,1,N,2,18297
1,N,1,1,8,7,37,1,N,2,10723
2,1,1,2,4,7,57,1,N,2,16608
1,6,1,2,3,4,5,1,N,2,9957
2,4,1,1,5,5,39,1,N,2,19199
2,1,1,1,9,12,81,1,N,2,20052
2,6,1,2,6,7,17,1,N,2,25310
