version https://git-lfs.github.com/spec/v1
oid sha256:d5747389961477d03a7969c607b1c96d371b25dece1911f97ba020779619c651
size 50
