version https://git-lfs.github.com/spec/v1
oid sha256:7ec45a58dea70c1d617eceb22efeb55db8ea1b9ee8854eb757e655ff628ec164
size 182
