version https://git-lfs.github.com/spec/v1
oid sha256:0ba9d012202488e0af35f1f1d306b242c5ebe2cc50f917d46450e1b0a5b19ad7
size 173
