,PUMA,AGEP,SEX,MSP,HISP,RAC1P,NOC,NPF,HOUSING_TYPE,OWN_RENT,DENSITY,INDP_CAT,EDU,PINCP_DECILE,DVET,DREM,DPHY,DEYE,DEAR
PUMA,-2.220446049250313e-16,-0.014585021850750463,0.026191005768246383,0.06316403864615444,-0.0921769208956862,0.08471872054558005,-0.05346708242862573,-0.07179694629075933,0.06149096360053268,0.0037335207544471703,0.015224450960869777,-0.021404005342268967,0.09029022695218343,0.019166856596590134,-0.019463011956182205,0.011258506385409369,0.024692452786034776,-0.009281952017937377,0.008655031626002308
AGEP,-0.014585021850750463,0.0,-0.062442390835553536,-0.1006960965690911,0.07617269040824481,0.03482231587315718,0.31077955175471933,0.20433390526265624,0.029610352430341203,0.08556219773871833,0.015080314502660867,-0.07107532724533328,-0.35445213416498267,-0.3787580109633381,-0.0929655408555343,-0.1253108961022453,0.006197364944648452,0.11399769410444408,0.18131674607219317
SEX,0.02619100576824638,-0.06244239083555354,0.0,0.04202746746355027,0.01834988989250488,0.00889784003585372,-0.012489362124481315,-0.015771562389254368,0.08213816498232447,-0.0211684329744573,-0.005228610091136303,-0.05164546008863903,-0.038475515125606194,0.05284210087419017,0.10926140757045158,-0.03424313084785919,0.01082943082564317,-0.013570827418082965,-0.04623015895467033
MSP,0.06316403864615444,-0.1006960965690911,0.04202746746355027,0.0,0.009192142602982248,-0.010192844195323646,0.4065666612343985,0.4140904335137082,-0.21292783667117188,0.005068688157378251,-0.05964151511863736,-0.269930209128834,-0.2047118981467773,-0.1894362408705961,0.016143736663379663,-0.20595793494793097,-0.19337293240438913,0.016106350367384604,0.002003727909706368
HISP,-0.0921769208956862,0.07617269040824481,0.01834988989250488,0.009192142602982246,1.1102230246251565e-16,-0.025849168890820576,-0.022984634865452963,-0.06137519298901753,0.049857608405432546,-0.1157439983109389,-0.15008462108444892,0.0040091125219397245,0.11843272000993793,0.08003163448084738,0.0998379127919968,-0.03904924167424577,-0.04968764620590615,-0.05475954331090544,-0.060726956578158284
RAC1P,0.08471872054558005,0.03482231587315719,0.00889784003585372,-0.010192844195323646,-0.025849168890820576,-1.1102230246251565e-16,0.007832015000295404,-0.07880890526367194,0.057457734008581354,-0.11993944936133118,-0.14874243960046138,0.0278120984463027,0.13202363374234988,0.1034348995578432,0.06572804419858913,-0.013688295004904476,-0.002586756836124221,-0.007668449949843673,-0.06872008525335158
NOC,-0.05346708242862573,0.31077955175471933,-0.012489362124481311,0.4065666612343985,-0.022984634865452963,0.007832015000295407,0.0,-0.6490562206965058,0.4773745903918306,-0.19692067344683786,0.06459068417338751,0.10601411178378298,0.21286455686766367,0.1852090531307427,0.07768921041683922,0.052902187027860086,-0.004646875316417984,-0.09455620318132568,-0.11706257795890407
NPF,-0.07179694629075933,0.2043339052626562,-0.015771562389254368,0.4140904335137082,-0.061375192989017516,-0.07880890526367196,-0.6490562206965057,2.220446049250313e-16,0.30421838589697076,-0.04220444044323895,0.028717841723643975,0.11571677145771135,0.24597830177628977,0.2203397499973542,0.053362323351864124,0.061686349193778606,0.01567494128902108,-0.0685067197300862,-0.09126165878174854
HOUSING_TYPE,0.06149096360053269,0.029610352430341214,0.08213816498232447,-0.21292783667117188,0.04985760840543254,0.057457734008581354,0.4773745903918306,0.3042183858969708,-2.220446049250313e-16,0.49715994738129055,0.004439946546574924,0.04049728013939678,0.017317635000831503,0.09163122452355914,0.0861272997332129,0.022047728973862667,-0.017837176009296726,-0.02866580547160025,-0.01586438758078765
OWN_RENT,0.0037335207544471685,0.08556219773871832,-0.021168432974457297,0.005068688157378258,-0.11574399831093891,-0.11993944936133118,-0.19692067344683786,-0.04220444044323895,0.4971599473812905,0.0,-0.16263983283701167,-0.07536973794373023,0.02153450603694484,0.0033182512617882798,0.012796398636644874,0.0027309068657632805,-0.0025008139470123845,0.015123947185218251,-0.03106422982894569
DENSITY,0.015224450960869773,0.015080314502660867,-0.005228610091136307,-0.05964151511863736,-0.15008462108444892,-0.14874243960046138,0.06459068417338751,0.028717841723643975,0.004439946546574921,-0.16263983283701167,-2.220446049250313e-16,-0.0775499497503978,-0.058771062683213755,-0.05103864716489369,0.05087122936119484,-0.04005110238852605,-0.026137562519282467,-0.02216443301456469,-0.06991658667617648
INDP_CAT,-0.021404005342268967,-0.07107532724533328,-0.05164546008863903,-0.269930209128834,0.004009112521939726,0.0278120984463027,0.10601411178378298,0.11571677145771135,0.04049728013939678,-0.07536973794373023,-0.0775499497503978,0.0,-0.35724377435585786,-0.34511234315764827,-0.011763723843969051,-0.22079456380314263,-0.24714965469381206,-0.048334437354837896,-0.06911217579858228
EDU,0.09029022695218343,-0.3544521341649827,-0.038475515125606194,-0.20471189814677726,0.11843272000993793,0.13202363374234988,0.21286455686766367,0.24597830177628977,0.017317635000831503,0.02153450603694484,-0.058771062683213755,-0.35724377435585786,0.0,-0.5270862119884031,-0.030653370837053145,-0.27867821284168376,-0.23879478759388115,-0.02923614596964787,0.009074998976836635
PINCP_DECILE,0.01916685659659013,-0.3787580109633381,0.05284210087419017,-0.1894362408705961,0.08003163448084738,0.1034348995578432,0.18520905313074268,0.2203397499973542,0.09163122452355915,0.0033182512617882833,-0.05103864716489369,-0.34511234315764827,-0.5270862119884031,0.0,-0.07748340769579998,-0.2409156195116002,-0.20009964167571742,-0.00023807295140424942,0.03734511414308262
DVET,-0.019463011956182205,-0.0929655408555343,0.10926140757045158,0.016143736663379663,0.0998379127919968,0.06572804419858913,0.07768921041683922,0.053362323351864124,0.08612729973321288,0.012796398636644874,0.05087122936119484,-0.011763723843969053,-0.03065337083705315,-0.07748340769579998,0.0,-0.04090447974597961,-0.0030587491022483135,0.007551958732248051,0.043704406820701994
DREM,0.011258506385409369,-0.1253108961022453,-0.03424313084785919,-0.20595793494793094,-0.039049241674245776,-0.013688295004904476,0.05290218702786009,0.061686349193778606,0.02204772897386266,0.0027309068657632805,-0.04005110238852604,-0.22079456380314263,-0.27867821284168376,-0.2409156195116002,-0.04090447974597961,2.220446049250313e-16,-0.5797403797904945,-0.09375715711203784,-0.08595556806788042
DPHY,0.024692452786034776,0.0061973649446484536,0.01082943082564317,-0.19337293240438913,-0.04968764620590615,-0.002586756836124214,-0.004646875316417998,0.01567494128902108,-0.017837176009296733,-0.002500813947012386,-0.026137562519282467,-0.24714965469381206,-0.23879478759388115,-0.20009964167571742,-0.0030587491022483135,-0.5797403797904945,0.0,-0.12413276112223431,-0.1120419953774188
DEYE,-0.009281952017937377,0.11399769410444408,-0.013570827418082965,0.01610635036738461,-0.05475954331090545,-0.007668449949843673,-0.09455620318132568,-0.0685067197300862,-0.028665805471600258,0.015123947185218253,-0.02216443301456469,-0.048334437354837896,-0.029236145969647874,-0.00023807295140424595,0.007551958732248051,-0.09375715711203784,-0.12413276112223431,2.220446049250313e-16,-0.235856189851425
DEAR,0.008655031626002308,0.18131674607219317,-0.04623015895467033,0.0020037279097063695,-0.060726956578158284,-0.06872008525335158,-0.11706257795890407,-0.09126165878174854,-0.015864387580787655,-0.03106422982894569,-0.06991658667617648,-0.06911217579858228,0.009074998976836633,0.037345114143082614,0.043704406820701994,-0.08595556806788043,-0.1120419953774188,-0.235856189851425,0.0
