version https://git-lfs.github.com/spec/v1
oid sha256:cdbc195670a9179029d05c0d111347516184eaeed8c767697e86f9bdf38736d8
size 642
