version https://git-lfs.github.com/spec/v1
oid sha256:813bdb6e549383068bd4b2bbc1a9af929d1ad8839489b26ae5ec719aeafced43
size 131
